3 0.8304687500000001 0.8968750000000001 0.1390625 0.20625000000000002
3 0.92890625 0.6804687500000001 0.1046875 0.1796875
1 0.44609375 0.7671875 0.035937500000000004 0.05625
1 0.4859375 0.74140625 0.021875000000000002 0.0328125
9 0.61875 0.596875 0.078125 0.05625
9 0.5921875 0.5625 0.084375 0.059375000000000004
6 0.6453125000000001 0.47109375000000003 0.1375 0.0734375
9 0.8140625 0.18281250000000002 0.053125000000000006 0.034375
9 0.7703125000000001 0.19062500000000002 0.053125000000000006 0.034375
9 0.92578125 0.19062500000000002 0.0484375 0.034375
7 0.94140625 0.16484375 0.0859375 0.051562500000000004
4 0.9500000000000001 0.09375 0.1 0.065625
1 0.6664062500000001 0.27109375 0.0203125 0.0328125
