3 0.42500000000000004 0.8390625 0.184375 0.07187500000000001
3 0.6570312500000001 0.9242187500000001 0.1953125 0.0734375
4 0.8992187500000001 0.83203125 0.15156250000000002 0.0765625
3 0.76953125 0.51484375 0.0421875 0.029687500000000002
4 0.73046875 0.509375 0.035937500000000004 0.040625
3 0.68125 0.51484375 0.043750000000000004 0.029687500000000002
3 0.8093750000000001 0.553125 0.046875 0.043750000000000004
3 0.7117187500000001 0.5515625000000001 0.0328125 0.03125
3 0.5375 0.51328125 0.03125 0.029687500000000002
3 0.47500000000000003 0.5140625 0.034375 0.03125
3 0.4265625 0.5140625 0.034375 0.03125
3 0.32343750000000004 0.5085937500000001 0.053125000000000006 0.0328125
3 0.27265625 0.50625 0.035937500000000004 0.03125
3 0.22421875000000002 0.5109375 0.035937500000000004 0.03125
4 0.16718750000000002 0.5046875000000001 0.040625 0.040625
3 0.54453125 0.5515625000000001 0.0421875 0.034375
4 0.3796875 0.56015625 0.040625 0.0390625
3 0.33437500000000003 0.5476562500000001 0.040625 0.0328125
3 0.2765625 0.5593750000000001 0.05 0.037500000000000006
3 0.28203125 0.5421875 0.0390625 0.03125
3 0.21484375 0.56171875 0.0484375 0.035937500000000004
3 0.23359375000000002 0.540625 0.0421875 0.040625
3 0.17890625000000002 0.54140625 0.0484375 0.0390625
3 0.15078125 0.56484375 0.051562500000000004 0.0390625
