3 0.9007812500000001 0.728125 0.13593750000000002 0.08750000000000001
3 0.92890625 0.6703125000000001 0.1234375 0.078125
3 0.859375 0.58515625 0.109375 0.0703125
3 0.65390625 0.69140625 0.11093750000000001 0.0703125
9 0.58828125 0.7367187500000001 0.045312500000000006 0.060937500000000006
1 0.5890625 0.728125 0.028125 0.053125000000000006
3 0.50703125 0.640625 0.07968750000000001 0.06875
3 0.6257812500000001 0.49609375 0.0734375 0.051562500000000004
4 0.415625 0.5625 0.10312500000000001 0.08125
4 0.50546875 0.49140625000000004 0.0890625 0.0703125
3 0.43828125 0.4375 0.0671875 0.034375
3 0.20703125 0.478125 0.0578125 0.05
3 0.096875 0.42109375000000004 0.065625 0.0421875
3 0.1453125 0.40156250000000004 0.0625 0.034375
3 0.25625000000000003 0.371875 0.05625 0.03125
4 0.12812500000000002 0.34921875 0.053125000000000006 0.0390625
3 0.16953125000000002 0.340625 0.0484375 0.03125
3 0.22734375 0.33515625000000004 0.045312500000000006 0.029687500000000002
3 0.17500000000000002 0.28046875 0.07187500000000001 0.0234375
4 0.11875000000000001 0.31328125 0.040625 0.0328125
4 0.096875 0.28046875 0.037500000000000006 0.0234375
3 0.0234375 0.28515625 0.040625 0.0234375
3 0.0140625 0.30312500000000003 0.028125 0.025
