3 0.49609375 0.55703125 0.0859375 0.1046875
3 0.35625 0.56484375 0.07500000000000001 0.1046875
3 0.34687500000000004 0.44843750000000004 0.06875 0.09062500000000001
3 0.45390625 0.37031250000000004 0.0671875 0.07500000000000001
3 0.33671875 0.24921875000000002 0.06406250000000001 0.0578125
0 0.69296875 0.45703125 0.026562500000000003 0.06406250000000001
0 0.70859375 0.434375 0.0203125 0.065625
3 0.34296875000000004 0.328125 0.0546875 0.05625
1 0.3484375 0.3640625 0.015625 0.040625
1 0.584375 0.5078125 0.021875000000000002 0.05625
9 0.35000000000000003 0.38203125000000004 0.015625 0.0328125
2 0.5859375 0.5320312500000001 0.021875000000000002 0.045312500000000006
3 0.43515625 0.31015625 0.0578125 0.0546875
3 0.42734375 0.253125 0.0578125 0.05
3 0.19921875 0.18984375 0.06406250000000001 0.0578125
3 0.109375 0.16328125000000002 0.09062500000000001 0.0390625
3 0.15937500000000002 0.15000000000000002 0.09062500000000001 0.034375
3 0.20546875 0.1265625 0.09531250000000001 0.040625
4 0.08125 0.11484375000000001 0.078125 0.0421875
3 0.26328125 0.08828125 0.029687500000000002 0.0328125
3 0.26328125 0.0734375 0.029687500000000002 0.034375
3 0.27109375 0.05078125 0.0328125 0.0328125
3 0.27578125000000003 0.03515625 0.026562500000000003 0.026562500000000003
3 0.27578125000000003 0.021875000000000002 0.026562500000000003 0.03125
3 0.340625 0.01953125 0.028125 0.026562500000000003
3 0.2234375 0.040625 0.025 0.025
3 0.21406250000000002 0.06953125 0.028125 0.026562500000000003
6 0.37265625 0.16171875000000002 0.0546875 0.0390625
1 0.2 0.0328125 0.009375000000000001 0.015625
2 0.2 0.04296875 0.009375000000000001 0.0171875
0 0.66015625 0.12265625000000001 0.0140625 0.0328125
9 0.65390625 0.12734375 0.0328125 0.0171875
0 0.5875 0.10234375000000001 0.00625 0.0328125
0 0.59609375 0.1046875 0.0078125 0.025
0 0.52109375 0.2578125 0.026562500000000003 0.053125000000000006
3 0.4921875 0.07578125000000001 0.0625 0.0328125
3 0.46328125000000003 0.053125000000000006 0.060937500000000006 0.025
3 0.44375000000000003 0.021875000000000002 0.059375000000000004 0.021875000000000002
0 0.9007812500000001 0.1296875 0.0140625 0.03125
0 0.89609375 0.12890625 0.0140625 0.0328125
0 0.9226562500000001 0.10703125000000001 0.0140625 0.0328125
3 0.98046875 0.12421875 0.010937500000000001 0.026562500000000003
1 0.6179687500000001 0.84765625 0.029687500000000002 0.0578125
9 0.6140625000000001 0.81796875 0.03125 0.0578125
9 0.6109375 0.84296875 0.043750000000000004 0.0765625
1 0.41015625 0.909375 0.0421875 0.06875
9 0.40703125 0.9296875 0.045312500000000006 0.084375
