3 0.93125 0.025 0.034375 0.025
9 0.8343750000000001 0.05 0.018750000000000003 0.018750000000000003
0 0.9390625 0.04453125 0.00625 0.026562500000000003
0 0.93125 0.04453125 0.0125 0.0234375
6 0.8953125000000001 0.059375000000000004 0.021875000000000002 0.028125
0 0.89765625 0.07500000000000001 0.010937500000000001 0.028125
0 0.91015625 0.07578125000000001 0.010937500000000001 0.029687500000000002
3 0.884375 0.11484375000000001 0.046875 0.0421875
3 0.9671875000000001 0.1171875 0.040625 0.037500000000000006
0 0.7921875 0.10078125 0.009375000000000001 0.029687500000000002
9 0.9453125 0.34296875000000004 0.046875 0.0328125
1 0.9460937500000001 0.33203125 0.026562500000000003 0.0484375
6 0.9515625000000001 0.31796875 0.053125000000000006 0.0421875
1 0.9398437500000001 0.30546875 0.0203125 0.045312500000000006
4 0.7000000000000001 0.12187500000000001 0.053125000000000006 0.043750000000000004
4 0.6515625 0.10859375 0.0625 0.0671875
3 0.671875 0.23750000000000002 0.12812500000000002 0.059375000000000004
3 0.66953125 0.44375000000000003 0.11093750000000001 0.084375
3 0.71640625 0.6734375 0.11093750000000001 0.15000000000000002
0 0.42734375 0.44765625000000003 0.0203125 0.0546875
3 0.525 0.6734375 0.15000000000000002 0.146875
7 0.54453125 0.51328125 0.07968750000000001 0.09843750000000001
3 0.515625 0.359375 0.14375000000000002 0.078125
3 0.22578125000000002 0.5750000000000001 0.18281250000000002 0.109375
3 0.12890625 0.6703125000000001 0.2546875 0.115625
3 0.07968750000000001 0.7601562500000001 0.15625 0.1265625
1 0.015625 0.46640625 0.028125 0.051562500000000004
3 0.06015625 0.18046875 0.1171875 0.0421875
3 0.28125 0.27968750000000003 0.14375000000000002 0.05625
6 0.26953125 0.30781250000000004 0.0765625 0.034375
1 0.28671875 0.296875 0.0234375 0.037500000000000006
1 0.26171875 0.28515625 0.0203125 0.035937500000000004
4 0.2390625 0.18046875 0.134375 0.0484375
9 0.1328125 0.1234375 0.021875000000000002 0.025
6 0.10703125000000001 0.1203125 0.0421875 0.034375
3 0.32656250000000003 0.14375000000000002 0.05 0.040625
3 0.3953125 0.18671875000000002 0.11875000000000001 0.045312500000000006
3 0.415625 0.15000000000000002 0.084375 0.040625
9 0.40625 0.20390625 0.046875 0.0234375
1 0.40546875000000004 0.19140625 0.0203125 0.035937500000000004
3 0.578125 0.13515625 0.06875 0.0421875
0 0.56015625 0.15156250000000002 0.0203125 0.040625
0 0.56875 0.15078125 0.015625 0.0328125
0 0.52734375 0.14609375 0.010937500000000001 0.035937500000000004
0 0.5164062500000001 0.14609375 0.010937500000000001 0.035937500000000004
9 0.51328125 0.140625 0.0203125 0.037500000000000006
6 0.53359375 0.16953125000000002 0.0671875 0.026562500000000003
1 0.5453125 0.16171875000000002 0.021875000000000002 0.026562500000000003
