3 0.6515625 0.48203125 0.084375 0.0578125
3 0.5296875 0.41875 0.06875 0.040625
3 0.6960937500000001 0.625 0.1390625 0.1
3 0.61875 0.5703125 0.10625000000000001 0.07187500000000001
3 0.48359375000000004 0.48671875000000003 0.06406250000000001 0.051562500000000004
3 0.45234375000000004 0.45546875000000003 0.060937500000000006 0.0484375
3 0.40468750000000003 0.4375 0.0625 0.046875
3 0.403125 0.41250000000000003 0.065625 0.046875
3 0.42734375 0.61875 0.1171875 0.109375
3 0.371875 0.5671875000000001 0.07500000000000001 0.07187500000000001
3 0.3515625 0.5296875 0.07500000000000001 0.0625
3 0.321875 0.48828125 0.053125000000000006 0.0484375
3 0.33437500000000003 0.41875 0.046875 0.040625
5 0.13984375000000002 0.553125 0.1390625 0.22812500000000002
5 0.14375000000000002 0.41796875 0.078125 0.0890625
5 0.13515625 0.36328125 0.1328125 0.1171875
