1 0.4421875 0.9703125 0.034375 0.037500000000000006
0 0.659375 0.95625 0.034375 0.05
0 0.68671875 0.9500000000000001 0.0328125 0.05625
0 0.671875 0.92734375 0.03125 0.0546875
9 0.9164062500000001 0.9226562500000001 0.0484375 0.0890625
0 0.71875 0.8359375 0.03125 0.043750000000000004
0 0.51875 0.8078125 0.03125 0.05
0 0.69296875 0.6953125 0.026562500000000003 0.053125000000000006
0 0.66015625 0.6890625 0.0234375 0.05
0 0.6429687500000001 0.6796875 0.026562500000000003 0.05625
9 0.690625 0.59921875 0.059375000000000004 0.0421875
1 0.6937500000000001 0.58359375 0.03125 0.0421875
0 0.53828125 0.52109375 0.026562500000000003 0.051562500000000004
3 0.5703125 0.47265625 0.15937500000000002 0.0671875
3 0.6921875000000001 0.37265625 0.153125 0.0734375
2 0.5359375000000001 0.41875 0.043750000000000004 0.043750000000000004
0 0.5296875 0.4140625 0.018750000000000003 0.05
0 0.43203125000000003 0.4390625 0.0171875 0.05
2 0.44609375 0.38984375000000004 0.0421875 0.045312500000000006
1 0.45156250000000003 0.384375 0.021875000000000002 0.040625
9 0.39453125 0.43203125000000003 0.029687500000000002 0.051562500000000004
1 0.39453125 0.41953125 0.0234375 0.0390625
9 0.31875000000000003 0.4890625 0.043750000000000004 0.05
1 0.31953125000000004 0.48125 0.029687500000000002 0.043750000000000004
9 0.29921875000000003 0.44921875 0.035937500000000004 0.0484375
1 0.296875 0.43593750000000003 0.021875000000000002 0.043750000000000004
3 0.46875 0.34140625 0.14375000000000002 0.07968750000000001
9 0.46875 0.2625 0.053125000000000006 0.034375
0 0.5593750000000001 0.22734375 0.021875000000000002 0.0421875
1 0.5593750000000001 0.21640625000000002 0.0125 0.0234375
0 0.58046875 0.1875 0.0203125 0.05
0 0.50546875 0.153125 0.0203125 0.05
0 0.4921875 0.15234375 0.015625 0.0484375
0 0.5203125000000001 0.1484375 0.015625 0.05
0 0.5421875 0.12734375 0.015625 0.051562500000000004
0 0.5671875000000001 0.10234375000000001 0.015625 0.0421875
0 0.47109375000000003 0.15000000000000002 0.0171875 0.043750000000000004
9 0.46953125 0.15390625000000002 0.051562500000000004 0.0328125
9 0.465625 0.12187500000000001 0.046875 0.03125
0 0.50546875 0.1203125 0.0171875 0.034375
0 0.44062500000000004 0.10625000000000001 0.015625 0.037500000000000006
0 0.41250000000000003 0.045312500000000006 0.015625 0.043750000000000004
0 0.40703125 0.01953125 0.0171875 0.035937500000000004
0 0.39687500000000003 0.0140625 0.015625 0.025
9 0.26875 0.2546875 0.021875000000000002 0.043750000000000004
9 0.27187500000000003 0.184375 0.025 0.05
9 0.27734375 0.09843750000000001 0.0171875 0.040625
9 0.29140625000000003 0.06171875 0.0203125 0.035937500000000004
9 0.26171875 0.049218750000000006 0.0171875 0.0390625
1 0.27109375 0.24765625000000002 0.0203125 0.0421875
1 0.2765625 0.25390625 0.015625 0.0328125
1 0.27265625 0.17734375000000002 0.0203125 0.0328125
1 0.27890625 0.0890625 0.0203125 0.034375
1 0.29140625000000003 0.053125000000000006 0.0203125 0.037500000000000006
1 0.26015625000000003 0.03828125 0.0203125 0.0328125
6 0.20859375000000002 0.11171875 0.035937500000000004 0.06406250000000001
1 0.20703125 0.09296875 0.026562500000000003 0.026562500000000003
0 0.53125 0.02734375 0.015625 0.0421875
4 0.1328125 0.29921875000000003 0.07500000000000001 0.1046875
0 0.29609375 0.21640625000000002 0.0171875 0.045312500000000006
0 0.31562500000000004 0.21015625000000002 0.015625 0.051562500000000004
1 0.3015625 0.21250000000000002 0.015625 0.025
