0 0.37578125 0.94921875 0.06406250000000001 0.1015625
0 0.08515625 0.89453125 0.0578125 0.19843750000000002
0 0.11328125 0.8523437500000001 0.051562500000000004 0.17343750000000002
0 0.4078125 0.7375 0.06875 0.16875
2 0.4453125 0.6875 0.153125 0.10312500000000001
2 0.1375 0.77109375 0.15625 0.1046875
2 0.15078125 0.7468750000000001 0.1484375 0.08750000000000001
2 0.2015625 0.7117187500000001 0.153125 0.11406250000000001
2 0.19375 0.671875 0.14375000000000002 0.096875
2 0.25625000000000003 0.6640625 0.134375 0.1125
2 0.22968750000000002 0.6351562500000001 0.13125 0.11406250000000001
2 0.246875 0.61484375 0.12812500000000002 0.1015625
2 0.2671875 0.58046875 0.14375000000000002 0.0859375
2 0.3609375 0.4625 0.115625 0.08125
0 0.29531250000000003 0.48281250000000003 0.05 0.125
0 0.32734375000000004 0.56796875 0.051562500000000004 0.1296875
0 0.3296875 0.6531250000000001 0.037500000000000006 0.153125
0 0.45078125 0.6742187500000001 0.060937500000000006 0.1609375
0 0.9234375 0.39765625000000004 0.043750000000000004 0.1234375
0 0.90234375 0.35781250000000003 0.0390625 0.09375
3 0.13046875 0.5203125000000001 0.1953125 0.14375000000000002
3 0.23359375000000002 0.43515625 0.1546875 0.11093750000000001
3 0.28046875 0.36328125 0.1421875 0.09531250000000001
3 0.33671875 0.31953125000000004 0.1171875 0.0921875
3 0.38515625000000003 0.278125 0.1015625 0.08125
3 0.41171875 0.2390625 0.0921875 0.07500000000000001
3 0.43593750000000003 0.21875 0.084375 0.07500000000000001
3 0.465625 0.19375 0.07187500000000001 0.059375000000000004
3 0.484375 0.17265625 0.06875 0.060937500000000006
3 0.5085937500000001 0.15625 0.060937500000000006 0.053125000000000006
3 0.5234375 0.1390625 0.065625 0.053125000000000006
3 0.5359375000000001 0.12187500000000001 0.05625 0.043750000000000004
3 0.546875 0.1078125 0.0625 0.046875
3 0.565625 0.1015625 0.046875 0.046875
3 0.57421875 0.09062500000000001 0.045312500000000006 0.040625
3 0.5859375 0.07187500000000001 0.05 0.037500000000000006
3 0.60078125 0.06171875 0.0421875 0.035937500000000004
0 0.453125 0.2890625 0.03125 0.084375
2 0.5125000000000001 0.21484375 0.021875000000000002 0.035937500000000004
2 0.546875 0.19062500000000002 0.034375 0.040625
2 0.6101562500000001 0.15937500000000002 0.0328125 0.034375
2 0.6195312500000001 0.15234375 0.0234375 0.0390625
0 0.59921875 0.209375 0.0234375 0.053125000000000006
9 0.5921875 0.25859375 0.046875 0.0671875
0 0.59140625 0.18671875000000002 0.0234375 0.060937500000000006
0 0.56953125 0.1875 0.0203125 0.059375000000000004
1 0.62890625 0.16796875 0.026562500000000003 0.029687500000000002
1 0.634375 0.1640625 0.021875000000000002 0.028125
0 0.6101562500000001 0.11796875000000001 0.0171875 0.045312500000000006
1 0.5671875000000001 0.040625 0.0125 0.03125
2 0.5671875000000001 0.04453125 0.0125 0.0234375
3 0.34218750000000003 0.20859375000000002 0.09062500000000001 0.060937500000000006
3 0.33437500000000003 0.14609375 0.07500000000000001 0.0484375
3 0.37031250000000004 0.1171875 0.0625 0.043750000000000004
3 0.40234375 0.10390625 0.051562500000000004 0.0390625
3 0.3796875 0.0859375 0.07187500000000001 0.03125
3 0.453125 0.07734375 0.053125000000000006 0.035937500000000004
3 0.48281250000000003 0.10312500000000001 0.053125000000000006 0.046875
3 0.50703125 0.08984375 0.0484375 0.0421875
3 0.51484375 0.040625 0.0328125 0.03125
3 0.4921875 0.0578125 0.040625 0.03125
3 0.46953125 0.03515625 0.035937500000000004 0.0328125
3 0.44921875 0.045312500000000006 0.0421875 0.03125
3 0.43359375 0.05390625 0.0421875 0.0328125
3 0.41875 0.06171875 0.043750000000000004 0.029687500000000002
4 0.39296875000000003 0.06328125 0.0484375 0.035937500000000004
3 0.3640625 0.08125 0.046875 0.037500000000000006
3 0.31953125000000004 0.10390625 0.0546875 0.0421875
3 0.28203125 0.11953125 0.0703125 0.0484375
3 0.22578125000000002 0.153125 0.07968750000000001 0.059375000000000004
3 0.08281250000000001 0.23046875 0.10312500000000001 0.0671875
1 0.56953125 0.010937500000000001 0.010937500000000001 0.015625
9 0.56953125 0.01640625 0.010937500000000001 0.0171875
3 0.07578125000000001 0.16640625 0.0859375 0.0546875
3 0.1421875 0.14609375 0.07500000000000001 0.0484375
3 0.24296875 0.10390625 0.0484375 0.0390625
4 0.17734375000000002 0.12265625000000001 0.0734375 0.0578125
4 0.21484375 0.1046875 0.0671875 0.053125000000000006
3 0.27265625 0.08671875000000001 0.051562500000000004 0.0328125
3 0.3046875 0.078125 0.053125000000000006 0.034375
3 0.32343750000000004 0.06875 0.053125000000000006 0.037500000000000006
3 0.34921875 0.06015625 0.0484375 0.035937500000000004
3 0.38125000000000003 0.04453125 0.046875 0.0328125
3 0.3984375 0.041406250000000006 0.037500000000000006 0.029687500000000002
3 0.41718750000000004 0.035937500000000004 0.040625 0.028125
3 0.42265625 0.010937500000000001 0.035937500000000004 0.021875000000000002
3 0.38593750000000004 0.0234375 0.037500000000000006 0.028125
3 0.33437500000000003 0.018750000000000003 0.03125 0.034375
2 0.27109375 0.026562500000000003 0.0140625 0.021875000000000002
1 0.26953125 0.018750000000000003 0.010937500000000001 0.015625
9 0.25234375000000003 0.02421875 0.0140625 0.0203125
1 0.25234375000000003 0.01953125 0.010937500000000001 0.0234375
3 0.18281250000000002 0.07109375 0.05 0.0328125
3 0.11875000000000001 0.09921875000000001 0.06875 0.0484375
3 0.22265625 0.022656250000000003 0.045312500000000006 0.029687500000000002
3 0.18984375 0.03515625 0.0390625 0.026562500000000003
4 0.17578125 0.02109375 0.0484375 0.035937500000000004
9 0.146875 0.05625 0.0125 0.025
1 0.14921875 0.05078125 0.0140625 0.029687500000000002
3 0.37031250000000004 0.0125 0.03125 0.025
4 0.3046875 0.04296875 0.05 0.0390625
4 0.296875 0.0328125 0.043750000000000004 0.03125
3 0.1015625 0.0703125 0.0625 0.034375
3 0.1171875 0.0390625 0.043750000000000004 0.028125
2 0.22578125000000002 0.0390625 0.0140625 0.015625
1 0.22578125000000002 0.025 0.010937500000000001 0.018750000000000003
3 0.08125 0.04453125 0.040625 0.029687500000000002
3 0.043750000000000004 0.08281250000000001 0.065625 0.040625
3 0.047656250000000004 0.051562500000000004 0.051562500000000004 0.034375
0 0.45078125 0.14375000000000002 0.0171875 0.05625
1 0.390625 0.1484375 0.021875000000000002 0.037500000000000006
1 0.2671875 0.21015625000000002 0.021875000000000002 0.060937500000000006
1 0.34765625 0.16718750000000002 0.0234375 0.040625
1 0.30078125 0.178125 0.026562500000000003 0.046875
1 0.25 0.22578125000000002 0.025 0.051562500000000004
1 0.2015625 0.21796875000000002 0.021875000000000002 0.06406250000000001
2 0.19921875 0.23046875 0.0234375 0.051562500000000004
2 0.2484375 0.23750000000000002 0.021875000000000002 0.053125000000000006
2 0.2671875 0.22734375 0.021875000000000002 0.051562500000000004
9 0.296875 0.18906250000000002 0.021875000000000002 0.040625
9 0.39296875000000003 0.1625 0.0234375 0.034375
1 0.44765625000000003 0.09296875 0.0171875 0.0328125
2 0.446875 0.10625000000000001 0.015625 0.03125
