3 0.36640625000000004 0.5703125 0.026562500000000003 0.03125
4 0.32109375 0.56171875 0.0234375 0.029687500000000002
1 0.02734375 0.9515625000000001 0.0140625 0.03125
9 0.02734375 0.96875 0.0140625 0.03125
0 0.146875 0.8695312500000001 0.021875000000000002 0.051562500000000004
1 0.2015625 0.9281250000000001 0.015625 0.037500000000000006
9 0.203125 0.93125 0.043750000000000004 0.03125
3 0.0890625 0.9109375000000001 0.0625 0.065625
1 0.17343750000000002 0.83125 0.015625 0.034375
9 0.17343750000000002 0.84921875 0.0125 0.0234375
3 0.03828125 0.6234375000000001 0.045312500000000006 0.03125
1 0.11328125 0.7820312500000001 0.0140625 0.026562500000000003
9 0.11328125 0.79609375 0.0140625 0.0234375
1 0.1078125 0.7453125 0.009375000000000001 0.021875000000000002
9 0.1078125 0.7609375 0.0125 0.025
1 0.13984375000000002 0.7078125000000001 0.010937500000000001 0.021875000000000002
9 0.13593750000000002 0.7195312500000001 0.0125 0.0203125
1 0.08125 0.6742187500000001 0.0125 0.0203125
9 0.08125 0.6882812500000001 0.009375000000000001 0.0171875
1 0.060937500000000006 0.6609375000000001 0.0125 0.015625
9 0.060937500000000006 0.6703125000000001 0.018750000000000003 0.018750000000000003
0 0.109375 0.65546875 0.0125 0.035937500000000004
1 0.1375 0.6078125000000001 0.009375000000000001 0.018750000000000003
9 0.1375 0.62109375 0.009375000000000001 0.0171875
1 0.15859375 0.62890625 0.0078125 0.0140625
1 0.15625 0.6234375000000001 0.009375000000000001 0.015625
9 0.15625 0.63671875 0.009375000000000001 0.0171875
9 0.1421875 0.6687500000000001 0.018750000000000003 0.037500000000000006
1 0.14140625 0.66796875 0.0140625 0.0171875
