0 0.1046875 0.7609375 0.028125 0.109375
0 0.12890625 0.9265625000000001 0.0421875 0.11875000000000001
0 0.084375 0.9007812500000001 0.043750000000000004 0.1046875
9 0.02734375 0.49296875 0.0421875 0.0765625
9 0.06875 0.503125 0.037500000000000006 0.078125
9 0.10078125 0.52265625 0.026562500000000003 0.06406250000000001
9 0.134375 0.52109375 0.037500000000000006 0.060937500000000006
9 0.1609375 0.43281250000000004 0.025 0.07187500000000001
9 0.05390625 0.30234375 0.0546875 0.060937500000000006
9 0.029687500000000002 0.37812500000000004 0.03125 0.059375000000000004
2 0.0578125 0.3765625 0.037500000000000006 0.0625
9 0.10078125 0.41875 0.0421875 0.078125
9 0.11406250000000001 0.37812500000000004 0.046875 0.07500000000000001
9 0.1796875 0.3828125 0.037500000000000006 0.07187500000000001
9 0.209375 0.38046875 0.03125 0.0671875
9 0.27734375 0.3140625 0.0546875 0.053125000000000006
9 0.09140625000000001 0.30234375 0.0421875 0.060937500000000006
9 0.140625 0.30234375 0.07500000000000001 0.0703125
9 0.17578125 0.31015625 0.0390625 0.06406250000000001
9 0.2171875 0.31171875000000004 0.03125 0.060937500000000006
2 0.0765625 0.23828125 0.0625 0.051562500000000004
6 0.15156250000000002 0.20078125000000002 0.12187500000000001 0.06406250000000001
9 0.14609375 0.24140625000000002 0.026562500000000003 0.060937500000000006
7 0.25625000000000003 0.18984375 0.10625000000000001 0.1015625
9 0.2828125 0.246875 0.06875 0.046875
9 0.21328125 0.23750000000000002 0.060937500000000006 0.053125000000000006
9 0.34453125 0.15390625000000002 0.0671875 0.0421875
1 0.34453125 0.14453125 0.0328125 0.0484375
9 0.3203125 0.08281250000000001 0.05 0.043750000000000004
1 0.3375 0.0765625 0.0125 0.043750000000000004
1 0.321875 0.06796875000000001 0.021875000000000002 0.045312500000000006
