3 0.75 0.23593750000000002 0.0125 0.009375000000000001
6 0.8625 0.90625 0.109375 0.059375000000000004
1 0.8453125 0.8968750000000001 0.028125 0.040625
3 0.7781250000000001 0.58515625 0.05 0.0546875
3 0.8390625 0.4890625 0.040625 0.040625
3 0.8890625000000001 0.50703125 0.0125 0.035937500000000004
4 0.7367187500000001 0.465625 0.035937500000000004 0.040625
3 0.6781250000000001 0.4296875 0.034375 0.037500000000000006
3 0.15781250000000002 0.6351562500000001 0.115625 0.0484375
3 0.20859375000000002 0.6046875 0.1296875 0.05
0 0.29921875000000003 0.690625 0.0203125 0.043750000000000004
9 0.10546875 0.60546875 0.045312500000000006 0.0328125
2 0.14765625000000002 0.578125 0.035937500000000004 0.025
3 0.40156250000000004 0.51796875 0.053125000000000006 0.045312500000000006
3 0.3921875 0.44765625000000003 0.046875 0.0328125
3 0.36015625 0.4265625 0.0421875 0.034375
3 0.509375 0.45625000000000004 0.046875 0.040625
3 0.5554687500000001 0.4078125 0.0390625 0.03125
3 0.584375 0.37890625 0.040625 0.026562500000000003
3 0.5890625 0.36015625 0.034375 0.029687500000000002
3 0.603125 0.34218750000000003 0.018750000000000003 0.021875000000000002
4 0.6359375 0.33671875 0.025 0.026562500000000003
3 0.6546875000000001 0.39296875000000003 0.028125 0.029687500000000002
3 0.5890625 0.31953125000000004 0.043750000000000004 0.0203125
3 0.7875000000000001 0.32421875 0.021875000000000002 0.0203125
3 0.90234375 0.38515625000000003 0.026562500000000003 0.026562500000000003
3 0.7109375 0.32578125 0.018750000000000003 0.0171875
3 0.7421875 0.30000000000000004 0.018750000000000003 0.015625
3 0.8359375 0.28828125 0.018750000000000003 0.0203125
3 0.82734375 0.2625 0.0140625 0.015625
3 0.8421875000000001 0.25078125 0.0125 0.010937500000000001
3 0.7117187500000001 0.28750000000000003 0.0171875 0.015625
3 0.7390625000000001 0.26796875000000003 0.015625 0.0140625
3 0.6546875000000001 0.28750000000000003 0.018750000000000003 0.015625
3 0.66328125 0.27421875 0.0171875 0.0171875
3 0.6734375 0.26171875 0.009375000000000001 0.0140625
0 0.6843750000000001 0.2828125 0.00625 0.015625
3 0.7125 0.25234375000000003 0.00625 0.0140625
3 0.7351562500000001 0.24609375 0.0203125 0.010937500000000001
3 0.7484375000000001 0.24609375 0.0125 0.010937500000000001
3 0.7601562500000001 0.23828125 0.010937500000000001 0.010937500000000001
3 0.70078125 0.22890625 0.0140625 0.010937500000000001
5 0.7156250000000001 0.2234375 0.015625 0.0125
0 0.7273437500000001 0.22421875000000002 0.0015625 0.0078125
3 0.73984375 0.22421875000000002 0.010937500000000001 0.0078125
3 0.75703125 0.2171875 0.0078125 0.009375000000000001
3 0.7625000000000001 0.2109375 0.015625 0.00625
3 0.790625 0.21250000000000002 0.0125 0.009375000000000001
3 0.8148437500000001 0.2171875 0.010937500000000001 0.00625
0 0.81953125 0.2484375 0.004687500000000001 0.009375000000000001
0 0.82421875 0.2484375 0.0078125 0.0125
3 0.81171875 0.20234375000000002 0.0078125 0.010937500000000001
3 0.7703125000000001 0.2 0.015625 0.00625
3 0.7312500000000001 0.20468750000000002 0.00625 0.00625
3 0.7289062500000001 0.21406250000000002 0.010937500000000001 0.00625
3 0.71484375 0.21328125 0.0078125 0.0078125
3 0.71484375 0.203125 0.0140625 0.009375000000000001
5 0.7359375 0.19609375 0.0125 0.0078125
3 0.7195312500000001 0.20546875 0.0078125 0.0078125
0 0.79453125 0.20625000000000002 0.004687500000000001 0.009375000000000001
