3 0.29296875 0.696875 0.0734375 0.08125
3 0.2109375 0.46015625000000004 0.05 0.0859375
3 0.22421875000000002 0.27109375 0.060937500000000006 0.0578125
4 0.22421875000000002 0.33359375 0.06406250000000001 0.0671875
3 0.53046875 0.76875 0.07968750000000001 0.043750000000000004
3 0.6976562500000001 0.8671875 0.07968750000000001 0.046875
3 0.60546875 0.8773437500000001 0.0890625 0.0546875
4 0.8835937500000001 0.8671875 0.07968750000000001 0.040625
3 0.7625000000000001 0.23671875 0.043750000000000004 0.08281250000000001
4 0.659375 0.26640625 0.07187500000000001 0.0390625
3 0.6570312500000001 0.31484375000000003 0.0734375 0.045312500000000006
4 0.65 0.35546875 0.06875 0.0390625
3 0.6492187500000001 0.3953125 0.0703125 0.034375
3 0.65390625 0.4390625 0.06406250000000001 0.034375
3 0.40859375000000003 0.6140625000000001 0.07968750000000001 0.043750000000000004
3 0.5398437500000001 0.63046875 0.0859375 0.0390625
4 0.8828125 0.6140625000000001 0.07187500000000001 0.043750000000000004
3 0.8812500000000001 0.56796875 0.084375 0.045312500000000006
3 0.8851562500000001 0.52109375 0.0859375 0.0421875
4 0.9 0.48281250000000003 0.07500000000000001 0.040625
3 0.9015625 0.34687500000000004 0.084375 0.040625
3 0.8875000000000001 0.2578125 0.084375 0.046875
3 0.8890625000000001 0.21406250000000002 0.084375 0.043750000000000004
6 0.79609375 0.87421875 0.0421875 0.0328125
