3 0.8343750000000001 0.43203125000000003 0.17500000000000002 0.0734375
3 0.9046875000000001 0.38359375 0.153125 0.060937500000000006
3 0.796875 0.33203125 0.12187500000000001 0.06406250000000001
3 0.7546875000000001 0.30546875 0.14375000000000002 0.0578125
3 0.8890625000000001 0.25703125 0.1125 0.045312500000000006
3 0.765625 0.2390625 0.07187500000000001 0.040625
2 0.5359375000000001 0.23671875 0.015625 0.029687500000000002
1 0.5375 0.23125 0.009375000000000001 0.03125
3 0.25234375000000003 0.33359375 0.0578125 0.06406250000000001
0 0.06328125 0.3953125 0.0203125 0.059375000000000004
3 0.359375 0.1234375 0.03125 0.03125
4 0.27578125000000003 0.13125 0.0421875 0.05
3 0.07421875 0.1703125 0.0421875 0.034375
3 0.09375 0.15000000000000002 0.037500000000000006 0.03125
3 0.17578125 0.06328125 0.026562500000000003 0.0234375
3 0.23515625 0.05234375 0.0234375 0.0171875
3 0.203125 0.025 0.018750000000000003 0.018750000000000003
3 0.25546875 0.010937500000000001 0.0203125 0.018750000000000003
0 0.17890625000000002 0.03515625 0.004687500000000001 0.0171875
0 0.16796875 0.039843750000000004 0.0078125 0.0140625
