3 0.33046875000000003 0.23515625 0.029687500000000002 0.026562500000000003
4 0.2828125 0.20625000000000002 0.025 0.03125
3 0.2984375 0.15234375 0.021875000000000002 0.0234375
5 0.43203125000000003 0.08515625 0.0328125 0.0484375
3 0.3484375 0.06171875 0.015625 0.0140625
3 0.30390625000000004 0.12421875 0.0203125 0.0140625
3 0.6117187500000001 0.12187500000000001 0.0203125 0.018750000000000003
3 0.5546875 0.11015625000000001 0.021875000000000002 0.0171875
4 0.371875 0.04609375 0.015625 0.0203125
5 0.64375 0.078125 0.025 0.034375
5 0.61640625 0.08281250000000001 0.0203125 0.03125
5 0.58984375 0.084375 0.0203125 0.025
3 0.58359375 0.09921875000000001 0.0203125 0.0140625
3 0.56953125 0.1046875 0.0203125 0.0125
