3 0.29140625000000003 0.6468750000000001 0.13593750000000002 0.08125
9 0.9929687500000001 0.23515625 0.0078125 0.010937500000000001
1 0.9929687500000001 0.23046875 0.0078125 0.010937500000000001
3 0.88671875 0.23750000000000002 0.0203125 0.021875000000000002
3 0.9164062500000001 0.2265625 0.0203125 0.018750000000000003
3 0.9164062500000001 0.22031250000000002 0.0203125 0.015625
3 0.8406250000000001 0.2890625 0.03125 0.025
3 0.81171875 0.28125 0.029687500000000002 0.025
3 0.7914062500000001 0.33203125 0.045312500000000006 0.0390625
3 0.75390625 0.309375 0.0703125 0.025
3 0.7578125 0.36328125 0.043750000000000004 0.0328125
3 0.9476562500000001 0.29531250000000003 0.029687500000000002 0.025
3 0.95859375 0.27734375 0.029687500000000002 0.0328125
3 0.8835937500000001 0.55078125 0.0734375 0.0671875
9 0.88046875 0.39765625000000004 0.010937500000000001 0.026562500000000003
0 0.8765625 0.3921875 0.015625 0.034375
9 0.8296875 0.46875 0.015625 0.03125
1 0.82734375 0.4625 0.0171875 0.034375
