3 0.43125 0.80234375 0.12187500000000001 0.1484375
3 0.3984375 0.67734375 0.096875 0.09843750000000001
3 0.51953125 0.64765625 0.11406250000000001 0.11406250000000001
1 0.20468750000000002 0.45937500000000003 0.021875000000000002 0.040625
6 0.17109375000000002 0.6078125000000001 0.08281250000000001 0.09375
3 0.2671875 0.44296875 0.13125 0.0546875
3 0.5710937500000001 0.46796875000000004 0.1546875 0.0578125
3 0.3609375 0.48281250000000003 0.14375000000000002 0.05625
3 0.42265625 0.3171875 0.0421875 0.034375
1 0.4078125 0.5359375000000001 0.034375 0.046875
1 0.46875 0.5632812500000001 0.037500000000000006 0.060937500000000006
9 0.209375 0.46796875000000004 0.059375000000000004 0.035937500000000004
9 0.41250000000000003 0.55 0.034375 0.043750000000000004
9 0.46640625 0.5765625 0.0328125 0.046875
1 0.15078125 0.3640625 0.0203125 0.034375
1 0.17500000000000002 0.36171875000000003 0.025 0.045312500000000006
1 0.20703125 0.36875 0.0203125 0.034375
1 0.21250000000000002 0.36796875 0.021875000000000002 0.0390625
9 0.15000000000000002 0.37421875000000004 0.021875000000000002 0.0328125
9 0.17421875 0.37265625 0.0203125 0.0328125
6 0.20625000000000002 0.37734375000000003 0.021875000000000002 0.0328125
3 0.24609375 0.33437500000000003 0.0421875 0.040625
3 0.16562500000000002 0.3296875 0.040625 0.043750000000000004
3 0.19062500000000002 0.3125 0.037500000000000006 0.037500000000000006
3 0.25078125 0.30703125000000003 0.0390625 0.035937500000000004
3 0.25703125 0.284375 0.0390625 0.034375
3 0.25390625 0.259375 0.029687500000000002 0.03125
3 0.25078125 0.24140625000000002 0.0328125 0.026562500000000003
3 0.33359375 0.24375000000000002 0.0328125 0.03125
0 0.4109375 0.253125 0.015625 0.034375
0 0.17421875 0.25234375000000003 0.0140625 0.0328125
0 0.30234375 0.22031250000000002 0.010937500000000001 0.028125
0 0.30859375 0.21484375 0.010937500000000001 0.026562500000000003
0 0.44609375 0.28984375 0.010937500000000001 0.0328125
0 0.45703125 0.284375 0.010937500000000001 0.034375
3 0.115625 0.22421875000000002 0.06875 0.0328125
3 0.13828125 0.19765625 0.0578125 0.029687500000000002
4 0.18671875000000002 0.209375 0.029687500000000002 0.03125
3 0.16718750000000002 0.17734375000000002 0.03125 0.0328125
3 0.21328125 0.184375 0.0234375 0.025
9 0.24375000000000002 0.18515625000000002 0.0125 0.0140625
1 0.24296875 0.17890625000000002 0.010937500000000001 0.0171875
3 0.3171875 0.15546875000000002 0.021875000000000002 0.0203125
3 0.265625 0.1375 0.021875000000000002 0.018750000000000003
3 0.23750000000000002 0.13671875 0.018750000000000003 0.0171875
3 0.2984375 0.11796875000000001 0.018750000000000003 0.0171875
3 0.27734375 0.10390625 0.0203125 0.0171875
4 0.4921875 0.3015625 0.065625 0.040625
3 0.50390625 0.28125 0.07968750000000001 0.034375
3 0.49140625000000004 0.26796875000000003 0.07968750000000001 0.0328125
3 0.46875 0.25859375 0.078125 0.0328125
3 0.4546875 0.24921875000000002 0.06875 0.026562500000000003
3 0.4609375 0.22734375 0.0625 0.0328125
3 0.45 0.21484375 0.059375000000000004 0.026562500000000003
3 0.4375 0.20703125 0.059375000000000004 0.0328125
3 0.41953125 0.16875 0.0421875 0.021875000000000002
3 0.403125 0.15859375 0.040625 0.0171875
3 0.38046875 0.13984375000000002 0.026562500000000003 0.0171875
3 0.15937500000000002 0.15156250000000002 0.053125000000000006 0.015625
3 0.14375000000000002 0.1421875 0.053125000000000006 0.015625
3 0.20546875 0.13671875 0.029687500000000002 0.0171875
1 0.1953125 0.14765625000000002 0.00625 0.0203125
