3 0.70859375 0.7992187500000001 0.1921875 0.1015625
4 0.9046875000000001 0.659375 0.07500000000000001 0.09062500000000001
0 0.35000000000000003 0.76171875 0.028125 0.07968750000000001
0 0.27421875 0.73359375 0.026562500000000003 0.0671875
0 0.2234375 0.7484375000000001 0.025 0.07187500000000001
0 0.23671875 0.7375 0.029687500000000002 0.0625
1 0.209375 0.9187500000000001 0.043750000000000004 0.065625
1 0.153125 0.9476562500000001 0.053125000000000006 0.0859375
1 0.13515625 0.9031250000000001 0.045312500000000006 0.065625
9 0.34453125 0.56796875 0.0578125 0.0390625
9 0.3359375 0.5554687500000001 0.05625 0.035937500000000004
9 0.3203125 0.5421875 0.053125000000000006 0.03125
6 0.81953125 0.5710937500000001 0.11093750000000001 0.051562500000000004
3 0.69453125 0.371875 0.1078125 0.040625
3 0.728125 0.40703125 0.11875000000000001 0.045312500000000006
3 0.7898437500000001 0.51875 0.1390625 0.0625
3 0.81640625 0.48671875000000003 0.1234375 0.0578125
9 0.796875 0.27890625 0.028125 0.0171875
9 0.78828125 0.2765625 0.029687500000000002 0.018750000000000003
9 0.821875 0.2671875 0.03125 0.021875000000000002
3 0.8851562500000001 0.1953125 0.0578125 0.021875000000000002
3 0.9007812500000001 0.34375 0.09531250000000001 0.034375
3 0.9140625 0.32343750000000004 0.084375 0.037500000000000006
3 0.915625 0.30546875 0.07500000000000001 0.0328125
