6 0.17578125 0.81171875 0.0921875 0.11093750000000001
9 0.24609375 0.7546875000000001 0.0578125 0.037500000000000006
3 0.8406250000000001 0.45703125 0.025 0.026562500000000003
3 0.7039062500000001 0.37265625 0.0171875 0.0140625
3 0.7109375 0.36562500000000003 0.0125 0.0125
3 0.7195312500000001 0.35468750000000004 0.0140625 0.0125
3 0.71640625 0.34375 0.0140625 0.0125
3 0.66796875 0.38671875 0.0203125 0.0203125
4 0.6781250000000001 0.37109375 0.021875000000000002 0.0203125
3 0.5710937500000001 0.38515625000000003 0.026562500000000003 0.0171875
8 0.7203125 0.32109375 0.0125 0.0171875
8 0.7546875000000001 0.30000000000000004 0.00625 0.0125
6 0.5750000000000001 0.5421875 0.021875000000000002 0.034375
9 0.50234375 0.56484375 0.010937500000000001 0.029687500000000002
9 0.80859375 0.41250000000000003 0.004687500000000001 0.009375000000000001
9 0.59296875 0.4609375 0.0078125 0.015625
9 0.8343750000000001 0.53046875 0.00625 0.0171875
9 0.85078125 0.5265625 0.0078125 0.015625
9 0.80625 0.48671875000000003 0.00625 0.0140625
9 0.8046875 0.44765625000000003 0.021875000000000002 0.0140625
0 0.6359375 0.42265625 0.00625 0.0203125
9 0.27968750000000003 0.7140625 0.040625 0.037500000000000006
9 0.47734375 0.5085937500000001 0.010937500000000001 0.0203125
9 0.6117187500000001 0.46406250000000004 0.010937500000000001 0.015625
9 0.7359375 0.47890625000000003 0.0125 0.0140625
0 0.7914062500000001 0.36484375 0.0078125 0.0140625
9 0.8140625 0.38203125000000004 0.00625 0.010937500000000001
9 0.7976562500000001 0.39375000000000004 0.0078125 0.009375000000000001
9 0.790625 0.41718750000000004 0.00625 0.0125
9 0.64609375 0.38359375 0.004687500000000001 0.010937500000000001
9 0.57265625 0.40468750000000003 0.0078125 0.0125
9 0.80078125 0.353125 0.0078125 0.009375000000000001
0 0.503125 0.55390625 0.009375000000000001 0.0234375
0 0.5703125 0.5328125 0.009375000000000001 0.018750000000000003
0 0.59140625 0.45234375000000004 0.0078125 0.0171875
0 0.6140625000000001 0.45703125 0.00625 0.0171875
0 0.790625 0.41250000000000003 0.00625 0.0125
0 0.7359375 0.46875 0.0125 0.018750000000000003
0 0.8367187500000001 0.5203125000000001 0.010937500000000001 0.018750000000000003
0 0.85078125 0.5171875 0.0078125 0.015625
0 0.80859375 0.44062500000000004 0.0078125 0.015625
0 0.81015625 0.40468750000000003 0.004687500000000001 0.0125
0 0.7992187500000001 0.390625 0.0078125 0.015625
0 0.8148437500000001 0.37890625 0.004687500000000001 0.0171875
0 0.8 0.34921875 0.00625 0.010937500000000001
0 0.8093750000000001 0.478125 0.00625 0.0125
0 0.88828125 0.56953125 0.010937500000000001 0.026562500000000003
2 0.8890625000000001 0.578125 0.015625 0.025
0 0.7734375 0.43359375 0.00625 0.0203125
4 0.753125 0.36484375 0.018750000000000003 0.0234375
0 0.58828125 0.40625 0.0078125 0.015625
1 0.6312500000000001 0.39765625000000004 0.00625 0.0171875
0 0.64765625 0.38125000000000003 0.0015625 0.0125
0 0.6585937500000001 0.39609375 0.004687500000000001 0.0140625
0 0.6585937500000001 0.371875 0.004687500000000001 0.0125
0 0.50546875 0.48984375 0.010937500000000001 0.035937500000000004
0 0.8460937500000001 0.43671875000000004 0.010937500000000001 0.0234375
7 0.828125 0.43046875 0.021875000000000002 0.026562500000000003
