3 0.203125 0.8078125 0.1375 0.13125
3 0.28046875 0.5906250000000001 0.07968750000000001 0.059375000000000004
3 0.1859375 0.42109375000000004 0.059375000000000004 0.0484375
3 0.15859375 0.33437500000000003 0.0484375 0.040625
3 0.07265625 0.31015625 0.0484375 0.0421875
3 0.05390625 0.12890625 0.0421875 0.026562500000000003
4 0.47734375 0.84296875 0.1171875 0.11406250000000001
4 0.4 0.5906250000000001 0.109375 0.096875
4 0.12734375 0.22578125000000002 0.0328125 0.035937500000000004
3 0.6265625 0.8773437500000001 0.1375 0.1171875
5 0.1125 0.6078125000000001 0.109375 0.146875
5 0.328125 0.484375 0.1 0.09062500000000001
0 0.44062500000000004 0.51015625 0.015625 0.0328125
0 0.48281250000000003 0.5203125000000001 0.015625 0.034375
2 0.44062500000000004 0.5265625 0.021875000000000002 0.034375
2 0.48046875 0.53671875 0.0203125 0.0328125
3 0.6898437500000001 0.17265625 0.051562500000000004 0.0203125
3 0.6765625000000001 0.1640625 0.053125000000000006 0.021875000000000002
3 0.696875 0.15625 0.053125000000000006 0.021875000000000002
3 0.77109375 0.1625 0.0546875 0.018750000000000003
3 0.7742187500000001 0.17500000000000002 0.0546875 0.018750000000000003
3 0.81640625 0.1875 0.0546875 0.018750000000000003
3 0.83515625 0.1953125 0.0546875 0.018750000000000003
3 0.6843750000000001 0.14921875 0.053125000000000006 0.0171875
3 0.65390625 0.1390625 0.0546875 0.018750000000000003
3 0.5945312500000001 0.13984375000000002 0.0546875 0.0171875
3 0.6062500000000001 0.0859375 0.046875 0.018750000000000003
3 0.6359375 0.09062500000000001 0.043750000000000004 0.015625
3 0.6515625 0.09375 0.043750000000000004 0.015625
3 0.6625000000000001 0.1 0.043750000000000004 0.015625
3 0.6781250000000001 0.10312500000000001 0.037500000000000006 0.015625
3 0.690625 0.10546875 0.037500000000000006 0.0140625
4 0.57578125 0.10703125000000001 0.035937500000000004 0.0171875
4 0.909375 0.215625 0.07187500000000001 0.025
4 0.9296875 0.22265625 0.06875 0.026562500000000003
4 0.95859375 0.23046875 0.0734375 0.026562500000000003
3 0.94140625 0.259375 0.06406250000000001 0.025
3 0.97265625 0.27265625 0.051562500000000004 0.026562500000000003
4 0.8625 0.19843750000000002 0.059375000000000004 0.025
4 0.90390625 0.1640625 0.0578125 0.025
3 0.95625 0.17500000000000002 0.053125000000000006 0.018750000000000003
3 0.859375 0.1546875 0.053125000000000006 0.018750000000000003
3 0.82734375 0.13984375000000002 0.0546875 0.0171875
4 0.60078125 0.0703125 0.0390625 0.018750000000000003
