5 0.55703125 0.8171875000000001 0.1265625 0.13125
5 0.696875 0.7375 0.096875 0.08125
5 0.7203125 0.7992187500000001 0.1 0.11406250000000001
5 0.7984375 0.7453125 0.08125 0.07500000000000001
0 0.8343750000000001 0.765625 0.015625 0.034375
3 0.84375 0.86640625 0.05 0.0578125
3 0.8562500000000001 0.84296875 0.046875 0.0421875
3 0.8609375 0.8250000000000001 0.037500000000000006 0.040625
5 0.8718750000000001 0.765625 0.046875 0.05
5 0.890625 0.70859375 0.07500000000000001 0.09843750000000001
3 0.9296875 0.7390625000000001 0.034375 0.025
3 0.9851562500000001 0.7265625 0.0203125 0.025
3 0.9484375 0.7312500000000001 0.021875000000000002 0.025
