3 0.18125000000000002 0.77265625 0.225 0.09531250000000001
3 0.2546875 0.70859375 0.203125 0.0921875
3 0.30781250000000004 0.659375 0.1875 0.084375
3 0.353125 0.603125 0.18125000000000002 0.084375
3 0.40078125000000003 0.5593750000000001 0.15156250000000002 0.078125
3 0.2390625 0.50703125 0.096875 0.06406250000000001
3 0.60546875 0.3515625 0.1296875 0.065625
3 0.65546875 0.33046875000000003 0.11406250000000001 0.0578125
3 0.65390625 0.2703125 0.09531250000000001 0.046875
4 0.6296875000000001 0.284375 0.1125 0.05625
4 0.5281250000000001 0.40156250000000004 0.140625 0.06875
4 0.43359375 0.51328125 0.1796875 0.0765625
4 0.1265625 0.84765625 0.234375 0.11406250000000001
5 0.70625 0.18046875 0.065625 0.08281250000000001
4 0.80859375 0.11484375000000001 0.07968750000000001 0.0390625
5 0.8695312500000001 0.09140625000000001 0.0546875 0.0484375
5 0.8187500000000001 0.08359375000000001 0.046875 0.0328125
3 0.7984375 0.030468750000000003 0.037500000000000006 0.0328125
5 0.7937500000000001 0.051562500000000004 0.08125 0.046875
5 0.8359375 0.032031250000000004 0.037500000000000006 0.035937500000000004
5 0.87109375 0.02890625 0.029687500000000002 0.0484375
5 0.90390625 0.022656250000000003 0.06406250000000001 0.0328125
5 0.91015625 0.035937500000000004 0.0328125 0.034375
3 0.6976562500000001 0.8640625000000001 0.2234375 0.1
3 0.72578125 0.7828125 0.2171875 0.09062500000000001
3 0.74140625 0.71484375 0.19843750000000002 0.0859375
3 0.7757812500000001 0.66171875 0.1796875 0.07968750000000001
4 0.78046875 0.6023437500000001 0.18281250000000002 0.08281250000000001
0 0.8304687500000001 0.5632812500000001 0.0203125 0.0484375
0 0.9500000000000001 0.5390625 0.021875000000000002 0.05
4 0.83125 0.53828125 0.1625 0.0765625
3 0.85078125 0.5 0.1640625 0.07187500000000001
4 0.8562500000000001 0.46015625000000004 0.15000000000000002 0.060937500000000006
4 0.8671875 0.42578125 0.12812500000000002 0.051562500000000004
4 0.8757812500000001 0.40468750000000003 0.1328125 0.05625
4 0.8968750000000001 0.37265625 0.12812500000000002 0.0578125
4 0.90546875 0.33984375 0.11093750000000001 0.0421875
4 0.9046875000000001 0.31875000000000003 0.1125 0.040625
4 0.91796875 0.3046875 0.11406250000000001 0.046875
4 0.9226562500000001 0.284375 0.11093750000000001 0.043750000000000004
4 0.9359375000000001 0.26328125 0.1 0.0328125
4 0.94453125 0.25 0.1046875 0.037500000000000006
4 0.95625 0.23125 0.08750000000000001 0.034375
