0 0.49765625 0.08125 0.0328125 0.08750000000000001
0 0.5164062500000001 0.08359375000000001 0.026562500000000003 0.07968750000000001
0 0.521875 0.13515625 0.03125 0.0890625
0 0.59921875 0.11640625 0.0328125 0.08281250000000001
0 0.5632812500000001 0.10859375 0.029687500000000002 0.08281250000000001
0 0.56015625 0.12812500000000002 0.026562500000000003 0.08125
0 0.7171875000000001 0.09531250000000001 0.03125 0.084375
0 0.8296875 0.11640625 0.021875000000000002 0.0765625
0 0.8445312500000001 0.1328125 0.026562500000000003 0.084375
0 0.2765625 0.4625 0.03125 0.08125
1 0.73984375 0.47968750000000004 0.045312500000000006 0.05
1 0.77890625 0.47578125000000004 0.035937500000000004 0.051562500000000004
9 0.828125 0.40546875000000004 0.08125 0.060937500000000006
9 0.6875 0.3125 0.07187500000000001 0.05
2 0.73359375 0.34375 0.045312500000000006 0.059375000000000004
0 0.26406250000000003 0.05859375 0.028125 0.0671875
0 0.134375 0.1125 0.018750000000000003 0.05
