3 0.9382812500000001 0.0703125 0.0484375 0.065625
3 0.8500000000000001 0.034375 0.05625 0.06875
3 0.91953125 0.1421875 0.0546875 0.08125
3 0.88046875 0.24609375 0.0765625 0.0921875
3 0.69453125 0.09375 0.0671875 0.07187500000000001
4 0.775 0.14609375 0.084375 0.11093750000000001
4 0.7210937500000001 0.25 0.0859375 0.12812500000000002
3 0.62890625 0.17343750000000002 0.09843750000000001 0.08750000000000001
3 0.57265625 0.265625 0.1046875 0.11875000000000001
3 0.8765625 0.36953125000000003 0.08750000000000001 0.1203125
3 0.83359375 0.515625 0.1046875 0.153125
3 0.784375 0.7109375 0.13125 0.19687500000000002
3 0.6664062500000001 0.43671875000000004 0.1203125 0.13593750000000002
3 0.5984375000000001 0.58359375 0.134375 0.1703125
3 0.48828125 0.77890625 0.1703125 0.2171875
3 0.23515625 0.8421875000000001 0.23593750000000002 0.259375
3 0.3765625 0.6109375 0.15937500000000002 0.18125000000000002
3 0.49921875000000004 0.39453125 0.1203125 0.1296875
3 0.8109375000000001 0.084375 0.07187500000000001 0.06875
