3 0.665625 0.6351562500000001 0.07500000000000001 0.0921875
3 0.55625 0.375 0.06875 0.084375
3 0.6734375 0.032031250000000004 0.037500000000000006 0.0484375
1 0.81796875 0.084375 0.0140625 0.018750000000000003
1 0.81796875 0.08281250000000001 0.0140625 0.025
1 0.13125 0.30234375 0.021875000000000002 0.0328125
1 0.11875000000000001 0.30546875 0.021875000000000002 0.0328125
9 0.134375 0.30781250000000004 0.053125000000000006 0.028125
9 0.8187500000000001 0.08984375 0.015625 0.026562500000000003
0 0.99140625 0.0234375 0.010937500000000001 0.034375
