3 0.7054687500000001 0.8671875 0.18906250000000002 0.15000000000000002
4 0.675 0.7210937500000001 0.146875 0.1390625
3 0.6062500000000001 0.65 0.225 0.08750000000000001
3 0.67890625 0.59296875 0.1921875 0.0859375
3 0.63984375 0.55234375 0.2078125 0.0765625
3 0.66171875 0.49453125000000003 0.18906250000000002 0.0671875
3 0.59921875 0.4734375 0.15781250000000002 0.065625
3 0.584375 0.45234375000000004 0.15937500000000002 0.060937500000000006
3 0.62421875 0.42734375 0.1421875 0.0546875
3 0.49843750000000003 0.41328125000000004 0.140625 0.0578125
3 0.47265625 0.38906250000000003 0.1234375 0.05
3 0.47109375000000003 0.3640625 0.11406250000000001 0.040625
4 0.45937500000000003 0.34296875000000004 0.10625000000000001 0.0421875
4 0.45234375000000004 0.32656250000000003 0.0859375 0.040625
4 0.42265625 0.31640625 0.0890625 0.0421875
3 0.4578125 0.30234375 0.115625 0.0390625
4 0.3609375 0.33125000000000004 0.043750000000000004 0.05625
3 0.28984375 0.3296875 0.0484375 0.043750000000000004
4 0.40937500000000004 0.27968750000000003 0.08750000000000001 0.046875
3 0.45390625 0.27890625 0.0859375 0.035937500000000004
3 0.40546875000000004 0.25390625 0.0765625 0.029687500000000002
3 0.390625 0.24453125 0.07500000000000001 0.0328125
3 0.3921875 0.23125 0.078125 0.025
3 0.3828125 0.22421875000000002 0.07500000000000001 0.026562500000000003
4 0.38359375 0.21328125 0.0734375 0.029687500000000002
4 0.3671875 0.20546875 0.053125000000000006 0.0234375
3 0.40468750000000003 0.19843750000000002 0.05625 0.025
3 0.38359375 0.18906250000000002 0.029687500000000002 0.021875000000000002
4 0.38125000000000003 0.178125 0.028125 0.025
3 0.371875 0.171875 0.028125 0.021875000000000002
4 0.371875 0.1609375 0.025 0.025
4 0.3640625 0.1546875 0.021875000000000002 0.021875000000000002
3 0.42421875000000003 0.1640625 0.0328125 0.025
0 0.0671875 0.5421875 0.021875000000000002 0.065625
0 0.08671875000000001 0.5390625 0.026562500000000003 0.065625
0 0.08203125 0.56015625 0.026562500000000003 0.0703125
4 0.2 0.5796875 0.09062500000000001 0.115625
3 0.07265625 0.375 0.09531250000000001 0.05
3 0.09609375 0.34453125 0.0734375 0.0546875
4 0.09453125000000001 0.31562500000000004 0.09843750000000001 0.043750000000000004
3 0.1125 0.29140625000000003 0.096875 0.035937500000000004
3 0.1125 0.28203125 0.1 0.035937500000000004
0 0.1546875 0.36171875000000003 0.015625 0.051562500000000004
0 0.16171875000000002 0.31484375000000003 0.010937500000000001 0.0421875
0 0.16875 0.31171875000000004 0.0125 0.045312500000000006
3 0.13593750000000002 0.26015625000000003 0.084375 0.0328125
3 0.14609375 0.2484375 0.09531250000000001 0.034375
5 0.146875 0.22421875000000002 0.1 0.035937500000000004
4 0.15000000000000002 0.21250000000000002 0.0625 0.03125
3 0.1609375 0.20625000000000002 0.07187500000000001 0.025
4 0.15078125 0.19687500000000002 0.0328125 0.025
3 0.1765625 0.18671875000000002 0.03125 0.026562500000000003
3 0.1609375 0.1765625 0.03125 0.021875000000000002
1 0.22890625 0.21171875 0.010937500000000001 0.0234375
9 0.22734375 0.22031250000000002 0.010937500000000001 0.021875000000000002
1 0.21250000000000002 0.18828125 0.00625 0.0171875
9 0.21250000000000002 0.19609375 0.00625 0.0171875
4 0.27187500000000003 0.17734375000000002 0.028125 0.026562500000000003
1 0.31328125 0.184375 0.010937500000000001 0.021875000000000002
9 0.31328125 0.18984375 0.010937500000000001 0.0234375
0 0.3015625 0.14140625 0.00625 0.0234375
4 0.34375 0.1296875 0.037500000000000006 0.018750000000000003
4 0.0734375 0.18046875 0.046875 0.029687500000000002
3 0.109375 0.17343750000000002 0.03125 0.025
4 0.1484375 0.16796875 0.059375000000000004 0.029687500000000002
4 0.11015625000000001 0.1625 0.051562500000000004 0.021875000000000002
3 0.1234375 0.15859375 0.05625 0.0234375
3 0.1546875 0.14609375 0.043750000000000004 0.0234375
3 0.15781250000000002 0.1296875 0.040625 0.018750000000000003
1 0.1921875 0.13046875 0.00625 0.0171875
6 0.19687500000000002 0.13359375 0.021875000000000002 0.0140625
4 0.38515625000000003 0.13046875 0.0390625 0.0203125
3 0.45 0.15156250000000002 0.025 0.021875000000000002
4 0.41328125000000004 0.14765625000000002 0.029687500000000002 0.0234375
3 0.47968750000000004 0.15078125 0.028125 0.0234375
0 0.5 0.23671875 0.009375000000000001 0.0328125
0 0.52265625 0.234375 0.0078125 0.028125
9 0.5484375 0.3015625 0.040625 0.025
0 0.6390625000000001 0.3359375 0.009375000000000001 0.03125
0 0.5890625 0.33671875 0.0125 0.045312500000000006
6 0.57734375 0.3328125 0.0859375 0.043750000000000004
9 0.6234375000000001 0.37031250000000004 0.046875 0.028125
