3 0.9460937500000001 0.06796875000000001 0.0328125 0.029687500000000002
3 0.9539062500000001 0.02890625 0.0328125 0.026562500000000003
3 0.9476562500000001 0.12187500000000001 0.035937500000000004 0.034375
4 0.8953125000000001 0.0578125 0.03125 0.040625
0 0.7468750000000001 0.03515625 0.00625 0.0234375
0 0.74140625 0.034375 0.0078125 0.021875000000000002
0 0.6648437500000001 0.0484375 0.0078125 0.025
0 0.65390625 0.043750000000000004 0.010937500000000001 0.025
0 0.628125 0.06406250000000001 0.0125 0.028125
0 0.60859375 0.06796875000000001 0.0078125 0.0203125
0 0.6015625 0.0671875 0.0125 0.028125
0 0.05234375 0.434375 0.026562500000000003 0.05625
0 0.09531250000000001 0.484375 0.021875000000000002 0.059375000000000004
0 0.19921875 0.8968750000000001 0.026562500000000003 0.08750000000000001
0 0.23593750000000002 0.9242187500000001 0.03125 0.0890625
0 0.30234375 0.9375 0.026562500000000003 0.084375
0 0.3296875 0.94921875 0.028125 0.060937500000000006
0 0.5242187500000001 0.9015625 0.035937500000000004 0.07500000000000001
1 0.546875 0.8953125000000001 0.021875000000000002 0.043750000000000004
3 0.1203125 0.6046875 0.16562500000000002 0.096875
3 0.1484375 0.55078125 0.17500000000000002 0.08281250000000001
3 0.28671875 0.446875 0.1640625 0.07187500000000001
3 0.49843750000000003 0.41640625000000003 0.134375 0.08281250000000001
3 0.38203125000000004 0.36875 0.1265625 0.065625
3 0.525 0.35625 0.10625000000000001 0.0625
3 0.5953125 0.30546875 0.053125000000000006 0.060937500000000006
3 0.62265625 0.22265625 0.0578125 0.0671875
3 0.6429687500000001 0.184375 0.09531250000000001 0.040625
3 0.625 0.1703125 0.084375 0.037500000000000006
3 0.59921875 0.16171875000000002 0.0734375 0.0421875
4 0.57578125 0.13593750000000002 0.0703125 0.043750000000000004
3 0.46640625 0.09843750000000001 0.045312500000000006 0.05
4 0.39609375 0.07968750000000001 0.0546875 0.043750000000000004
3 0.32656250000000003 0.07187500000000001 0.059375000000000004 0.03125
3 0.096875 0.04453125 0.06875 0.026562500000000003
3 0.17890625000000002 0.29140625000000003 0.0546875 0.0578125
3 0.06640625 0.33125000000000004 0.1234375 0.065625
3 0.2484375 0.48750000000000004 0.18125000000000002 0.10312500000000001
0 0.01015625 0.2546875 0.010937500000000001 0.040625
0 0.051562500000000004 0.26406250000000003 0.015625 0.040625
0 0.10390625 0.26484375 0.0171875 0.0421875
0 0.13125 0.2578125 0.015625 0.040625
9 0.12421875 0.26328125 0.0171875 0.0328125
9 0.09140625000000001 0.08281250000000001 0.026562500000000003 0.018750000000000003
9 0.1703125 0.09843750000000001 0.03125 0.015625
9 0.153125 0.1 0.03125 0.021875000000000002
9 0.15234375 0.08515625 0.035937500000000004 0.0171875
9 0.134375 0.078125 0.03125 0.018750000000000003
9 0.12421875 0.08984375 0.0328125 0.0171875
0 0.12578125 0.096875 0.010937500000000001 0.03125
0 0.08828125 0.115625 0.010937500000000001 0.03125
0 0.18671875000000002 0.06328125 0.010937500000000001 0.029687500000000002
0 0.2015625 0.059375000000000004 0.009375000000000001 0.025
0 0.2171875 0.059375000000000004 0.009375000000000001 0.025
7 0.26171875 0.06171875 0.029687500000000002 0.0328125
7 0.22812500000000002 0.07109375 0.040625 0.035937500000000004
9 0.21796875000000002 0.0890625 0.026562500000000003 0.018750000000000003
9 0.246875 0.09296875 0.03125 0.0171875
9 0.2671875 0.11640625 0.03125 0.0203125
0 0.28671875 0.109375 0.010937500000000001 0.028125
0 0.33671875 0.11796875000000001 0.0140625 0.0328125
0 0.35390625000000003 0.1078125 0.0078125 0.03125
0 0.35781250000000003 0.30703125000000003 0.015625 0.0390625
9 0.253125 0.11015625000000001 0.03125 0.0171875
0 0.26796875000000003 0.1078125 0.010937500000000001 0.03125
9 0.309375 0.1171875 0.028125 0.018750000000000003
9 0.30703125000000003 0.10234375000000001 0.026562500000000003 0.0234375
9 0.30000000000000004 0.26484375 0.037500000000000006 0.0234375
9 0.31562500000000004 0.2609375 0.037500000000000006 0.025
9 0.16171875000000002 0.2328125 0.0328125 0.03125
9 0.21328125 0.24765625000000002 0.035937500000000004 0.0234375
9 0.20078125000000002 0.2515625 0.035937500000000004 0.021875000000000002
9 0.2671875 0.24921875000000002 0.03125 0.026562500000000003
9 0.265625 0.2421875 0.037500000000000006 0.025
9 0.125 0.2015625 0.037500000000000006 0.025
9 0.13828125 0.15000000000000002 0.0421875 0.021875000000000002
9 0.27421875 0.14140625 0.0328125 0.0203125
2 0.35390625000000003 0.13125 0.0328125 0.015625
2 0.36015625 0.13671875 0.029687500000000002 0.0171875
0 0.58515625 0.10312500000000001 0.0078125 0.021875000000000002
1 0.58046875 0.045312500000000006 0.010937500000000001 0.021875000000000002
9 0.58125 0.05390625 0.021875000000000002 0.0171875
1 0.46875 0.0703125 0.009375000000000001 0.018750000000000003
9 0.46875 0.07734375 0.025 0.0171875
7 0.89453125 0.11328125 0.029687500000000002 0.0390625
