3 0.58203125 0.6640625 0.4890625 0.30625
0 0.30078125 0.49843750000000003 0.0765625 0.215625
0 0.24609375 0.4765625 0.0546875 0.178125
0 0.18671875000000002 0.46328125000000003 0.051562500000000004 0.1953125
0 0.2109375 0.46484375 0.040625 0.19843750000000002
1 0.16015625 0.33359375 0.0484375 0.0703125
2 0.16015625 0.3796875 0.029687500000000002 0.0625
1 0.017968750000000002 0.26171875 0.0203125 0.051562500000000004
1 0.01953125 0.27578125000000003 0.026562500000000003 0.051562500000000004
2 0.017968750000000002 0.3046875 0.0234375 0.034375
1 0.043750000000000004 0.278125 0.021875000000000002 0.05
2 0.0421875 0.30781250000000004 0.0125 0.037500000000000006
1 0.057031250000000006 0.296875 0.0328125 0.078125
2 0.057031250000000006 0.32421875 0.026562500000000003 0.051562500000000004
1 0.10390625 0.31796875 0.035937500000000004 0.0734375
2 0.10390625 0.359375 0.029687500000000002 0.05625
3 0.44375000000000003 0.44062500000000004 0.328125 0.17500000000000002
1 0.53671875 0.44296875 0.0671875 0.1421875
3 0.89375 0.321875 0.19687500000000002 0.06875
3 0.81640625 0.30312500000000003 0.18906250000000002 0.0625
3 0.74765625 0.30312500000000003 0.15781250000000002 0.06875
4 0.5632812500000001 0.26015625000000003 0.1234375 0.0765625
3 0.75703125 0.2515625 0.1046875 0.0625
