3 0.28671875 0.21171875 0.0421875 0.0390625
3 0.6109375 0.34921875 0.053125000000000006 0.0546875
3 0.5242187500000001 0.21640625000000002 0.035937500000000004 0.035937500000000004
3 0.45625000000000004 0.109375 0.025 0.025
3 0.3359375 0.06953125 0.021875000000000002 0.0203125
3 0.33359375 0.05078125 0.0203125 0.0171875
3 0.40937500000000004 0.04296875 0.025 0.0171875
3 0.4296875 0.06875 0.025 0.018750000000000003
3 0.39921875 0.02734375 0.0203125 0.0171875
3 0.27734375 0.01015625 0.0171875 0.0171875
3 0.10312500000000001 0.0484375 0.021875000000000002 0.018750000000000003
3 0.10859375 0.03828125 0.0203125 0.0171875
0 0.60703125 0.40859375000000003 0.0203125 0.0484375
0 0.6117187500000001 0.31484375000000003 0.0140625 0.0328125
4 0.48515625 0.1421875 0.035937500000000004 0.034375
3 0.48750000000000004 0.1640625 0.037500000000000006 0.034375
3 0.53828125 0.16953125000000002 0.051562500000000004 0.0328125
0 0.6265625 0.178125 0.0125 0.025
3 0.6921875000000001 0.45390625 0.08750000000000001 0.0671875
1 0.125 0.4921875 0.021875000000000002 0.05625
9 0.12578125 0.50390625 0.0390625 0.0484375
0 0.12265625000000001 0.1625 0.010937500000000001 0.028125
0 0.07968750000000001 0.08125 0.009375000000000001 0.018750000000000003
0 0.09140625000000001 0.08125 0.0078125 0.021875000000000002
1 0.30625 0.10625000000000001 0.00625 0.018750000000000003
1 0.32421875 0.0859375 0.010937500000000001 0.015625
1 0.32421875 0.08359375000000001 0.010937500000000001 0.0171875
1 0.15781250000000002 0.10703125000000001 0.00625 0.0171875
2 0.15703125 0.11328125 0.010937500000000001 0.0171875
