9 0.6671875 0.6265625 0.040625 0.025
9 0.64453125 0.62109375 0.0421875 0.029687500000000002
0 0.36328125 0.6101562500000001 0.0140625 0.035937500000000004
3 0.03671875 0.53828125 0.06406250000000001 0.035937500000000004
3 0.078125 0.53515625 0.059375000000000004 0.0421875
3 0.15156250000000002 0.5796875 0.06875 0.040625
9 0.1703125 0.5109375 0.0125 0.021875000000000002
2 0.16484375 0.540625 0.0140625 0.018750000000000003
1 0.16640625 0.53359375 0.010937500000000001 0.029687500000000002
0 0.21875 0.5140625 0.009375000000000001 0.03125
0 0.22812500000000002 0.5164062500000001 0.009375000000000001 0.029687500000000002
0 0.1484375 0.496875 0.009375000000000001 0.025
0 0.178125 0.49453125000000003 0.009375000000000001 0.029687500000000002
0 0.19843750000000002 0.47578125000000004 0.0125 0.029687500000000002
0 0.05625 0.46328125000000003 0.009375000000000001 0.0328125
0 0.078125 0.47578125000000004 0.0125 0.029687500000000002
0 0.040625 0.46171875 0.0125 0.029687500000000002
1 0.02421875 0.45078125 0.0140625 0.0203125
9 0.8734375000000001 0.7015625000000001 0.040625 0.025
9 0.94453125 0.7054687500000001 0.051562500000000004 0.0421875
0 0.25078125 0.5484375 0.0140625 0.03125
9 0.30312500000000003 0.5398437500000001 0.018750000000000003 0.029687500000000002
