0 0.010937500000000001 0.20546875 0.009375000000000001 0.0328125
0 0.02421875 0.16015625 0.0171875 0.0328125
0 0.0140625 0.15937500000000002 0.0125 0.034375
3 0.1375 0.65 0.1125 0.140625
3 0.23046875 0.5140625 0.0734375 0.084375
3 0.057031250000000006 0.55078125 0.0921875 0.09843750000000001
3 0.09609375 0.478125 0.07968750000000001 0.07187500000000001
3 0.07421875 0.38984375000000004 0.0578125 0.0546875
4 0.1234375 0.40937500000000004 0.065625 0.08750000000000001
3 0.23203125000000002 0.39921875 0.0671875 0.0671875
3 0.16640625 0.38515625000000003 0.0578125 0.0546875
3 0.08203125 0.33671875 0.06406250000000001 0.0578125
3 0.18515625000000002 0.35078125000000004 0.0578125 0.0484375
3 0.25234375000000003 0.3296875 0.0484375 0.05
3 0.25390625 0.28515625 0.0421875 0.0390625
3 0.26640625 0.2578125 0.0328125 0.03125
3 0.26875 0.22812500000000002 0.037500000000000006 0.034375
3 0.2828125 0.2078125 0.028125 0.03125
3 0.28359375000000003 0.18281250000000002 0.029687500000000002 0.025
3 0.28750000000000003 0.16562500000000002 0.021875000000000002 0.025
3 0.28046875 0.14453125 0.026562500000000003 0.0203125
3 0.1765625 0.31562500000000004 0.05 0.040625
3 0.18984375 0.29296875 0.0421875 0.0421875
3 0.19609375 0.26875 0.0421875 0.028125
3 0.2109375 0.246875 0.037500000000000006 0.034375
4 0.21406250000000002 0.22265625 0.03125 0.035937500000000004
3 0.22421875000000002 0.215625 0.026562500000000003 0.03125
3 0.22968750000000002 0.20468750000000002 0.028125 0.025
3 0.23359375000000002 0.18984375 0.026562500000000003 0.026562500000000003
3 0.2421875 0.1796875 0.03125 0.025
4 0.24453125 0.16718750000000002 0.026562500000000003 0.025
3 0.23984375000000002 0.15937500000000002 0.0203125 0.018750000000000003
3 0.25 0.15234375 0.021875000000000002 0.0234375
3 0.10546875 0.309375 0.0484375 0.040625
3 0.12812500000000002 0.27890625 0.040625 0.0421875
3 0.14453125 0.25859375 0.035937500000000004 0.0328125
3 0.16015625 0.23984375000000002 0.035937500000000004 0.029687500000000002
3 0.16875 0.22265625 0.034375 0.029687500000000002
3 0.1765625 0.20859375000000002 0.03125 0.029687500000000002
3 0.18359375 0.19687500000000002 0.026562500000000003 0.025
3 0.2 0.18359375 0.03125 0.029687500000000002
3 0.20078125000000002 0.17500000000000002 0.0234375 0.025
3 0.2109375 0.16640625 0.021875000000000002 0.0203125
3 0.21328125 0.15937500000000002 0.0203125 0.018750000000000003
3 0.21484375 0.15078125 0.026562500000000003 0.0171875
3 0.03828125 0.30546875 0.0546875 0.0390625
3 0.05078125 0.2734375 0.0484375 0.034375
3 0.08750000000000001 0.25625000000000003 0.043750000000000004 0.03125
3 0.11328125 0.23515625 0.0421875 0.026562500000000003
3 0.096875 0.21250000000000002 0.040625 0.03125
8 0.1390625 0.184375 0.046875 0.059375000000000004
3 0.16484375 0.17734375000000002 0.026562500000000003 0.0234375
3 0.17343750000000002 0.1640625 0.021875000000000002 0.018750000000000003
3 0.17500000000000002 0.153125 0.025 0.018750000000000003
3 0.18671875000000002 0.084375 0.0171875 0.0125
3 0.35546875 0.1453125 0.026562500000000003 0.018750000000000003
3 0.39296875000000003 0.14609375 0.0203125 0.0203125
3 0.4625 0.15546875000000002 0.021875000000000002 0.0171875
3 0.47500000000000003 0.16953125000000002 0.021875000000000002 0.0234375
3 0.47578125000000004 0.18671875000000002 0.0203125 0.0203125
8 0.44062500000000004 0.1796875 0.06875 0.065625
3 0.37812500000000004 0.1953125 0.03125 0.025
3 0.34921875 0.2390625 0.0390625 0.03125
3 0.36875 0.34375 0.053125000000000006 0.05
3 0.55703125 0.30312500000000003 0.0421875 0.037500000000000006
3 0.50546875 0.36484375 0.060937500000000006 0.045312500000000006
3 0.43515625 0.3828125 0.0578125 0.05
3 0.3609375 0.44843750000000004 0.065625 0.05625
3 0.38593750000000004 0.6140625000000001 0.09375 0.09062500000000001
3 0.5164062500000001 0.6000000000000001 0.09843750000000001 0.096875
4 0.6648437500000001 0.4078125 0.0859375 0.065625
3 0.7976562500000001 0.5625 0.0921875 0.078125
1 0.85546875 0.853125 0.0328125 0.05625
9 0.84765625 0.8828125 0.0484375 0.09062500000000001
1 0.775 0.7015625000000001 0.037500000000000006 0.0625
9 0.765625 0.73046875 0.034375 0.0703125
1 0.6953125 0.6273437500000001 0.040625 0.051562500000000004
9 0.6875 0.6484375 0.037500000000000006 0.065625
1 0.6328125 0.5125000000000001 0.025 0.040625
9 0.62890625 0.5320312500000001 0.029687500000000002 0.0578125
4 0.7546875000000001 0.321875 0.09375 0.053125000000000006
3 0.7890625 0.35468750000000004 0.1125 0.040625
0 0.6375000000000001 0.33046875000000003 0.021875000000000002 0.0421875
0 0.6953125 0.36562500000000003 0.015625 0.040625
