0 0.27265625 0.81953125 0.06406250000000001 0.09843750000000001
0 0.52578125 0.8656250000000001 0.0484375 0.1125
0 0.5390625 0.85078125 0.03125 0.1171875
1 0.265625 0.44453125000000004 0.021875000000000002 0.045312500000000006
1 0.27968750000000003 0.45 0.021875000000000002 0.034375
9 0.2703125 0.465625 0.040625 0.043750000000000004
3 0.5625 0.33203125 0.05625 0.051562500000000004
3 0.56796875 0.209375 0.0390625 0.03125
3 0.64375 0.15703125 0.028125 0.0234375
7 0.60546875 0.13984375000000002 0.0140625 0.0234375
3 0.64609375 0.1171875 0.0203125 0.018750000000000003
3 0.625 0.11171875 0.021875000000000002 0.0171875
3 0.665625 0.10546875 0.021875000000000002 0.0171875
3 0.6515625 0.0859375 0.015625 0.0125
3 0.6765625000000001 0.08359375000000001 0.015625 0.0140625
3 0.66015625 0.078125 0.010937500000000001 0.0125
3 0.66796875 0.07187500000000001 0.010937500000000001 0.009375000000000001
3 0.6875 0.0703125 0.0125 0.009375000000000001
3 0.7109375 0.08203125 0.0125 0.0140625
3 0.7054687500000001 0.08828125 0.0140625 0.0140625
3 0.7015625000000001 0.1 0.015625 0.015625
3 0.7015625000000001 0.11171875 0.018750000000000003 0.0171875
3 0.7015625000000001 0.1234375 0.015625 0.015625
3 0.728125 0.11796875000000001 0.018750000000000003 0.0171875
3 0.75546875 0.10625000000000001 0.0203125 0.018750000000000003
3 0.7351562500000001 0.10078125 0.0140625 0.0140625
3 0.71796875 0.09453125000000001 0.010937500000000001 0.0140625
0 0.74765625 0.08046875 0.004687500000000001 0.010937500000000001
0 0.7375 0.078125 0.00625 0.009375000000000001
0 0.74765625 0.13125 0.010937500000000001 0.015625
3 0.7703125000000001 0.12578125 0.018750000000000003 0.0234375
0 0.0171875 0.4140625 0.03125 0.0625
3 0.10390625 0.2546875 0.1015625 0.05
3 0.7351562500000001 0.14375000000000002 0.0203125 0.018750000000000003
1 0.7265625 0.15546875000000002 0.00625 0.0171875
2 0.7265625 0.1640625 0.015625 0.0125
3 0.6898437500000001 0.23515625 0.0390625 0.0328125
3 0.69140625 0.1921875 0.0328125 0.025
3 0.7390625000000001 0.2015625 0.03125 0.03125
3 0.7976562500000001 0.23828125 0.0328125 0.035937500000000004
4 0.8757812500000001 0.10703125000000001 0.0484375 0.026562500000000003
4 0.9109375000000001 0.14609375 0.046875 0.0234375
0 0.9695312500000001 0.1609375 0.010937500000000001 0.018750000000000003
1 0.95859375 0.16171875000000002 0.010937500000000001 0.0171875
9 0.95703125 0.16875 0.026562500000000003 0.0125
