4 0.8609375 0.6781250000000001 0.115625 0.115625
8 0.86640625 0.51875 0.1796875 0.19062500000000002
6 0.71015625 0.40234375 0.0921875 0.08281250000000001
3 0.66796875 0.32890625 0.0578125 0.0484375
3 0.84296875 0.3296875 0.0765625 0.034375
3 0.42109375000000004 0.23984375000000002 0.035937500000000004 0.0390625
6 0.39687500000000003 0.11328125 0.028125 0.0328125
4 0.43359375 0.0765625 0.0171875 0.018750000000000003
3 0.30625 0.10625000000000001 0.021875000000000002 0.021875000000000002
3 0.29453125 0.134375 0.026562500000000003 0.028125
3 0.284375 0.07265625 0.015625 0.0203125
3 0.30000000000000004 0.022656250000000003 0.021875000000000002 0.0140625
3 0.24765625000000002 0.0203125 0.0171875 0.0125
5 0.34609375000000003 0.0203125 0.026562500000000003 0.028125
3 0.30546875 0.00859375 0.010937500000000001 0.0078125
3 0.12109375 0.178125 0.0578125 0.025
0 0.9890625000000001 0.54609375 0.021875000000000002 0.0421875
2 0.9890625000000001 0.5554687500000001 0.021875000000000002 0.0390625
0 0.9632812500000001 0.5437500000000001 0.0140625 0.040625
2 0.95625 0.5546875 0.021875000000000002 0.040625
3 0.97265625 0.047656250000000004 0.0421875 0.0140625
