3 0.16718750000000002 0.8656250000000001 0.146875 0.1625
3 0.21953125 0.453125 0.07968750000000001 0.07187500000000001
3 0.19687500000000002 0.40546875000000004 0.07500000000000001 0.0734375
3 0.14765625000000002 0.36171875000000003 0.0921875 0.0578125
3 0.14375000000000002 0.32109375 0.084375 0.06406250000000001
3 0.12890625 0.29531250000000003 0.0484375 0.043750000000000004
1 0.0671875 0.32265625000000003 0.018750000000000003 0.0390625
2 0.06875 0.33046875000000003 0.021875000000000002 0.0390625
0 0.20078125000000002 0.3328125 0.0203125 0.037500000000000006
9 0.34375 0.40390625 0.05625 0.0390625
9 0.27187500000000003 0.33984375 0.043750000000000004 0.029687500000000002
9 0.26484375 0.32734375000000004 0.035937500000000004 0.026562500000000003
9 0.2265625 0.27421875 0.03125 0.026562500000000003
3 0.1625 0.24453125 0.059375000000000004 0.0390625
3 0.055468750000000004 0.19140625 0.0328125 0.026562500000000003
3 0.1015625 0.171875 0.040625 0.025
4 0.06171875 0.15078125 0.0671875 0.035937500000000004
2 0.1484375 0.20078125000000002 0.03125 0.0203125
9 0.1390625 0.18828125 0.021875000000000002 0.0203125
0 0.01171875 0.12421875 0.0078125 0.0171875
0 0.015625 0.10078125 0.00625 0.0234375
0 0.0234375 0.10078125 0.00625 0.0203125
0 0.03828125 0.08984375 0.0078125 0.0171875
