3 0.36250000000000004 0.6000000000000001 0.23750000000000002 0.1625
3 0.6234375000000001 0.52578125 0.2 0.15156250000000002
3 0.73984375 0.37734375000000003 0.1546875 0.11406250000000001
3 0.78125 0.22421875000000002 0.125 0.0890625
3 0.8968750000000001 0.09375 0.1375 0.065625
3 0.49296875 0.1640625 0.1484375 0.078125
4 0.5703125 0.14296875 0.12812500000000002 0.0765625
3 0.7195312500000001 0.08125 0.1265625 0.06875
4 0.2546875 0.24375000000000002 0.15937500000000002 0.1
6 0.70703125 0.14921875 0.0671875 0.0484375
9 0.55234375 0.20468750000000002 0.0484375 0.040625
2 0.7359375 0.9078125 0.07187500000000001 0.1
1 0.8132812500000001 0.15703125 0.0234375 0.0421875
9 0.8109375000000001 0.17265625 0.046875 0.0390625
9 0.8 0.1078125 0.034375 0.040625
3 0.7921875 0.047656250000000004 0.10312500000000001 0.045312500000000006
3 0.85546875 0.04296875 0.0859375 0.045312500000000006
9 0.91953125 0.028125 0.051562500000000004 0.03125
9 0.3203125 0.18515625000000002 0.05625 0.051562500000000004
0 0.53515625 0.1078125 0.0203125 0.040625
0 0.49609375 0.1125 0.0203125 0.059375000000000004
