0 0.5265625 0.045312500000000006 0.03125 0.034375
3 0.0421875 0.15156250000000002 0.08125 0.146875
3 0.1875 0.20078125000000002 0.11875000000000001 0.1640625
3 0.47109375000000003 0.12812500000000002 0.1484375 0.140625
3 0.41796875 0.3125 0.1015625 0.1625
3 0.53046875 0.20234375000000002 0.1171875 0.1453125
3 0.11484375000000001 0.40937500000000004 0.1171875 0.15937500000000002
3 0.5484375 0.31328125 0.11875000000000001 0.1484375
9 0.6531250000000001 0.37812500000000004 0.059375000000000004 0.05
9 0.671875 0.4265625 0.059375000000000004 0.037500000000000006
2 0.6492187500000001 0.2171875 0.026562500000000003 0.05
1 0.078125 0.5828125000000001 0.046875 0.03125
9 0.08281250000000001 0.5875 0.046875 0.053125000000000006
1 0.1609375 0.61640625 0.046875 0.0328125
6 0.16171875000000002 0.60078125 0.07968750000000001 0.0921875
1 0.07968750000000001 0.721875 0.043750000000000004 0.028125
1 0.09296875 0.7132812500000001 0.029687500000000002 0.026562500000000003
6 0.07734375 0.696875 0.0890625 0.109375
4 0.22109375 0.7093750000000001 0.1203125 0.146875
4 0.28359375000000003 0.9078125 0.1453125 0.184375
1 0.06796875000000001 0.80234375 0.0484375 0.0328125
9 0.07500000000000001 0.8015625000000001 0.043750000000000004 0.05625
1 0.6687500000000001 0.9812500000000001 0.046875 0.034375
