3 0.84375 0.37031250000000004 0.05 0.078125
4 0.36484375 0.93359375 0.1015625 0.06406250000000001
3 0.44453125000000004 0.8367187500000001 0.0734375 0.1171875
3 0.4296875 0.7484375000000001 0.11875000000000001 0.096875
3 0.5085937500000001 0.63671875 0.07968750000000001 0.0921875
3 0.4375 0.5710937500000001 0.115625 0.0921875
3 0.5476562500000001 0.38125000000000003 0.1015625 0.0625
3 0.65 0.21796875000000002 0.040625 0.0578125
3 0.6671875 0.15625 0.037500000000000006 0.053125000000000006
3 0.6820312500000001 0.11406250000000001 0.0390625 0.043750000000000004
3 0.7109375 0.0546875 0.034375 0.040625
6 0.60546875 0.29609375 0.0171875 0.0328125
0 0.484375 0.31093750000000003 0.015625 0.034375
0 0.46406250000000004 0.32343750000000004 0.015625 0.037500000000000006
0 0.4390625 0.3296875 0.015625 0.034375
0 0.42500000000000004 0.325 0.015625 0.034375
9 0.42031250000000003 0.34921875 0.03125 0.026562500000000003
1 0.4109375 0.36953125000000003 0.028125 0.026562500000000003
9 0.3984375 0.38984375000000004 0.037500000000000006 0.026562500000000003
0 0.46484375 0.415625 0.0171875 0.034375
0 0.66171875 0.42812500000000003 0.010937500000000001 0.034375
0 0.67109375 0.421875 0.010937500000000001 0.025
0 0.9640625 0.43828125 0.015625 0.0328125
3 0.9640625 0.44921875 0.021875000000000002 0.0328125
0 0.98359375 0.2390625 0.0203125 0.025
3 0.98203125 0.2484375 0.0203125 0.025
