0 0.8875000000000001 0.4578125 0.025 0.05
9 0.5906250000000001 0.9 0.037500000000000006 0.06875
9 0.69140625 0.8851562500000001 0.0390625 0.06406250000000001
2 0.8132812500000001 0.7250000000000001 0.035937500000000004 0.05
1 0.596875 0.8914062500000001 0.037500000000000006 0.0671875
1 0.70078125 0.8718750000000001 0.035937500000000004 0.05625
0 0.8304687500000001 0.7132812500000001 0.0328125 0.051562500000000004
9 0.88671875 0.7757812500000001 0.0421875 0.06406250000000001
1 0.88046875 0.7640625000000001 0.0546875 0.0625
1 0.8875000000000001 0.7578125 0.03125 0.065625
3 0.284375 0.45156250000000003 0.15937500000000002 0.1
3 0.12421875 0.37812500000000004 0.1546875 0.09062500000000001
3 0.18828125 0.31015625 0.0734375 0.0859375
3 0.07968750000000001 0.25546875 0.1 0.07968750000000001
3 0.17265625 0.06484375 0.0859375 0.051562500000000004
2 0.09765625 0.0703125 0.0203125 0.040625
2 0.0765625 0.07109375 0.015625 0.0390625
