3 0.42500000000000004 0.45859375 0.259375 0.1078125
3 0.509375 0.26406250000000003 0.1375 0.084375
3 0.78515625 0.5867187500000001 0.3171875 0.1546875
0 0.06796875000000001 0.2328125 0.035937500000000004 0.06875
0 0.22812500000000002 0.20468750000000002 0.037500000000000006 0.059375000000000004
0 0.278125 0.20703125 0.037500000000000006 0.060937500000000006
0 0.8203125 0.29453125 0.028125 0.0671875
9 0.1375 0.10390625 0.053125000000000006 0.035937500000000004
9 0.2234375 0.07109375 0.046875 0.0421875
3 0.4625 0.08984375 0.07500000000000001 0.08281250000000001
4 0.76328125 0.08515625 0.0765625 0.0765625
1 0.6546875000000001 0.13593750000000002 0.028125 0.03125
9 0.64765625 0.15859375 0.0203125 0.0390625
1 0.6984375 0.17343750000000002 0.028125 0.03125
1 0.76953125 0.17734375000000002 0.026562500000000003 0.029687500000000002
1 0.54609375 0.0390625 0.026562500000000003 0.03125
9 0.7671875 0.20234375000000002 0.021875000000000002 0.0390625
9 0.5437500000000001 0.0578125 0.025 0.037500000000000006
2 0.690625 0.20390625 0.015625 0.0421875
1 0.7835937500000001 0.2859375 0.0328125 0.053125000000000006
1 0.7601562500000001 0.246875 0.0328125 0.043750000000000004
1 0.7890625 0.26484375 0.028125 0.0484375
9 0.775 0.28828125 0.059375000000000004 0.0328125
9 0.77890625 0.27421875 0.0671875 0.035937500000000004
9 0.7640625000000001 0.25859375 0.084375 0.0328125
0 0.95859375 0.35468750000000004 0.0203125 0.05625
0 0.97421875 0.3671875 0.0203125 0.034375
