3 0.9609375 0.884375 0.07187500000000001 0.07187500000000001
3 0.8421875000000001 0.92890625 0.084375 0.07968750000000001
3 0.87421875 0.8562500000000001 0.0765625 0.06875
3 0.925 0.775 0.06875 0.065625
3 0.8828125 0.70625 0.05625 0.05
9 0.7000000000000001 0.8500000000000001 0.03125 0.040625
1 0.70234375 0.8359375 0.026562500000000003 0.046875
3 0.49765625 0.9328125 0.0765625 0.078125
0 0.64765625 0.6921875000000001 0.0171875 0.046875
0 0.5 0.9546875 0.021875000000000002 0.059375000000000004
0 0.37031250000000004 0.8445312500000001 0.018750000000000003 0.051562500000000004
0 0.3140625 0.90625 0.018750000000000003 0.05625
0 0.3359375 0.8968750000000001 0.015625 0.05
0 0.33515625000000004 0.94140625 0.0203125 0.06406250000000001
1 0.36640625000000004 0.9187500000000001 0.0234375 0.05
2 0.3671875 0.9382812500000001 0.018750000000000003 0.0390625
1 0.415625 0.9203125000000001 0.03125 0.059375000000000004
2 0.41328125000000004 0.9375 0.026562500000000003 0.046875
3 0.09453125000000001 0.7703125000000001 0.1078125 0.046875
3 0.19765625 0.7546875000000001 0.1046875 0.046875
3 0.23359375000000002 0.7914062500000001 0.1328125 0.045312500000000006
0 0.29140625000000003 0.84921875 0.0234375 0.060937500000000006
0 0.26171875 0.8046875 0.0140625 0.040625
0 0.275 0.8148437500000001 0.015625 0.0484375
0 0.33437500000000003 0.74609375 0.021875000000000002 0.0578125
3 0.1078125 0.6734375 0.09375 0.043750000000000004
3 0.1171875 0.63828125 0.08125 0.035937500000000004
3 0.16796875 0.6578125 0.0859375 0.037500000000000006
3 0.203125 0.64375 0.07500000000000001 0.03125
3 0.2703125 0.66953125 0.10625000000000001 0.0390625
3 0.278125 0.66015625 0.084375 0.0390625
2 0.29531250000000003 0.7078125000000001 0.021875000000000002 0.028125
1 0.29531250000000003 0.7000000000000001 0.015625 0.037500000000000006
3 0.36953125000000003 0.6687500000000001 0.1015625 0.034375
0 0.38359375 0.7078125000000001 0.0171875 0.043750000000000004
0 0.3984375 0.71015625 0.015625 0.0390625
3 0.41875 0.6898437500000001 0.096875 0.0421875
4 0.46953125 0.74921875 0.0921875 0.045312500000000006
0 0.49765625 0.6359375 0.0140625 0.034375
0 0.53125 0.6203125 0.0125 0.034375
0 0.5484375 0.62109375 0.0125 0.0328125
0 0.6125 0.6265625 0.0125 0.037500000000000006
0 0.6195312500000001 0.659375 0.0140625 0.034375
0 0.6273437500000001 0.69140625 0.0140625 0.0390625
0 0.62109375 0.7000000000000001 0.0171875 0.037500000000000006
0 0.5859375 0.6937500000000001 0.0125 0.034375
0 0.59375 0.703125 0.015625 0.037500000000000006
0 0.55234375 0.7054687500000001 0.0140625 0.0421875
0 0.52734375 0.703125 0.0171875 0.040625
