3 0.878125 0.53515625 0.037500000000000006 0.026562500000000003
3 0.83125 0.5515625000000001 0.05 0.03125
3 0.7828125 0.53828125 0.065625 0.0234375
3 0.790625 0.55078125 0.043750000000000004 0.026562500000000003
9 0.875 0.58828125 0.0125 0.0234375
1 0.8765625 0.58515625 0.015625 0.026562500000000003
0 0.91015625 0.5632812500000001 0.010937500000000001 0.0328125
0 0.9031250000000001 0.64765625 0.0125 0.035937500000000004
0 0.9085937500000001 0.6039062500000001 0.010937500000000001 0.0328125
0 0.92109375 0.6039062500000001 0.010937500000000001 0.029687500000000002
0 0.9234375 0.59765625 0.00625 0.0140625
9 0.884375 0.56484375 0.015625 0.0203125
1 0.884375 0.5593750000000001 0.0125 0.018750000000000003
0 0.9328125 0.5632812500000001 0.0125 0.026562500000000003
0 0.68515625 0.603125 0.010937500000000001 0.034375
3 0.86328125 0.6859375000000001 0.06406250000000001 0.043750000000000004
1 0.7523437500000001 0.6015625 0.0078125 0.025
0 0.82421875 0.6664062500000001 0.010937500000000001 0.035937500000000004
9 0.8109375000000001 0.6546875000000001 0.015625 0.025
1 0.8125 0.6453125000000001 0.0125 0.028125
0 0.74140625 0.63671875 0.010937500000000001 0.0328125
0 0.73203125 0.6359375 0.0140625 0.034375
2 0.728125 0.67578125 0.015625 0.0234375
1 0.728125 0.66796875 0.0125 0.026562500000000003
9 0.7671875 0.6664062500000001 0.015625 0.026562500000000003
1 0.7671875 0.6570312500000001 0.0125 0.0328125
9 0.7828125 0.6734375 0.015625 0.021875000000000002
1 0.7828125 0.665625 0.015625 0.028125
9 0.7468750000000001 0.6898437500000001 0.018750000000000003 0.029687500000000002
1 0.7468750000000001 0.68359375 0.0125 0.029687500000000002
3 0.81640625 0.72421875 0.0703125 0.0421875
4 0.7828125 0.73046875 0.10625000000000001 0.0578125
3 0.76953125 0.7578125 0.1046875 0.053125000000000006
3 0.7289062500000001 0.7781250000000001 0.11093750000000001 0.053125000000000006
0 0.7640625000000001 0.80078125 0.015625 0.0484375
0 0.62265625 0.79453125 0.0203125 0.051562500000000004
0 0.6140625000000001 0.63671875 0.015625 0.0328125
0 0.5859375 0.659375 0.0125 0.034375
0 0.6156250000000001 0.65234375 0.0125 0.0328125
0 0.6203125 0.6625000000000001 0.009375000000000001 0.028125
1 0.6609375000000001 0.6742187500000001 0.018750000000000003 0.026562500000000003
2 0.69453125 0.71640625 0.0171875 0.029687500000000002
1 0.69453125 0.7046875 0.0140625 0.037500000000000006
2 0.6515625 0.71875 0.0125 0.03125
1 0.6531250000000001 0.7078125000000001 0.015625 0.034375
0 0.5171875 0.6859375000000001 0.018750000000000003 0.037500000000000006
0 0.47890625000000003 0.7210937500000001 0.0171875 0.0421875
0 0.45859375 0.7195312500000001 0.0171875 0.0484375
0 0.4625 0.7156250000000001 0.015625 0.043750000000000004
0 0.5296875 0.80078125 0.018750000000000003 0.051562500000000004
0 0.509375 0.80234375 0.021875000000000002 0.051562500000000004
0 0.30859375 0.77265625 0.0203125 0.045312500000000006
0 0.39609375 0.9070312500000001 0.026562500000000003 0.0546875
0 0.415625 0.84375 0.018750000000000003 0.053125000000000006
0 0.44140625 0.89375 0.026562500000000003 0.05625
0 0.2484375 0.9265625000000001 0.021875000000000002 0.053125000000000006
0 0.25625000000000003 0.9187500000000001 0.03125 0.053125000000000006
0 0.21796875000000002 0.95234375 0.026562500000000003 0.06406250000000001
0 0.1484375 0.96796875 0.028125 0.06406250000000001
3 0.7914062500000001 0.9484375 0.08281250000000001 0.07500000000000001
3 0.91953125 0.9015625 0.07968750000000001 0.07187500000000001
3 0.8703125 0.85703125 0.07187500000000001 0.060937500000000006
8 0.8890625000000001 0.7429687500000001 0.13125 0.1234375
3 0.9593750000000001 0.70703125 0.053125000000000006 0.045312500000000006
