4 0.61328125 0.81796875 0.1859375 0.2109375
3 0.5203125000000001 0.6890625 0.153125 0.115625
9 0.58359375 0.59140625 0.0734375 0.051562500000000004
3 0.42031250000000003 0.57578125 0.15937500000000002 0.09843750000000001
3 0.3953125 0.48828125 0.15937500000000002 0.0921875
3 0.33906250000000004 0.36250000000000004 0.153125 0.059375000000000004
3 0.2890625 0.27265625 0.09375 0.051562500000000004
3 0.19062500000000002 0.259375 0.059375000000000004 0.040625
9 0.1609375 0.278125 0.015625 0.037500000000000006
1 0.1625 0.2734375 0.0125 0.025
0 0.7054687500000001 0.4765625 0.0203125 0.08125
1 0.67578125 0.46953125 0.0203125 0.0328125
0 0.65 0.47578125000000004 0.021875000000000002 0.0671875
0 0.6257812500000001 0.46718750000000003 0.0171875 0.053125000000000006
0 0.61484375 0.4625 0.0140625 0.043750000000000004
0 0.47421875 0.35468750000000004 0.026562500000000003 0.05
0 0.48281250000000003 0.41953125 0.021875000000000002 0.0578125
0 0.49921875000000004 0.40390625 0.0171875 0.0546875
0 0.51015625 0.41640625000000003 0.0171875 0.060937500000000006
0 0.54140625 0.39296875000000003 0.0171875 0.06406250000000001
0 0.53125 0.39765625000000004 0.015625 0.0703125
0 0.5703125 0.40468750000000003 0.021875000000000002 0.06875
1 0.5953125 0.41640625000000003 0.025 0.045312500000000006
1 0.6109375 0.43203125000000003 0.015625 0.0421875
1 0.628125 0.44140625 0.015625 0.0421875
2 0.18671875000000002 0.33984375 0.0171875 0.045312500000000006
1 0.1875 0.33203125 0.015625 0.0390625
9 0.25859375 0.44843750000000004 0.0234375 0.05
1 0.25859375 0.43593750000000003 0.0234375 0.043750000000000004
3 0.045312500000000006 0.44140625 0.07187500000000001 0.0734375
6 0.040625 0.375 0.046875 0.046875
0 0.13046875 0.20078125000000002 0.010937500000000001 0.0390625
3 0.15937500000000002 0.21875 0.037500000000000006 0.034375
0 0.32109375 0.11796875000000001 0.010937500000000001 0.026562500000000003
3 0.16328125000000002 0.0125 0.026562500000000003 0.015625
3 0.1859375 0.015625 0.021875000000000002 0.009375000000000001
3 0.13593750000000002 0.010937500000000001 0.03125 0.015625
3 0.084375 0.1125 0.03125 0.025
3 0.1203125 0.13359375 0.0625 0.029687500000000002
3 0.12578125 0.17343750000000002 0.045312500000000006 0.03125
