3 0.35468750000000004 0.1296875 0.021875000000000002 0.018750000000000003
3 0.30781250000000004 0.14453125 0.025 0.0234375
3 0.25078125 0.16796875 0.029687500000000002 0.026562500000000003
3 0.465625 0.21171875 0.037500000000000006 0.035937500000000004
3 0.43046875 0.15078125 0.026562500000000003 0.0203125
3 0.3796875 0.48828125 0.06875 0.0734375
3 0.76171875 0.8328125000000001 0.1484375 0.18125000000000002
3 0.8484375000000001 0.60703125 0.084375 0.0921875
7 0.6375000000000001 0.596875 0.037500000000000006 0.08750000000000001
4 0.6726562500000001 0.45859375 0.1859375 0.08281250000000001
0 0.7914062500000001 0.44765625000000003 0.0203125 0.0578125
0 0.49453125000000003 0.17500000000000002 0.010937500000000001 0.028125
1 0.55234375 0.17109375000000002 0.004687500000000001 0.0171875
1 0.54609375 0.17578125 0.0078125 0.0171875
9 0.5515625000000001 0.184375 0.025 0.0125
9 0.5554687500000001 0.17890625000000002 0.026562500000000003 0.0140625
6 0.41640625000000003 0.17265625 0.010937500000000001 0.0171875
1 0.415625 0.16640625 0.009375000000000001 0.0234375
9 0.46718750000000003 0.15234375 0.025 0.0140625
8 0.16718750000000002 0.22890625 0.15000000000000002 0.0734375
4 0.1 0.36015625 0.1125 0.0578125
4 0.19765625 0.28750000000000003 0.0578125 0.053125000000000006
4 0.15234375 0.26015625000000003 0.0921875 0.0578125
3 0.13125 0.30859375 0.10312500000000001 0.045312500000000006
0 0.06796875000000001 0.27187500000000003 0.0171875 0.046875
0 0.06171875 0.29765625 0.0140625 0.0421875
1 0.010937500000000001 0.284375 0.0125 0.034375
1 0.27265625 0.09843750000000001 0.010937500000000001 0.0125
9 0.27187500000000003 0.10312500000000001 0.009375000000000001 0.015625
3 0.23750000000000002 0.09531250000000001 0.043750000000000004 0.015625
3 0.20625000000000002 0.10078125 0.043750000000000004 0.0171875
3 0.2484375 0.10234375000000001 0.018750000000000003 0.0140625
3 0.24531250000000002 0.10703125000000001 0.018750000000000003 0.0171875
3 0.240625 0.11640625 0.021875000000000002 0.0234375
3 0.23359375000000002 0.12187500000000001 0.026562500000000003 0.018750000000000003
3 0.22578125000000002 0.1265625 0.026562500000000003 0.021875000000000002
3 0.22968750000000002 0.15234375 0.034375 0.026562500000000003
3 0.22031250000000002 0.13984375000000002 0.03125 0.0171875
3 0.2 0.1609375 0.034375 0.018750000000000003
3 0.19296875000000002 0.17578125 0.0484375 0.026562500000000003
3 0.1875 0.18671875000000002 0.07187500000000001 0.026562500000000003
3 0.26406250000000003 0.08984375 0.018750000000000003 0.0171875
3 0.26796875000000003 0.0890625 0.0421875 0.015625
3 0.34609375000000003 0.06796875000000001 0.0171875 0.0140625
3 0.33984375 0.0625 0.0171875 0.015625
3 0.30546875 0.060937500000000006 0.026562500000000003 0.0125
3 0.37890625 0.04453125 0.0203125 0.0078125
3 0.434375 0.1375 0.028125 0.015625
3 0.42109375000000004 0.125 0.0234375 0.018750000000000003
3 0.41328125000000004 0.1203125 0.0234375 0.015625
3 0.415625 0.1125 0.018750000000000003 0.015625
3 0.40546875000000004 0.11093750000000001 0.035937500000000004 0.018750000000000003
3 0.42734375 0.10234375000000001 0.0421875 0.0171875
3 0.4 0.1015625 0.043750000000000004 0.015625
3 0.3984375 0.08828125 0.040625 0.0140625
3 0.41328125000000004 0.053125000000000006 0.0140625 0.0125
3 0.4296875 0.05078125 0.015625 0.0140625
4 0.36328125 0.07968750000000001 0.0140625 0.018750000000000003
4 0.27890625 0.05078125 0.026562500000000003 0.0140625
