4 0.6687500000000001 0.65234375 0.12187500000000001 0.060937500000000006
4 0.6796875 0.6335937500000001 0.12187500000000001 0.051562500000000004
7 0.240625 0.6273437500000001 0.10312500000000001 0.0703125
5 0.46640625 0.3921875 0.06406250000000001 0.043750000000000004
3 0.28750000000000003 0.42421875000000003 0.065625 0.0234375
4 0.13359375 0.4109375 0.0578125 0.03125
3 0.1171875 0.41718750000000004 0.05 0.025
4 0.096875 0.42500000000000004 0.05625 0.025
5 0.2171875 0.38359375 0.040625 0.0484375
5 0.8445312500000001 0.30000000000000004 0.0703125 0.059375000000000004
5 0.85859375 0.31015625 0.035937500000000004 0.035937500000000004
5 0.84375 0.33828125000000003 0.037500000000000006 0.0421875
5 0.91953125 0.32890625 0.0734375 0.0328125
3 0.95625 0.41250000000000003 0.025 0.025
3 0.971875 0.3796875 0.021875000000000002 0.018750000000000003
3 0.9796875 0.33984375 0.018750000000000003 0.0171875
3 0.98203125 0.32421875 0.0140625 0.0140625
3 0.9890625000000001 0.31093750000000003 0.015625 0.0125
5 0.95625 0.3140625 0.025 0.018750000000000003
