0 0.0765625 0.921875 0.07187500000000001 0.11875000000000001
0 0.040625 0.92578125 0.043750000000000004 0.09531250000000001
6 0.0578125 0.6937500000000001 0.109375 0.134375
6 0.19765625 0.5007812500000001 0.1015625 0.1296875
6 0.509375 0.6546875000000001 0.12812500000000002 0.115625
1 0.6976562500000001 0.7109375 0.0578125 0.084375
1 0.7171875000000001 0.6859375000000001 0.053125000000000006 0.08750000000000001
1 0.59921875 0.6703125000000001 0.051562500000000004 0.05
0 0.82734375 0.47187500000000004 0.0390625 0.09062500000000001
3 0.68359375 0.36171875000000003 0.1015625 0.1046875
3 0.56015625 0.359375 0.1234375 0.1
0 0.8343750000000001 0.15156250000000002 0.018750000000000003 0.053125000000000006
3 0.8367187500000001 0.10078125 0.06406250000000001 0.0734375
3 0.85859375 0.06171875 0.1234375 0.051562500000000004
3 0.8546875 0.0390625 0.115625 0.05
3 0.65 0.13359375 0.134375 0.060937500000000006
3 0.66171875 0.10234375000000001 0.11406250000000001 0.0484375
3 0.6648437500000001 0.07968750000000001 0.1171875 0.05
3 0.6898437500000001 0.047656250000000004 0.1171875 0.0421875
3 0.6984375 0.03515625 0.109375 0.0390625
0 0.60078125 0.06875 0.0203125 0.05
3 0.21015625000000002 0.1296875 0.1640625 0.059375000000000004
3 0.24296875 0.10625000000000001 0.1484375 0.059375000000000004
3 0.3140625 0.084375 0.14375000000000002 0.0625
3 0.33984375 0.04609375 0.1015625 0.0484375
3 0.35859375000000004 0.025781250000000002 0.1234375 0.0484375
