3 0.046875 0.9671875000000001 0.08750000000000001 0.040625
2 0.12421875 0.9328125 0.0171875 0.025
0 0.1234375 0.9265625000000001 0.0125 0.03125
0 0.3359375 0.9625 0.0125 0.028125
0 0.35000000000000003 0.9671875000000001 0.0125 0.028125
0 0.3515625 0.95703125 0.0125 0.026562500000000003
0 0.034375 0.9390625 0.015625 0.034375
0 0.13359375 0.88984375 0.0140625 0.0328125
3 0.3484375 0.8671875 0.03125 0.034375
3 0.10703125000000001 0.86875 0.07968750000000001 0.028125
3 0.07500000000000001 0.853125 0.0625 0.03125
3 0.08125 0.8382812500000001 0.05625 0.0328125
3 0.35468750000000004 0.8367187500000001 0.03125 0.0328125
0 0.40390625 0.7757812500000001 0.010937500000000001 0.0234375
0 0.4390625 0.8 0.0125 0.025
4 0.09140625000000001 0.8148437500000001 0.0484375 0.029687500000000002
4 0.35234375 0.77265625 0.026562500000000003 0.0328125
3 0.46640625 0.759375 0.0578125 0.025
0 0.45546875000000003 0.78671875 0.010937500000000001 0.0234375
0 0.41953125 0.7765625 0.010937500000000001 0.025
9 0.6117187500000001 0.9789062500000001 0.0328125 0.0234375
9 0.55078125 0.8539062500000001 0.029687500000000002 0.0234375
9 0.5320312500000001 0.8132812500000001 0.026562500000000003 0.0171875
3 0.52734375 0.7625000000000001 0.0390625 0.034375
3 0.44921875 0.74765625 0.06406250000000001 0.026562500000000003
3 0.52734375 0.7484375000000001 0.060937500000000006 0.021875000000000002
0 0.503125 0.7312500000000001 0.009375000000000001 0.018750000000000003
3 0.54140625 0.73203125 0.0421875 0.0234375
4 0.1046875 0.790625 0.059375000000000004 0.03125
4 0.11328125 0.753125 0.051562500000000004 0.03125
3 0.1875 0.7203125 0.028125 0.025
3 0.14609375 0.7156250000000001 0.0484375 0.018750000000000003
0 0.21250000000000002 0.7140625 0.009375000000000001 0.018750000000000003
0 0.21640625000000002 0.68515625 0.0078125 0.0171875
6 0.46171875 0.69140625 0.0328125 0.0171875
3 0.41640625000000003 0.671875 0.045312500000000006 0.018750000000000003
0 0.3828125 0.6781250000000001 0.009375000000000001 0.018750000000000003
3 0.2 0.6671875 0.037500000000000006 0.018750000000000003
3 0.1859375 0.659375 0.037500000000000006 0.018750000000000003
0 0.4859375 0.67734375 0.00625 0.0171875
0 0.4921875 0.67578125 0.00625 0.0171875
3 0.3953125 0.65 0.021875000000000002 0.018750000000000003
3 0.37578125 0.6453125000000001 0.0203125 0.018750000000000003
3 0.41171875 0.6273437500000001 0.0328125 0.0171875
3 0.415625 0.62265625 0.043750000000000004 0.0171875
3 0.2234375 0.6351562500000001 0.021875000000000002 0.0234375
3 0.25625000000000003 0.6296875000000001 0.018750000000000003 0.018750000000000003
3 0.26328125 0.6046875 0.0171875 0.018750000000000003
3 0.29921875000000003 0.603125 0.0203125 0.018750000000000003
3 0.296875 0.58828125 0.015625 0.0171875
3 0.32343750000000004 0.5828125000000001 0.015625 0.015625
3 0.32343750000000004 0.5703125 0.018750000000000003 0.015625
3 0.2984375 0.5750000000000001 0.018750000000000003 0.015625
4 0.18515625000000002 0.6117187500000001 0.0328125 0.0234375
0 0.21875 0.6171875 0.00625 0.015625
3 0.19453125000000002 0.5890625 0.0390625 0.018750000000000003
3 0.2 0.60546875 0.03125 0.0171875
3 0.225 0.5789062500000001 0.015625 0.0171875
3 0.24921875000000002 0.571875 0.0203125 0.018750000000000003
3 0.28359375000000003 0.56171875 0.026562500000000003 0.0171875
3 0.3015625 0.53828125 0.015625 0.0140625
3 0.26640625 0.5375 0.0171875 0.015625
3 0.24531250000000002 0.53671875 0.015625 0.0171875
3 0.22968750000000002 0.53828125 0.0125 0.0140625
3 0.26640625 0.52578125 0.010937500000000001 0.0140625
3 0.26406250000000003 0.51328125 0.0125 0.0171875
3 0.28203125 0.51328125 0.010937500000000001 0.0140625
3 0.30312500000000003 0.5140625 0.015625 0.018750000000000003
3 0.31640625 0.5140625 0.0171875 0.018750000000000003
3 0.23359375000000002 0.51796875 0.0171875 0.0140625
3 0.4859375 0.5578125 0.037500000000000006 0.015625
3 0.47109375000000003 0.54921875 0.0203125 0.0171875
