3 0.4375 0.478125 0.046875 0.078125
4 0.82734375 0.41484375 0.0734375 0.0703125
9 0.7210937500000001 0.34375 0.0171875 0.034375
1 0.7210937500000001 0.340625 0.0140625 0.028125
0 0.7585937500000001 0.2765625 0.010937500000000001 0.021875000000000002
0 0.7507812500000001 0.209375 0.0171875 0.028125
0 0.72265625 0.24531250000000002 0.0140625 0.025
0 0.7296875 0.2609375 0.009375000000000001 0.025
0 0.73359375 0.24531250000000002 0.010937500000000001 0.021875000000000002
0 0.8562500000000001 0.17734375000000002 0.0125 0.026562500000000003
0 0.41718750000000004 0.22265625 0.0125 0.029687500000000002
0 0.43203125000000003 0.2234375 0.0140625 0.028125
2 0.2109375 0.5171875 0.03125 0.025
3 0.578125 0.58359375 0.09062500000000001 0.0578125
3 0.5515625000000001 0.628125 0.09375 0.0625
3 0.3328125 0.4546875 0.040625 0.078125
3 0.16015625 0.41171875 0.0703125 0.07968750000000001
3 0.1171875 0.3765625 0.043750000000000004 0.07500000000000001
3 0.265625 0.47500000000000003 0.040625 0.05625
4 0.29921875000000003 0.7265625 0.08281250000000001 0.096875
7 0.3328125 0.67578125 0.053125000000000006 0.0546875
0 0.2484375 0.5703125 0.015625 0.025
0 0.2 0.54921875 0.0125 0.0171875
0 0.6742187500000001 0.55859375 0.0171875 0.0234375
1 0.8187500000000001 0.48359375000000004 0.009375000000000001 0.0203125
1 0.7921875 0.45390625 0.0125 0.0203125
9 0.8148437500000001 0.48984375 0.010937500000000001 0.0203125
3 0.10625000000000001 0.18281250000000002 0.08750000000000001 0.046875
4 0.18828125 0.11640625 0.0703125 0.0671875
3 0.2703125 0.02109375 0.078125 0.0390625
3 0.2765625 0.049218750000000006 0.078125 0.060937500000000006
3 0.275 0.1 0.07187500000000001 0.05625
0 0.28750000000000003 0.16640625 0.0125 0.029687500000000002
3 0.52578125 0.07500000000000001 0.0765625 0.05625
3 0.52578125 0.12265625000000001 0.0859375 0.051562500000000004
3 0.5203125000000001 0.16718750000000002 0.08750000000000001 0.05
3 0.77890625 0.0328125 0.0859375 0.0625
3 0.6531250000000001 0.1703125 0.037500000000000006 0.07187500000000001
3 0.78828125 0.09062500000000001 0.07968750000000001 0.0625
4 0.5375 0.0328125 0.084375 0.0625
3 0.8015625000000001 0.18984375 0.078125 0.0671875
3 0.784375 0.14296875 0.084375 0.06406250000000001
3 0.80859375 0.2390625 0.0765625 0.065625
3 0.8093750000000001 0.30234375 0.07500000000000001 0.0734375
3 0.82421875 0.3484375 0.0765625 0.06875
4 0.6703125000000001 0.35781250000000003 0.043750000000000004 0.078125
0 0.28203125 0.34218750000000003 0.0140625 0.025
0 0.29375 0.3484375 0.0125 0.018750000000000003
0 0.30078125 0.34140625 0.0140625 0.0203125
1 0.35703125 0.36015625 0.0140625 0.029687500000000002
0 0.47890625000000003 0.36953125000000003 0.0140625 0.026562500000000003
1 0.48828125 0.40156250000000004 0.0140625 0.028125
9 0.48984375 0.40156250000000004 0.0171875 0.03125
2 0.35703125 0.36875 0.010937500000000001 0.03125
5 0.5593750000000001 0.40546875000000004 0.125 0.0734375
0 0.5859375 0.49062500000000003 0.0125 0.028125
3 0.8390625 0.53125 0.05625 0.065625
3 0.8578125000000001 0.6125 0.059375000000000004 0.09062500000000001
0 0.921875 0.5953125 0.0125 0.021875000000000002
0 0.9328125 0.5921875 0.0125 0.028125
0 0.9460937500000001 0.728125 0.0140625 0.021875000000000002
0 0.15078125 0.5476562500000001 0.0171875 0.026562500000000003
0 0.1640625 0.5453125 0.0125 0.025
1 0.14296875 0.61484375 0.0203125 0.0234375
9 0.146875 0.61640625 0.03125 0.010937500000000001
0 0.19453125000000002 0.628125 0.0171875 0.025
0 0.125 0.6640625 0.0125 0.018750000000000003
0 0.13593750000000002 0.6546875000000001 0.015625 0.018750000000000003
0 0.14921875 0.6703125000000001 0.0140625 0.025
1 0.22031250000000002 0.70078125 0.015625 0.0171875
4 0.18828125 0.73203125 0.045312500000000006 0.0859375
9 0.2890625 0.5085937500000001 0.028125 0.035937500000000004
9 0.17500000000000002 0.5078125 0.018750000000000003 0.034375
9 0.13046875 0.52109375 0.0140625 0.0390625
1 0.12812500000000002 0.55625 0.015625 0.021875000000000002
0 0.13203125000000002 0.58046875 0.010937500000000001 0.0234375
1 0.14140625 0.58203125 0.010937500000000001 0.0171875
9 0.28984375 0.69453125 0.026562500000000003 0.029687500000000002
9 0.21875 0.7921875 0.037500000000000006 0.028125
9 0.22031250000000002 0.8078125 0.03125 0.028125
0 0.1640625 0.84375 0.015625 0.028125
3 0.42890625000000004 0.68515625 0.045312500000000006 0.09531250000000001
3 0.50546875 0.7156250000000001 0.0484375 0.096875
3 0.27109375 0.8359375 0.0484375 0.096875
0 0.36640625000000004 0.7406250000000001 0.0140625 0.021875000000000002
0 0.37734375000000003 0.765625 0.010937500000000001 0.018750000000000003
3 0.5164062500000001 0.8382812500000001 0.0421875 0.09531250000000001
4 0.30312500000000003 0.9 0.08750000000000001 0.07500000000000001
3 0.6609375000000001 0.6898437500000001 0.046875 0.0859375
3 0.82578125 0.71640625 0.0421875 0.0765625
3 0.878125 0.7523437500000001 0.046875 0.0890625
3 0.6648437500000001 0.9226562500000001 0.0421875 0.08281250000000001
3 0.88828125 0.8546875 0.0484375 0.09375
