3 0.5421875 0.6125 0.11875000000000001 0.146875
9 0.7265625 0.5296875 0.06875 0.046875
2 0.68359375 0.36875 0.0578125 0.037500000000000006
9 0.6531250000000001 0.30234375 0.040625 0.045312500000000006
3 0.48750000000000004 0.32734375000000004 0.078125 0.0921875
3 0.40937500000000004 0.21484375 0.059375000000000004 0.060937500000000006
3 0.41328125000000004 0.146875 0.0578125 0.065625
0 0.37031250000000004 0.09140625000000001 0.015625 0.045312500000000006
0 0.484375 0.06328125 0.015625 0.0421875
4 0.07421875 0.025 0.07968750000000001 0.05
2 0.31875000000000003 0.171875 0.015625 0.040625
1 0.31875000000000003 0.16015625 0.015625 0.0421875
9 0.16718750000000002 0.07421875 0.015625 0.0390625
1 0.16562500000000002 0.06796875000000001 0.015625 0.0390625
9 0.1765625 0.20468750000000002 0.018750000000000003 0.040625
1 0.1796875 0.19140625 0.018750000000000003 0.0390625
