3 0.56953125 0.12734375 0.09843750000000001 0.0328125
3 0.8375 0.1609375 0.09062500000000001 0.037500000000000006
3 0.7328125000000001 0.22109375 0.1125 0.0484375
3 0.6429687500000001 0.28515625 0.09843750000000001 0.0546875
3 0.8546875 0.47578125000000004 0.10312500000000001 0.060937500000000006
3 0.10078125 0.013281250000000001 0.0421875 0.026562500000000003
3 0.04453125 0.1390625 0.0890625 0.034375
0 0.010937500000000001 0.1875 0.021875000000000002 0.040625
0 0.028125 0.1875 0.015625 0.040625
0 0.09140625000000001 0.17734375000000002 0.0140625 0.0390625
0 0.1046875 0.18671875000000002 0.009375000000000001 0.0328125
0 0.078125 0.2859375 0.015625 0.040625
0 0.08984375 0.26875 0.0140625 0.040625
3 0.27109375 0.11640625 0.0890625 0.035937500000000004
9 0.328125 0.09531250000000001 0.021875000000000002 0.021875000000000002
1 0.32578125 0.0859375 0.0140625 0.025
0 0.29375 0.2890625 0.018750000000000003 0.043750000000000004
0 0.41015625 0.41718750000000004 0.0234375 0.05
3 0.29609375 0.24765625000000002 0.09843750000000001 0.0484375
3 0.8054687500000001 0.26171875 0.1046875 0.0390625
3 0.8265625000000001 0.2828125 0.115625 0.043750000000000004
3 0.86640625 0.29921875000000003 0.1015625 0.0390625
3 0.8679687500000001 0.31953125000000004 0.09531250000000001 0.0328125
4 0.9484375 0.90234375 0.1 0.1265625
3 0.828125 0.5921875 0.12812500000000002 0.053125000000000006
3 0.7664062500000001 0.5242187500000001 0.1640625 0.0578125
3 0.73046875 0.4921875 0.1453125 0.053125000000000006
3 0.70078125 0.46328125000000003 0.1453125 0.051562500000000004
3 0.6765625000000001 0.43359375 0.146875 0.0484375
3 0.6484375 0.40859375000000003 0.1375 0.0484375
3 0.603125 0.37734375000000003 0.13125 0.0546875
3 0.5796875 0.3484375 0.12187500000000001 0.046875
3 0.57734375 0.32890625 0.09843750000000001 0.035937500000000004
3 0.54921875 0.30859375 0.11406250000000001 0.045312500000000006
3 0.5320312500000001 0.2859375 0.11406250000000001 0.040625
3 0.50390625 0.2671875 0.1171875 0.043750000000000004
3 0.48281250000000003 0.253125 0.1125 0.046875
3 0.6648437500000001 0.9281250000000001 0.2109375 0.09062500000000001
3 0.5921875 0.8546875 0.171875 0.07187500000000001
3 0.5453125 0.79609375 0.15000000000000002 0.0671875
3 0.52265625 0.7367187500000001 0.1640625 0.0703125
3 0.48671875000000003 0.6898437500000001 0.1484375 0.06406250000000001
3 0.45703125 0.65 0.1296875 0.05625
3 0.42890625000000004 0.60546875 0.13593750000000002 0.06406250000000001
3 0.40859375000000003 0.56484375 0.1296875 0.06406250000000001
3 0.37890625 0.5359375000000001 0.11093750000000001 0.05625
3 0.37343750000000003 0.50546875 0.12187500000000001 0.0546875
3 0.34453125 0.47500000000000003 0.1328125 0.053125000000000006
3 0.33125000000000004 0.44609375 0.115625 0.051562500000000004
3 0.309375 0.41484375 0.11875000000000001 0.0421875
3 0.28515625 0.390625 0.11406250000000001 0.05
3 0.2671875 0.36796875 0.1125 0.045312500000000006
3 0.25625000000000003 0.34687500000000004 0.1125 0.046875
4 0.23984375000000002 0.31484375000000003 0.0921875 0.051562500000000004
3 0.215625 0.2625 0.09062500000000001 0.05
3 0.22109375 0.29375 0.0921875 0.034375
3 0.30312500000000003 0.9359375000000001 0.125 0.11875000000000001
3 0.21484375 0.71484375 0.09843750000000001 0.0921875
1 0.05078125 0.34921875 0.0203125 0.0390625
9 0.05234375 0.35546875 0.0171875 0.0328125
4 0.1046875 0.8359375 0.12812500000000002 0.15625
