3 0.07578125000000001 0.13671875 0.0203125 0.0234375
3 0.051562500000000004 0.09531250000000001 0.0125 0.015625
3 0.049218750000000006 0.484375 0.06406250000000001 0.059375000000000004
3 0.30234375 0.4734375 0.0859375 0.084375
3 0.2625 0.3171875 0.07500000000000001 0.040625
3 0.49140625000000004 0.74609375 0.1171875 0.11406250000000001
0 0.8773437500000001 0.73203125 0.0328125 0.0734375
0 0.8078125 0.7203125 0.046875 0.07187500000000001
0 0.5296875 0.48515625 0.021875000000000002 0.0578125
0 0.35390625000000003 0.46953125 0.0203125 0.051562500000000004
9 0.7234375000000001 0.6570312500000001 0.065625 0.0421875
9 0.6984375 0.6414062500000001 0.053125000000000006 0.045312500000000006
9 0.6359375 0.5437500000000001 0.03125 0.043750000000000004
9 0.5828125000000001 0.51171875 0.021875000000000002 0.0421875
0 0.14375000000000002 0.2421875 0.009375000000000001 0.028125
9 0.38125000000000003 0.33046875000000003 0.037500000000000006 0.0234375
9 0.42578125 0.36562500000000003 0.026562500000000003 0.037500000000000006
9 0.39921875 0.35234375 0.0390625 0.026562500000000003
9 0.15000000000000002 0.22578125000000002 0.009375000000000001 0.0140625
1 0.15000000000000002 0.215625 0.009375000000000001 0.015625
9 0.12890625 0.22187500000000002 0.010937500000000001 0.018750000000000003
1 0.12890625 0.21250000000000002 0.010937500000000001 0.021875000000000002
