0 0.037500000000000006 0.8250000000000001 0.053125000000000006 0.125
0 0.03359375 0.86484375 0.0421875 0.11093750000000001
0 0.09531250000000001 0.8523437500000001 0.053125000000000006 0.1328125
0 0.18984375 0.78046875 0.0484375 0.1296875
0 0.2 0.74609375 0.037500000000000006 0.1171875
0 0.10078125 0.44453125000000004 0.0484375 0.1171875
0 0.06328125 0.52109375 0.0734375 0.1078125
0 0.06640625 0.596875 0.06406250000000001 0.125
0 0.1265625 0.55625 0.037500000000000006 0.134375
0 0.24140625000000002 0.34296875000000004 0.0203125 0.0734375
0 0.2484375 0.35000000000000003 0.021875000000000002 0.07500000000000001
0 0.27187500000000003 0.3375 0.034375 0.08125
0 0.19453125000000002 0.41875 0.045312500000000006 0.109375
0 0.15078125 0.48750000000000004 0.060937500000000006 0.12187500000000001
0 0.1703125 0.61328125 0.040625 0.1078125
0 0.2515625 0.7132812500000001 0.03125 0.0765625
0 0.23750000000000002 0.6515625 0.05625 0.115625
0 0.2109375 0.52734375 0.040625 0.1203125
0 0.25390625 0.46171875 0.035937500000000004 0.11406250000000001
0 0.2625 0.5640625 0.046875 0.125
0 0.30625 0.40156250000000004 0.034375 0.096875
0 0.3171875 0.50390625 0.040625 0.09843750000000001
0 0.3328125 0.43359375 0.043750000000000004 0.11406250000000001
0 0.3796875 0.47734375 0.037500000000000006 0.11406250000000001
0 0.39921875 0.53125 0.0390625 0.134375
0 0.3296875 0.6179687500000001 0.09062500000000001 0.1171875
0 0.2859375 0.6953125 0.043750000000000004 0.08750000000000001
0 0.30000000000000004 0.74140625 0.043750000000000004 0.1234375
0 0.24531250000000002 0.81640625 0.043750000000000004 0.1328125
0 0.28359375000000003 0.8562500000000001 0.035937500000000004 0.07500000000000001
0 0.434375 0.9078125 0.059375000000000004 0.15000000000000002
0 0.45390625 0.7898437500000001 0.0578125 0.1203125
0 0.49531250000000004 0.7703125000000001 0.046875 0.12187500000000001
0 0.35546875 0.734375 0.0421875 0.125
0 0.44843750000000004 0.690625 0.046875 0.1125
2 0.4140625 0.340625 0.046875 0.07187500000000001
0 0.47968750000000004 0.5085937500000001 0.021875000000000002 0.0671875
0 0.47578125000000004 0.5890625 0.029687500000000002 0.10625000000000001
0 0.48750000000000004 0.55390625 0.021875000000000002 0.0671875
0 0.51171875 0.54140625 0.0328125 0.0890625
0 0.5632812500000001 0.6578125 0.06406250000000001 0.1375
0 0.6257812500000001 0.59140625 0.035937500000000004 0.1078125
0 0.6875 0.69921875 0.053125000000000006 0.1390625
0 0.64453125 0.8757812500000001 0.06406250000000001 0.13593750000000002
