0 0.0171875 0.3359375 0.03125 0.05
0 0.032031250000000004 0.29921875000000003 0.0171875 0.051562500000000004
0 0.06328125 0.30546875 0.0203125 0.0484375
0 0.14375000000000002 0.34375 0.025 0.05625
0 0.06484375 0.37812500000000004 0.0234375 0.05625
0 0.06875 0.3453125 0.015625 0.05625
0 0.084375 0.34921875 0.015625 0.0484375
0 0.078125 0.415625 0.018750000000000003 0.046875
6 0.0578125 0.44843750000000004 0.06875 0.07500000000000001
1 0.14296875 0.46953125 0.026562500000000003 0.0421875
0 0.15390625000000002 0.53046875 0.0328125 0.0734375
0 0.178125 0.5171875 0.034375 0.078125
0 0.08203125 0.525 0.0203125 0.065625
0 0.10625000000000001 0.53515625 0.021875000000000002 0.0671875
0 0.07265625 0.54296875 0.0234375 0.06406250000000001
1 0.084375 0.56171875 0.03125 0.0484375
9 0.08671875000000001 0.5789062500000001 0.0421875 0.0546875
0 0.04609375 0.58359375 0.029687500000000002 0.0765625
0 0.025 0.6117187500000001 0.025 0.06406250000000001
0 0.03515625 0.62421875 0.026562500000000003 0.0390625
0 0.065625 0.6585937500000001 0.025 0.0671875
1 0.12734375 0.74140625 0.0203125 0.0421875
0 0.13046875 0.76171875 0.045312500000000006 0.08281250000000001
0 0.05078125 0.8445312500000001 0.0390625 0.0921875
0 0.215625 0.6335937500000001 0.021875000000000002 0.051562500000000004
0 0.22890625 0.6312500000000001 0.0203125 0.07500000000000001
1 0.17890625000000002 0.7992187500000001 0.0390625 0.06406250000000001
6 0.20078125000000002 0.8140625 0.1546875 0.08750000000000001
0 0.34218750000000003 0.4859375 0.021875000000000002 0.043750000000000004
0 0.33906250000000004 0.53046875 0.021875000000000002 0.0703125
0 0.37421875000000004 0.30078125 0.0203125 0.0421875
0 0.39609375 0.30312500000000003 0.0171875 0.043750000000000004
0 0.2109375 0.3828125 0.018750000000000003 0.059375000000000004
1 0.24453125 0.39687500000000003 0.026562500000000003 0.040625
3 0.215625 0.42421875000000003 0.15937500000000002 0.0859375
0 0.375 0.540625 0.021875000000000002 0.05
0 0.36171875000000003 0.5 0.0203125 0.059375000000000004
0 0.37343750000000003 0.509375 0.018750000000000003 0.05
0 0.37890625 0.55 0.026562500000000003 0.05625
0 0.384375 0.56875 0.028125 0.06875
0 0.39140625 0.59296875 0.029687500000000002 0.0734375
0 0.4109375 0.56171875 0.03125 0.0734375
0 0.42734375 0.56796875 0.0328125 0.0734375
0 0.41796875 0.5328125 0.026562500000000003 0.059375000000000004
0 0.43828125 0.5375 0.026562500000000003 0.065625
0 0.44453125000000004 0.5789062500000001 0.026562500000000003 0.0671875
0 0.47968750000000004 0.57578125 0.028125 0.0671875
0 0.49843750000000003 0.6039062500000001 0.037500000000000006 0.0765625
1 0.753125 0.59296875 0.03125 0.0578125
