3 0.1234375 0.3671875 0.037500000000000006 0.084375
3 0.14453125 0.1625 0.0546875 0.078125
4 0.11953125 0.6429687500000001 0.0421875 0.09843750000000001
4 0.14609375 0.2484375 0.06406250000000001 0.06875
9 0.25546875 0.1125 0.0140625 0.025
9 0.25625000000000003 0.1875 0.009375000000000001 0.03125
9 0.24140625000000002 0.25390625 0.026562500000000003 0.0140625
9 0.24531250000000002 0.32265625000000003 0.009375000000000001 0.026562500000000003
9 0.25703125 0.33359375 0.010937500000000001 0.026562500000000003
9 0.0671875 0.47968750000000004 0.0125 0.03125
1 0.0703125 0.46484375 0.009375000000000001 0.0078125
1 0.0703125 0.48046875 0.0125 0.0171875
0 0.05 0.7664062500000001 0.015625 0.0140625
0 0.203125 0.6937500000000001 0.0125 0.015625
0 0.22812500000000002 0.6898437500000001 0.00625 0.0140625
0 0.20390625 0.71015625 0.010937500000000001 0.0140625
0 0.08750000000000001 0.453125 0.0125 0.009375000000000001
0 0.10312500000000001 0.45156250000000003 0.00625 0.00625
