3 0.8453125 0.6640625 0.09375 0.09062500000000001
3 0.7703125000000001 0.55390625 0.08125 0.0765625
3 0.60703125 0.30390625000000004 0.0390625 0.0328125
3 0.47265625 0.384375 0.0484375 0.043750000000000004
0 0.578125 0.29453125 0.009375000000000001 0.0328125
3 0.3515625 0.284375 0.040625 0.040625
3 0.26640625 0.4078125 0.0484375 0.05625
3 0.21406250000000002 0.34609375000000003 0.046875 0.0484375
3 0.1125 0.43828125 0.05625 0.06406250000000001
3 0.08359375000000001 0.49453125000000003 0.06406250000000001 0.060937500000000006
3 0.17500000000000002 0.553125 0.0625 0.08125
3 0.046875 0.6218750000000001 0.084375 0.09375
3 0.17890625000000002 0.21250000000000002 0.051562500000000004 0.03125
3 0.29296875 0.20234375000000002 0.06406250000000001 0.0328125
3 0.35468750000000004 0.215625 0.06875 0.03125
1 0.18906250000000002 0.44609375 0.015625 0.0421875
1 0.19062500000000002 0.43828125 0.015625 0.0390625
9 0.18906250000000002 0.453125 0.015625 0.043750000000000004
3 0.27890625 0.16718750000000002 0.026562500000000003 0.028125
3 0.23671875 0.16015625 0.026562500000000003 0.029687500000000002
1 0.20078125000000002 0.18359375 0.010937500000000001 0.0203125
2 0.20078125000000002 0.18828125 0.010937500000000001 0.0234375
0 0.42500000000000004 0.19296875000000002 0.015625 0.0234375
3 0.5085937500000001 0.16015625 0.026562500000000003 0.026562500000000003
3 0.4890625 0.12109375 0.028125 0.026562500000000003
3 0.39375000000000004 0.12421875 0.025 0.0234375
3 0.38671875 0.078125 0.0171875 0.021875000000000002
3 0.29375 0.10625000000000001 0.021875000000000002 0.021875000000000002
3 0.25859375 0.12734375 0.0234375 0.0234375
3 0.23046875 0.11015625000000001 0.0234375 0.0234375
3 0.28046875 0.0859375 0.0171875 0.018750000000000003
3 0.28203125 0.06953125 0.0203125 0.0171875
3 0.284375 0.02734375 0.015625 0.0140625
3 0.30703125000000003 0.032031250000000004 0.0140625 0.0140625
3 0.30078125 0.01015625 0.010937500000000001 0.0140625
3 0.15078125 0.10625000000000001 0.0203125 0.018750000000000003
0 0.24921875000000002 0.10703125000000001 0.010937500000000001 0.0203125
