3 0.28750000000000003 0.55390625 0.09375 0.051562500000000004
1 0.13359375 0.9500000000000001 0.0203125 0.03125
0 0.1421875 0.9265625000000001 0.03125 0.059375000000000004
0 0.16328125000000002 0.9085937500000001 0.026562500000000003 0.051562500000000004
1 0.85546875 0.94140625 0.026562500000000003 0.0484375
0 0.8609375 0.91328125 0.028125 0.0421875
6 0.8546875 0.9328125 0.05625 0.10625000000000001
9 0.88828125 0.47187500000000004 0.0203125 0.028125
3 0.80078125 0.625 0.0703125 0.07500000000000001
7 0.79609375 0.46328125000000003 0.045312500000000006 0.06406250000000001
4 0.8875000000000001 0.40859375000000003 0.03125 0.0484375
1 0.9640625 0.2515625 0.00625 0.009375000000000001
9 0.9656250000000001 0.25546875 0.00625 0.0140625
4 0.85078125 0.27109375 0.0578125 0.029687500000000002
3 0.9187500000000001 0.13359375 0.015625 0.0140625
3 0.91796875 0.1265625 0.010937500000000001 0.0125
3 0.93359375 0.10703125000000001 0.0140625 0.0140625
3 0.93515625 0.10234375000000001 0.010937500000000001 0.0140625
3 0.9398437500000001 0.09140625000000001 0.0140625 0.0140625
3 0.98359375 0.11093750000000001 0.010937500000000001 0.015625
3 0.9148437500000001 0.11093750000000001 0.0203125 0.0125
3 0.96875 0.07578125000000001 0.018750000000000003 0.0140625
4 0.78125 0.0890625 0.037500000000000006 0.018750000000000003
4 0.784375 0.08203125 0.03125 0.0171875
3 0.78046875 0.1125 0.029687500000000002 0.009375000000000001
3 0.7859375000000001 0.1203125 0.015625 0.015625
3 0.73203125 0.12187500000000001 0.0171875 0.0125
3 0.7351562500000001 0.13359375 0.0203125 0.0171875
0 0.71640625 0.13359375 0.004687500000000001 0.0140625
0 0.7250000000000001 0.146875 0.009375000000000001 0.0125
0 0.7015625000000001 0.14453125 0.009375000000000001 0.0140625
0 0.6921875000000001 0.19609375 0.009375000000000001 0.0203125
5 0.7445312500000001 0.16718750000000002 0.0421875 0.046875
3 0.67109375 0.17734375000000002 0.026562500000000003 0.0171875
3 0.6570312500000001 0.18671875000000002 0.0203125 0.0171875
3 0.63671875 0.23828125 0.051562500000000004 0.026562500000000003
9 0.5476562500000001 0.29531250000000003 0.026562500000000003 0.018750000000000003
0 0.56171875 0.32656250000000003 0.010937500000000001 0.03125
3 0.6648437500000001 0.35625 0.0703125 0.034375
9 0.534375 0.31484375000000003 0.015625 0.0140625
6 0.5281250000000001 0.33906250000000004 0.05625 0.025
3 0.41953125 0.34140625 0.0578125 0.0421875
3 0.40078125000000003 0.35703125 0.060937500000000006 0.0390625
3 0.50546875 0.3609375 0.07968750000000001 0.034375
3 0.48750000000000004 0.37343750000000003 0.06875 0.03125
3 0.47500000000000003 0.3828125 0.07187500000000001 0.028125
3 0.47187500000000004 0.39609375 0.08125 0.0328125
3 0.47109375000000003 0.40859375000000003 0.0890625 0.0328125
3 0.4421875 0.43125 0.1 0.043750000000000004
3 0.43046875 0.44062500000000004 0.0859375 0.040625
0 0.3921875 0.3984375 0.018750000000000003 0.03125
0 0.51015625 0.41015625 0.010937500000000001 0.029687500000000002
1 0.51796875 0.41953125 0.010937500000000001 0.0234375
0 0.525 0.4390625 0.015625 0.034375
0 0.50625 0.44296875 0.0125 0.035937500000000004
0 0.51171875 0.4421875 0.010937500000000001 0.025
0 0.46640625 0.46484375 0.010937500000000001 0.026562500000000003
0 0.48671875000000003 0.44843750000000004 0.010937500000000001 0.028125
