3 0.9500000000000001 0.5945312500000001 0.05625 0.0234375
3 0.8546875 0.5789062500000001 0.046875 0.0328125
3 0.8445312500000001 0.67734375 0.07968750000000001 0.045312500000000006
3 0.6890625 0.6664062500000001 0.07187500000000001 0.051562500000000004
3 0.6648437500000001 0.5328125 0.035937500000000004 0.021875000000000002
3 0.7453125 0.55078125 0.046875 0.026562500000000003
3 0.6156250000000001 0.5789062500000001 0.046875 0.026562500000000003
3 0.525 0.55703125 0.059375000000000004 0.026562500000000003
5 0.0484375 0.55 0.08125 0.07500000000000001
0 0.084375 0.5703125 0.015625 0.034375
3 0.09375 0.67109375 0.05 0.0578125
3 0.10625000000000001 0.64765625 0.046875 0.0421875
3 0.11093750000000001 0.6296875000000001 0.037500000000000006 0.040625
5 0.12187500000000001 0.5703125 0.046875 0.05
5 0.140625 0.51328125 0.07500000000000001 0.09843750000000001
3 0.1796875 0.5437500000000001 0.034375 0.025
3 0.2546875 0.6671875 0.046875 0.05625
3 0.2484375 0.640625 0.040625 0.040625
3 0.24375000000000002 0.61875 0.043750000000000004 0.034375
3 0.23593750000000002 0.60546875 0.037500000000000006 0.0390625
3 0.23984375000000002 0.59140625 0.0328125 0.0328125
3 0.23750000000000002 0.58046875 0.034375 0.026562500000000003
3 0.2484375 0.5710937500000001 0.028125 0.026562500000000003
3 0.24140625000000002 0.55 0.0328125 0.025
3 0.26171875 0.54296875 0.026562500000000003 0.0234375
3 0.27265625 0.5375 0.026562500000000003 0.021875000000000002
3 0.23515625 0.53125 0.0203125 0.025
3 0.19843750000000002 0.5359375000000001 0.021875000000000002 0.025
