3 0.84375 0.17500000000000002 0.05 0.078125
4 0.36484375 0.73828125 0.1015625 0.06406250000000001
3 0.44453125000000004 0.6414062500000001 0.0734375 0.1171875
3 0.4296875 0.553125 0.11875000000000001 0.096875
3 0.5085937500000001 0.44140625 0.07968750000000001 0.0921875
3 0.4375 0.37578125 0.115625 0.0921875
3 0.5476562500000001 0.1859375 0.1015625 0.0625
6 0.60546875 0.10078125 0.0171875 0.0328125
0 0.484375 0.115625 0.015625 0.034375
0 0.46406250000000004 0.12812500000000002 0.015625 0.037500000000000006
0 0.4390625 0.134375 0.015625 0.034375
0 0.42500000000000004 0.1296875 0.015625 0.034375
9 0.42031250000000003 0.15390625000000002 0.03125 0.026562500000000003
1 0.4109375 0.17421875 0.028125 0.026562500000000003
9 0.3984375 0.19453125000000002 0.037500000000000006 0.026562500000000003
0 0.46484375 0.22031250000000002 0.0171875 0.034375
0 0.66171875 0.2328125 0.010937500000000001 0.034375
0 0.67109375 0.2265625 0.010937500000000001 0.025
0 0.9640625 0.24296875 0.015625 0.0328125
3 0.9640625 0.25390625 0.021875000000000002 0.0328125
0 0.98359375 0.043750000000000004 0.0203125 0.025
3 0.98203125 0.053125000000000006 0.0203125 0.025
