3 0.9515625000000001 0.6312500000000001 0.084375 0.09375
3 0.78125 0.88046875 0.10625000000000001 0.1390625
4 0.671875 0.9234375 0.06875 0.12187500000000001
3 0.54921875 0.890625 0.0765625 0.134375
3 0.6515625 0.7734375 0.07500000000000001 0.115625
3 0.64765625 0.628125 0.06406250000000001 0.08125
3 0.48281250000000003 0.65546875 0.078125 0.1015625
3 0.49921875000000004 0.521875 0.06406250000000001 0.08125
3 0.6125 0.45859375 0.05625 0.0578125
4 0.5085937500000001 0.42109375000000004 0.0546875 0.07968750000000001
3 0.59375 0.3609375 0.053125000000000006 0.059375000000000004
3 0.50703125 0.34296875000000004 0.051562500000000004 0.06406250000000001
3 0.5921875 0.26015625000000003 0.037500000000000006 0.0421875
4 0.67109375 0.2671875 0.0484375 0.05
0 0.6585937500000001 0.29140625000000003 0.0203125 0.0390625
3 0.6578125 0.21953125 0.040625 0.0390625
3 0.63046875 0.17421875 0.035937500000000004 0.035937500000000004
3 0.5484375 0.209375 0.043750000000000004 0.040625
3 0.45 0.25234375000000003 0.053125000000000006 0.045312500000000006
3 0.3953125 0.33515625000000004 0.040625 0.0546875
3 0.32109375 0.37031250000000004 0.051562500000000004 0.05625
4 0.28828125 0.44609375 0.1015625 0.0734375
5 0.37031250000000004 0.503125 0.06875 0.12812500000000002
5 0.3875 0.603125 0.08750000000000001 0.12187500000000001
3 0.25703125 0.5703125 0.1328125 0.059375000000000004
6 0.26875 0.3875 0.06875 0.043750000000000004
3 0.16796875 0.2328125 0.0421875 0.046875
3 0.24609375 0.22968750000000002 0.0484375 0.05
4 0.35390625000000003 0.265625 0.0421875 0.059375000000000004
5 0.15859375 0.14921875 0.1203125 0.045312500000000006
5 0.28359375000000003 0.1375 0.1171875 0.043750000000000004
5 0.2765625 0.11953125 0.10312500000000001 0.045312500000000006
3 0.27265625 0.06796875000000001 0.035937500000000004 0.035937500000000004
3 0.2859375 0.025781250000000002 0.03125 0.026562500000000003
3 0.33906250000000004 0.0765625 0.03125 0.034375
3 0.54921875 0.15781250000000002 0.0328125 0.03125
3 0.5546875 0.11328125 0.03125 0.029687500000000002
3 0.6234375000000001 0.115625 0.034375 0.034375
5 0.6140625000000001 0.07578125000000001 0.037500000000000006 0.051562500000000004
3 0.6023437500000001 0.0328125 0.026562500000000003 0.025
3 0.5359375000000001 0.025 0.03125 0.03125
4 0.403125 0.084375 0.05 0.043750000000000004
3 0.4140625 0.0546875 0.028125 0.028125
3 0.41875 0.03125 0.03125 0.028125
3 0.74375 0.47265625 0.05625 0.0671875
3 0.74609375 0.09921875000000001 0.0328125 0.0328125
4 0.73046875 0.02890625 0.0328125 0.045312500000000006
1 0.84765625 0.875 0.0234375 0.05
9 0.84765625 0.8757812500000001 0.029687500000000002 0.060937500000000006
1 0.9046875000000001 0.5625 0.018750000000000003 0.040625
1 0.9140625 0.56796875 0.015625 0.0328125
9 0.9070312500000001 0.56875 0.0328125 0.040625
1 0.68671875 0.5789062500000001 0.0203125 0.0328125
9 0.69140625 0.58984375 0.0421875 0.0421875
0 0.6898437500000001 0.43359375 0.0171875 0.0390625
0 0.19375 0.7937500000000001 0.03125 0.043750000000000004
0 0.40234375 0.78125 0.0203125 0.043750000000000004
0 0.4234375 0.77734375 0.03125 0.045312500000000006
0 0.42421875000000003 0.765625 0.0234375 0.05
1 0.48046875 0.80078125 0.0234375 0.0421875
6 0.47890625000000003 0.81171875 0.0421875 0.0671875
0 0.31171875000000004 0.0578125 0.010937500000000001 0.021875000000000002
0 0.43281250000000004 0.09921875000000001 0.0125 0.029687500000000002
