8 0.29531250000000003 0.39375000000000004 0.07187500000000001 0.07187500000000001
5 0.3203125 0.44609375 0.046875 0.0546875
5 0.8046875 0.6335937500000001 0.1875 0.09531250000000001
8 0.8148437500000001 0.8359375 0.1546875 0.24375000000000002
3 0.33671875 0.390625 0.0328125 0.021875000000000002
3 0.35703125 0.4140625 0.0328125 0.037500000000000006
3 0.3875 0.45 0.05 0.025
3 0.390625 0.43281250000000004 0.034375 0.034375
3 0.6570312500000001 0.5109375 0.060937500000000006 0.046875
3 0.1171875 0.58125 0.1125 0.043750000000000004
3 0.91796875 0.6156250000000001 0.0890625 0.043750000000000004
3 0.89375 0.6937500000000001 0.15000000000000002 0.059375000000000004
3 0.53125 0.6015625 0.115625 0.053125000000000006
3 0.40390625 0.55390625 0.0859375 0.045312500000000006
3 0.2109375 0.55078125 0.1 0.0484375
3 0.30078125 0.659375 0.0703125 0.0625
3 0.2515625 0.75 0.07500000000000001 0.078125
3 0.2671875 0.9343750000000001 0.09062500000000001 0.09375
3 0.4609375 0.8140625 0.10312500000000001 0.08750000000000001
3 0.63828125 0.7265625 0.1546875 0.078125
3 0.60859375 0.8078125 0.0703125 0.09062500000000001
3 0.6234375000000001 0.90546875 0.09062500000000001 0.09531250000000001
1 0.02890625 0.925 0.0234375 0.065625
7 0.45625000000000004 0.52265625 0.043750000000000004 0.0484375
9 0.025 0.946875 0.021875000000000002 0.040625
1 0.7734375 0.5640625 0.015625 0.03125
9 0.77890625 0.578125 0.051562500000000004 0.018750000000000003
3 0.31953125000000004 0.31953125000000004 0.0390625 0.029687500000000002
5 0.22968750000000002 0.32265625000000003 0.043750000000000004 0.035937500000000004
1 0.22968750000000002 0.47578125000000004 0.0125 0.026562500000000003
1 0.209375 0.4765625 0.015625 0.03125
2 0.20859375000000002 0.48750000000000004 0.0171875 0.021875000000000002
2 0.22968750000000002 0.48671875000000003 0.015625 0.026562500000000003
1 0.18828125 0.3765625 0.0140625 0.021875000000000002
9 0.19062500000000002 0.38906250000000003 0.0125 0.015625
3 0.03125 0.2515625 0.034375 0.03125
3 0.2109375 0.34687500000000004 0.034375 0.021875000000000002
3 0.2578125 0.36484375 0.03125 0.026562500000000003
