4 0.79609375 0.13203125000000002 0.0578125 0.026562500000000003
4 0.8562500000000001 0.19843750000000002 0.040625 0.040625
4 0.946875 0.15078125 0.06875 0.026562500000000003
3 0.9640625 0.41953125 0.05 0.0578125
3 0.8234375 0.40703125 0.1375 0.0671875
3 0.6953125 0.38359375 0.12187500000000001 0.0578125
3 0.5476562500000001 0.37109375 0.1171875 0.051562500000000004
3 0.4703125 0.359375 0.10625000000000001 0.05625
3 0.36953125000000003 0.34375 0.09531250000000001 0.053125000000000006
3 0.29296875 0.33359375 0.0765625 0.0484375
0 0.73828125 0.60078125 0.026562500000000003 0.0734375
0 0.6570312500000001 0.5703125 0.0203125 0.05625
9 0.56796875 0.596875 0.035937500000000004 0.059375000000000004
1 0.6843750000000001 0.6960937500000001 0.03125 0.08281250000000001
0 0.7742187500000001 0.7609375 0.0546875 0.07500000000000001
1 0.8296875 0.7976562500000001 0.05 0.0921875
7 0.48515625 0.49375 0.06406250000000001 0.08125
0 0.19687500000000002 0.465625 0.03125 0.059375000000000004
3 0.178125 0.32109375 0.09062500000000001 0.0484375
3 0.11406250000000001 0.30859375 0.078125 0.051562500000000004
9 0.10546875 0.421875 0.0546875 0.043750000000000004
9 0.08515625 0.39375000000000004 0.0140625 0.034375
7 0.2 0.18671875000000002 0.0625 0.0390625
0 0.21171875 0.18281250000000002 0.010937500000000001 0.03125
4 0.13125 0.19765625 0.09375 0.035937500000000004
0 0.9070312500000001 0.86875 0.0546875 0.096875
