0 0.1203125 0.10078125 0.043750000000000004 0.060937500000000006
0 0.16484375 0.37890625 0.0203125 0.06406250000000001
1 0.45625000000000004 0.22812500000000002 0.053125000000000006 0.07187500000000001
3 0.35078125000000004 0.34140625 0.2421875 0.1171875
3 0.40703125 0.49921875000000004 0.2859375 0.1390625
3 0.42890625000000004 0.7125 0.30781250000000004 0.14375000000000002
1 0.48984375 0.22265625 0.029687500000000002 0.0578125
9 0.6218750000000001 0.8929687500000001 0.11875000000000001 0.07968750000000001
9 0.5710937500000001 0.83125 0.1015625 0.08750000000000001
9 0.6375000000000001 0.83203125 0.09062500000000001 0.11093750000000001
