3 0.96484375 0.01953125 0.026562500000000003 0.026562500000000003
0 0.9929687500000001 0.0859375 0.010937500000000001 0.025
3 0.9640625 0.11328125 0.03125 0.0328125
3 0.9375 0.13203125000000002 0.03125 0.035937500000000004
3 0.9593750000000001 0.16953125000000002 0.037500000000000006 0.0421875
7 0.92734375 0.28125 0.029687500000000002 0.053125000000000006
3 0.4453125 0.8132812500000001 0.10312500000000001 0.1328125
3 0.58125 0.51015625 0.115625 0.08281250000000001
9 0.56640625 0.44765625000000003 0.0328125 0.0390625
7 0.6515625 0.36015625 0.096875 0.060937500000000006
9 0.6726562500000001 0.27890625 0.0328125 0.0234375
0 0.77109375 0.2078125 0.010937500000000001 0.028125
0 0.75703125 0.20390625 0.010937500000000001 0.026562500000000003
2 0.7195312500000001 0.19921875 0.0234375 0.0140625
9 0.721875 0.18203125 0.028125 0.0234375
3 0.7914062500000001 0.171875 0.07968750000000001 0.03125
9 0.7937500000000001 0.04296875 0.03125 0.0203125
