1 0.22031250000000002 0.67890625 0.0125 0.0234375
1 0.14140625 0.58515625 0.0140625 0.0203125
1 0.24609375 0.57265625 0.0078125 0.0203125
1 0.0421875 0.47187500000000004 0.00625 0.015625
1 0.05078125 0.478125 0.010937500000000001 0.018750000000000003
1 0.07187500000000001 0.46640625 0.00625 0.0171875
1 0.10703125000000001 0.40546875000000004 0.0078125 0.0171875
1 0.4609375 0.9515625000000001 0.040625 0.059375000000000004
9 0.46328125000000003 0.9656250000000001 0.0421875 0.0625
9 0.22031250000000002 0.6898437500000001 0.018750000000000003 0.0328125
9 0.41718750000000004 0.7742187500000001 0.028125 0.060937500000000006
0 0.75703125 0.97421875 0.026562500000000003 0.051562500000000004
9 0.14296875 0.59609375 0.0171875 0.026562500000000003
9 0.24765625000000002 0.58203125 0.010937500000000001 0.0203125
9 0.051562500000000004 0.48203125 0.0125 0.0171875
9 0.07421875 0.4703125 0.010937500000000001 0.021875000000000002
9 0.1078125 0.41171875 0.009375000000000001 0.0171875
9 0.0421875 0.478125 0.009375000000000001 0.018750000000000003
3 0.032031250000000004 0.55234375 0.0484375 0.045312500000000006
3 0.13515625 0.45859375 0.029687500000000002 0.026562500000000003
0 0.1625 0.39687500000000003 0.009375000000000001 0.018750000000000003
7 0.253125 0.45156250000000003 0.018750000000000003 0.025
3 0.18828125 0.3609375 0.0140625 0.015625
3 0.19296875000000002 0.34687500000000004 0.0140625 0.0125
3 0.2390625 0.3328125 0.0125 0.0125
3 0.25234375000000003 0.32109375 0.010937500000000001 0.0078125
3 0.21406250000000002 0.309375 0.009375000000000001 0.009375000000000001
6 0.25703125 0.39921875 0.026562500000000003 0.0171875
1 0.25 0.39453125 0.00625 0.010937500000000001
