3 0.31796875 0.815625 0.0703125 0.11875000000000001
3 0.5046875000000001 0.8453125 0.15937500000000002 0.07187500000000001
0 0.70625 0.8718750000000001 0.028125 0.05
4 0.5390625 0.7210937500000001 0.1 0.1078125
3 0.44062500000000004 0.7734375 0.1125 0.0625
4 0.4109375 0.7078125000000001 0.11875000000000001 0.07500000000000001
4 0.421875 0.63828125 0.12187500000000001 0.0671875
4 0.50546875 0.584375 0.07968750000000001 0.07500000000000001
3 0.6375000000000001 0.53828125 0.07187500000000001 0.0734375
0 0.7585937500000001 0.63828125 0.026562500000000003 0.0421875
3 0.40859375000000003 0.59375 0.1203125 0.05625
3 0.403125 0.5515625000000001 0.109375 0.046875
5 0.48828125 0.5015625 0.060937500000000006 0.078125
6 0.25 0.58125 0.03125 0.053125000000000006
6 0.31093750000000003 0.515625 0.025 0.046875
3 0.084375 0.48515625 0.05 0.0578125
3 0.11406250000000001 0.3875 0.040625 0.046875
5 0.37421875000000004 0.43359375 0.0921875 0.045312500000000006
5 0.37109375 0.40546875000000004 0.09843750000000001 0.0390625
4 0.3515625 0.384375 0.06875 0.034375
3 0.3765625 0.37343750000000003 0.07187500000000001 0.03125
5 0.35078125000000004 0.35625 0.07968750000000001 0.037500000000000006
5 0.375 0.30078125 0.08125 0.035937500000000004
9 0.04609375 0.40468750000000003 0.0203125 0.025
0 0.04609375 0.3984375 0.0140625 0.025
6 0.06640625 0.3203125 0.0234375 0.028125
1 0.0671875 0.3140625 0.0125 0.015625
6 0.09921875000000001 0.30859375 0.026562500000000003 0.029687500000000002
6 0.05078125 0.309375 0.0203125 0.03125
3 0.060937500000000006 0.29140625000000003 0.0625 0.0234375
1 0.2484375 0.56953125 0.015625 0.026562500000000003
1 0.31093750000000003 0.51015625 0.015625 0.026562500000000003
9 0.625 0.49296875 0.05 0.026562500000000003
4 0.4734375 0.28750000000000003 0.03125 0.040625
3 0.28984375 0.30781250000000004 0.026562500000000003 0.034375
3 0.290625 0.27890625 0.028125 0.026562500000000003
3 0.33906250000000004 0.25546875 0.059375000000000004 0.029687500000000002
6 0.37031250000000004 0.24921875000000002 0.03125 0.0203125
6 0.4453125 0.23203125000000002 0.025 0.026562500000000003
3 0.42109375000000004 0.2078125 0.0234375 0.021875000000000002
3 0.43515625 0.19687500000000002 0.0421875 0.021875000000000002
0 0.40078125000000003 0.2 0.0078125 0.015625
0 0.40937500000000004 0.19687500000000002 0.00625 0.018750000000000003
0 0.20078125000000002 0.23359375000000002 0.0078125 0.0203125
0 0.26171875 0.2328125 0.010937500000000001 0.018750000000000003
3 0.28046875 0.253125 0.0234375 0.021875000000000002
4 0.28515625 0.234375 0.0203125 0.021875000000000002
0 0.27109375 0.22578125000000002 0.0078125 0.0234375
0 0.2671875 0.22109375 0.009375000000000001 0.026562500000000003
3 0.14453125 0.2578125 0.026562500000000003 0.028125
3 0.12187500000000001 0.23203125000000002 0.025 0.026562500000000003
3 0.07578125000000001 0.23203125000000002 0.029687500000000002 0.026562500000000003
6 0.10234375000000001 0.25546875 0.0171875 0.0203125
1 0.1015625 0.25 0.009375000000000001 0.015625
6 0.09140625000000001 0.275 0.026562500000000003 0.025
1 0.08828125 0.27187500000000003 0.010937500000000001 0.015625
3 0.039843750000000004 0.27968750000000003 0.0578125 0.03125
3 0.16015625 0.21406250000000002 0.0234375 0.025
3 0.13593750000000002 0.21406250000000002 0.021875000000000002 0.025
3 0.07500000000000001 0.21015625000000002 0.025 0.026562500000000003
3 0.2390625 0.1921875 0.034375 0.021875000000000002
3 0.16640625 0.184375 0.0203125 0.021875000000000002
7 0.13125 0.184375 0.0125 0.018750000000000003
4 0.04296875 0.18984375 0.0390625 0.026562500000000003
6 0.043750000000000004 0.2515625 0.040625 0.037500000000000006
3 0.09843750000000001 0.16953125000000002 0.021875000000000002 0.0203125
3 0.1421875 0.16718750000000002 0.021875000000000002 0.018750000000000003
3 0.16953125000000002 0.16953125000000002 0.0203125 0.0171875
3 0.209375 0.16328125000000002 0.018750000000000003 0.0140625
6 0.00859375 0.2546875 0.0171875 0.025
0 0.045312500000000006 0.22265625 0.009375000000000001 0.0234375
0 0.046875 0.22031250000000002 0.00625 0.025
3 0.037500000000000006 0.18671875000000002 0.046875 0.0203125
6 0.28203125 0.209375 0.0140625 0.025
0 0.004687500000000001 0.18671875000000002 0.00625 0.0171875
2 0.73359375 0.5890625 0.035937500000000004 0.037500000000000006
0 0.37031250000000004 0.17265625 0.009375000000000001 0.0171875
