3 0.10859375 0.7523437500000001 0.0484375 0.035937500000000004
3 0.04609375 0.7898437500000001 0.0578125 0.035937500000000004
3 0.0078125 0.8234375 0.015625 0.040625
3 0.46718750000000003 0.8265625000000001 0.046875 0.040625
8 0.55 0.8851562500000001 0.10625000000000001 0.09843750000000001
0 0.65625 0.9812500000000001 0.00625 0.021875000000000002
0 0.6703125000000001 0.9773437500000001 0.009375000000000001 0.0234375
0 0.6078125000000001 0.8773437500000001 0.009375000000000001 0.0234375
1 0.59765625 0.946875 0.0078125 0.018750000000000003
2 0.59609375 0.953125 0.0203125 0.018750000000000003
3 0.703125 0.6117187500000001 0.037500000000000006 0.026562500000000003
3 0.93359375 0.58984375 0.026562500000000003 0.0234375
3 0.7054687500000001 0.50703125 0.029687500000000002 0.026562500000000003
3 0.96484375 0.28515625 0.0203125 0.0140625
