3 0.0671875 0.27890625 0.059375000000000004 0.0328125
3 0.047656250000000004 0.24140625000000002 0.0484375 0.0390625
3 0.08281250000000001 0.23515625 0.053125000000000006 0.0390625
0 0.1015625 0.22031250000000002 0.009375000000000001 0.018750000000000003
3 0.22421875000000002 0.284375 0.0890625 0.043750000000000004
3 0.16171875000000002 0.22812500000000002 0.0484375 0.034375
3 0.19375 0.22187500000000002 0.040625 0.034375
3 0.16640625 0.19062500000000002 0.0578125 0.025
7 0.3046875 0.24375000000000002 0.059375000000000004 0.03125
7 0.37812500000000004 0.32578125 0.08750000000000001 0.0421875
4 0.43515625 0.26484375 0.06406250000000001 0.045312500000000006
9 0.44609375 0.33046875000000003 0.026562500000000003 0.0234375
0 0.37734375000000003 0.29921875000000003 0.0140625 0.0171875
9 0.37812500000000004 0.30546875 0.025 0.0171875
3 0.30078125 0.23125 0.0671875 0.034375
3 0.31562500000000004 0.22031250000000002 0.059375000000000004 0.03125
3 0.34687500000000004 0.21953125 0.05625 0.035937500000000004
3 0.415625 0.21640625000000002 0.043750000000000004 0.0390625
3 0.415625 0.19843750000000002 0.065625 0.034375
4 0.49375 0.209375 0.046875 0.040625
4 0.53828125 0.24765625000000002 0.06406250000000001 0.0421875
1 0.5109375 0.23750000000000002 0.015625 0.015625
9 0.42890625000000004 0.16796875 0.0203125 0.0171875
9 0.23593750000000002 0.23515625 0.015625 0.0234375
0 0.10390625 0.19375 0.010937500000000001 0.021875000000000002
9 0.08984375 0.1859375 0.0171875 0.018750000000000003
9 0.059375000000000004 0.18515625000000002 0.0125 0.0234375
3 0.057031250000000006 0.71015625 0.0703125 0.0890625
4 0.17343750000000002 0.6984375 0.065625 0.08125
3 0.7406250000000001 0.74765625 0.1125 0.09843750000000001
3 0.79453125 0.6375000000000001 0.1265625 0.05625
4 0.8250000000000001 0.60703125 0.10312500000000001 0.051562500000000004
3 0.86328125 0.8453125 0.1328125 0.07500000000000001
4 0.9375 0.8914062500000001 0.11875000000000001 0.0734375
9 0.8984375 0.5921875 0.037500000000000006 0.040625
2 0.878125 0.59140625 0.03125 0.0328125
9 0.9187500000000001 0.58828125 0.037500000000000006 0.026562500000000003
9 0.9304687500000001 0.58984375 0.0390625 0.0390625
