3 0.7625000000000001 0.27578125000000003 0.03125 0.0140625
3 0.8070312500000001 0.2828125 0.026562500000000003 0.0125
3 0.8484375000000001 0.28515625 0.03125 0.0140625
3 0.88984375 0.28515625 0.0328125 0.010937500000000001
3 0.92890625 0.28671875 0.0328125 0.0140625
3 0.89375 0.48125 0.07187500000000001 0.028125
3 0.87265625 0.4734375 0.0546875 0.025
3 0.9382812500000001 0.47890625000000003 0.051562500000000004 0.026562500000000003
3 0.88203125 0.45546875000000003 0.0671875 0.029687500000000002
3 0.92890625 0.46875 0.051562500000000004 0.021875000000000002
3 0.953125 0.465625 0.053125000000000006 0.025
3 0.1078125 0.95234375 0.16562500000000002 0.0703125
3 0.6664062500000001 0.9554687500000001 0.1265625 0.0703125
3 0.59296875 0.8953125000000001 0.1296875 0.065625
