3 0.47265625 0.909375 0.1171875 0.15625
3 0.41640625000000003 0.76328125 0.0921875 0.1234375
3 0.2515625 0.76171875 0.084375 0.1171875
3 0.259375 0.64609375 0.07187500000000001 0.09531250000000001
3 0.25390625 0.5476562500000001 0.06406250000000001 0.07968750000000001
3 0.3640625 0.53671875 0.06875 0.0765625
3 0.2546875 0.47890625000000003 0.059375000000000004 0.0671875
3 0.34609375000000003 0.42109375000000004 0.051562500000000004 0.0484375
3 0.34375 0.46796875000000004 0.059375000000000004 0.060937500000000006
3 0.2515625 0.42109375000000004 0.053125000000000006 0.0578125
3 0.24531250000000002 0.375 0.043750000000000004 0.05
3 0.24453125 0.33203125 0.0484375 0.045312500000000006
3 0.3296875 0.3359375 0.046875 0.043750000000000004
3 0.33828125000000003 0.37343750000000003 0.051562500000000004 0.05
3 0.24453125 0.29296875 0.0421875 0.0390625
3 0.31640625 0.29921875000000003 0.0421875 0.0421875
3 0.24765625000000002 0.25703125 0.035937500000000004 0.0390625
3 0.25 0.2265625 0.037500000000000006 0.040625
3 0.24531250000000002 0.19921875 0.034375 0.0328125
3 0.25546875 0.17890625000000002 0.0328125 0.029687500000000002
3 0.2484375 0.15703125 0.03125 0.0328125
3 0.24296875 0.13828125 0.029687500000000002 0.0234375
3 0.24375000000000002 0.12187500000000001 0.028125 0.018750000000000003
3 0.2328125 0.1078125 0.028125 0.025
3 0.2671875 0.0140625 0.018750000000000003 0.018750000000000003
3 0.26953125 0.02890625 0.0203125 0.0140625
3 0.31640625 0.234375 0.029687500000000002 0.03125
3 0.28984375 0.11171875 0.026562500000000003 0.0234375
5 0.39687500000000003 0.6179687500000001 0.084375 0.1296875
5 0.31875000000000003 0.1953125 0.046875 0.0625
5 0.30078125 0.14921875 0.0390625 0.0578125
4 0.2859375 0.125 0.025 0.03125
5 0.28515625 0.07578125000000001 0.0421875 0.0671875
5 0.27421875 0.047656250000000004 0.029687500000000002 0.0328125
8 0.23750000000000002 0.07187500000000001 0.037500000000000006 0.059375000000000004
8 0.234375 0.029687500000000002 0.028125 0.040625
4 0.325 0.26406250000000003 0.043750000000000004 0.05
