3 0.059375000000000004 0.8031250000000001 0.115625 0.07187500000000001
3 0.2984375 0.80078125 0.153125 0.0671875
3 0.42109375000000004 0.7328125000000001 0.06406250000000001 0.07187500000000001
3 0.5789062500000001 0.6898437500000001 0.0734375 0.08281250000000001
3 0.55703125 0.8367187500000001 0.0890625 0.07968750000000001
6 0.46796875000000004 0.81953125 0.0734375 0.06406250000000001
1 0.4578125 0.81796875 0.03125 0.0484375
3 0.7679687500000001 0.6140625000000001 0.0765625 0.05
4 0.9593750000000001 0.5234375 0.07500000000000001 0.034375
3 0.7914062500000001 0.51015625 0.051562500000000004 0.0328125
0 0.026562500000000003 0.6578125 0.025 0.043750000000000004
0 0.0625 0.6507812500000001 0.015625 0.0421875
0 0.10312500000000001 0.6429687500000001 0.018750000000000003 0.045312500000000006
3 0.046875 0.64609375 0.09062500000000001 0.051562500000000004
0 0.06875 0.62109375 0.015625 0.035937500000000004
3 0.22734375 0.61875 0.1078125 0.05
3 0.52578125 0.57265625 0.051562500000000004 0.0421875
3 0.46640625 0.55234375 0.060937500000000006 0.0390625
4 0.571875 0.53125 0.037500000000000006 0.043750000000000004
3 0.59609375 0.48125 0.0328125 0.028125
3 0.68671875 0.45937500000000003 0.0328125 0.025
0 0.50234375 0.5109375 0.010937500000000001 0.03125
0 0.4890625 0.51171875 0.0125 0.0328125
0 0.4734375 0.5125000000000001 0.0125 0.03125
2 0.35781250000000003 0.6078125000000001 0.015625 0.03125
0 0.35390625000000003 0.6039062500000001 0.0203125 0.0390625
3 0.30703125000000003 0.525 0.051562500000000004 0.040625
3 0.22578125000000002 0.540625 0.0703125 0.040625
3 0.13046875 0.48203125 0.08281250000000001 0.026562500000000003
3 0.140625 0.47500000000000003 0.08125 0.025
9 0.23671875 0.44843750000000004 0.026562500000000003 0.018750000000000003
3 0.4421875 0.43984375000000003 0.028125 0.026562500000000003
1 0.4296875 0.43203125000000003 0.009375000000000001 0.010937500000000001
0 0.34687500000000004 0.42890625000000004 0.009375000000000001 0.0234375
0 0.33515625000000004 0.43046875 0.010937500000000001 0.0203125
0 0.353125 0.42812500000000003 0.009375000000000001 0.021875000000000002
3 0.34453125 0.42109375000000004 0.045312500000000006 0.026562500000000003
3 0.26640625 0.4296875 0.0578125 0.025
3 0.41875 0.41171875 0.034375 0.0234375
5 0.36015625 0.3875 0.1421875 0.046875
3 0.35234375 0.41250000000000003 0.0390625 0.03125
3 0.44843750000000004 0.38984375000000004 0.046875 0.0203125
4 0.5125000000000001 0.4296875 0.053125000000000006 0.025
3 0.52109375 0.41953125 0.0484375 0.0234375
3 0.47578125000000004 0.42109375000000004 0.0328125 0.0234375
3 0.6328125 0.42109375000000004 0.03125 0.0328125
3 0.70234375 0.43828125 0.026562500000000003 0.0234375
3 0.6984375 0.41328125000000004 0.025 0.0234375
4 0.8382812500000001 0.43203125000000003 0.026562500000000003 0.0328125
0 0.78125 0.465625 0.009375000000000001 0.028125
0 0.796875 0.4734375 0.009375000000000001 0.025
9 0.8070312500000001 0.496875 0.0203125 0.018750000000000003
1 0.8093750000000001 0.49375 0.009375000000000001 0.021875000000000002
0 0.7640625000000001 0.42890625000000004 0.00625 0.0234375
7 0.7742187500000001 0.4296875 0.0171875 0.025
3 0.8617187500000001 0.3765625 0.0203125 0.015625
3 0.75 0.38515625000000003 0.021875000000000002 0.0171875
6 0.76171875 0.40390625 0.029687500000000002 0.0140625
3 0.7375 0.353125 0.018750000000000003 0.015625
3 0.6195312500000001 0.37890625 0.0203125 0.0171875
9 0.6062500000000001 0.38671875 0.009375000000000001 0.0140625
5 0.65 0.35000000000000003 0.034375 0.043750000000000004
5 0.671875 0.32265625000000003 0.03125 0.0328125
5 0.6843750000000001 0.31093750000000003 0.021875000000000002 0.028125
2 0.7406250000000001 0.37265625 0.009375000000000001 0.010937500000000001
1 0.7406250000000001 0.36875 0.00625 0.0125
3 0.8601562500000001 0.3515625 0.0140625 0.009375000000000001
5 0.73359375 0.3203125 0.010937500000000001 0.0125
3 0.73359375 0.29296875 0.010937500000000001 0.0078125
3 0.73984375 0.28671875 0.010937500000000001 0.0078125
0 0.7234375000000001 0.32578125 0.00625 0.0140625
