3 0.9234375 0.7890625 0.1375 0.2
3 0.5632812500000001 0.69296875 0.1453125 0.1703125
0 0.059375000000000004 0.8093750000000001 0.037500000000000006 0.1
0 0.07421875 0.84296875 0.060937500000000006 0.1234375
3 0.1453125 0.88984375 0.240625 0.2171875
1 0.4375 0.6781250000000001 0.040625 0.08125
2 0.4375 0.7093750000000001 0.040625 0.08125
9 0.4234375 0.6390625000000001 0.046875 0.07500000000000001
1 0.4234375 0.6078125000000001 0.046875 0.084375
3 0.4703125 0.4265625 0.15000000000000002 0.10625000000000001
2 0.39687500000000003 0.34921875 0.05 0.045312500000000006
0 0.3125 0.35468750000000004 0.03125 0.06875
0 0.19765625 0.353125 0.0328125 0.06875
2 0.2390625 0.42578125 0.034375 0.060937500000000006
1 0.23750000000000002 0.40156250000000004 0.03125 0.059375000000000004
3 0.1703125 0.42109375000000004 0.028125 0.0859375
1 0.18281250000000002 0.44140625 0.037500000000000006 0.060937500000000006
2 0.184375 0.46484375 0.040625 0.060937500000000006
2 0.12890625 0.5203125000000001 0.045312500000000006 0.05625
1 0.12265625000000001 0.49531250000000004 0.035937500000000004 0.07500000000000001
9 0.049218750000000006 0.5789062500000001 0.0546875 0.0921875
1 0.051562500000000004 0.5640625 0.053125000000000006 0.08125
1 0.057031250000000006 0.49453125000000003 0.0328125 0.0734375
2 0.06484375 0.50390625 0.0328125 0.060937500000000006
3 0.78828125 0.66953125 0.1453125 0.17343750000000002
7 0.6046875 0.42031250000000003 0.07500000000000001 0.109375
3 0.734375 0.49062500000000003 0.11875000000000001 0.13125
3 0.9328125 0.35546875 0.09062500000000001 0.09843750000000001
3 0.8054687500000001 0.36171875000000003 0.09843750000000001 0.1078125
3 0.9609375 0.19687500000000002 0.07187500000000001 0.07187500000000001
3 0.8421875000000001 0.24140625000000002 0.084375 0.07968750000000001
3 0.87421875 0.16875 0.0765625 0.06875
3 0.925 0.08750000000000001 0.06875 0.065625
9 0.7000000000000001 0.1625 0.03125 0.040625
1 0.70234375 0.1484375 0.026562500000000003 0.046875
3 0.49765625 0.24531250000000002 0.0765625 0.078125
0 0.5 0.2671875 0.021875000000000002 0.059375000000000004
1 0.51484375 0.31328125 0.0234375 0.0703125
2 0.51484375 0.33046875000000003 0.026562500000000003 0.0484375
1 0.48046875 0.31562500000000004 0.0390625 0.0625
2 0.484375 0.33359375 0.025 0.051562500000000004
0 0.37031250000000004 0.15703125 0.018750000000000003 0.051562500000000004
0 0.3140625 0.21875 0.018750000000000003 0.05625
0 0.3359375 0.209375 0.015625 0.05
0 0.33515625000000004 0.25390625 0.0203125 0.06406250000000001
1 0.36640625000000004 0.23125 0.0234375 0.05
2 0.3671875 0.25078125 0.018750000000000003 0.0390625
1 0.415625 0.2328125 0.03125 0.059375000000000004
2 0.41328125000000004 0.25 0.026562500000000003 0.046875
3 0.09453125000000001 0.08281250000000001 0.1078125 0.046875
3 0.19765625 0.0671875 0.1046875 0.046875
3 0.23359375000000002 0.10390625 0.1328125 0.045312500000000006
0 0.29140625000000003 0.16171875000000002 0.0234375 0.060937500000000006
0 0.26171875 0.1171875 0.0140625 0.040625
0 0.275 0.12734375 0.015625 0.0484375
0 0.33437500000000003 0.05859375 0.021875000000000002 0.0578125
2 0.29531250000000003 0.0203125 0.021875000000000002 0.028125
0 0.3984375 0.022656250000000003 0.015625 0.0390625
4 0.46953125 0.06171875 0.0921875 0.045312500000000006
