3 0.05625 0.25234375000000003 0.040625 0.0234375
3 0.0546875 0.27578125000000003 0.028125 0.0171875
3 0.07109375 0.2921875 0.0328125 0.021875000000000002
3 0.13593750000000002 0.340625 0.07187500000000001 0.034375
3 0.140625 0.375 0.065625 0.037500000000000006
3 0.1375 0.39765625000000004 0.059375000000000004 0.0328125
3 0.1640625 0.41171875 0.059375000000000004 0.029687500000000002
4 0.17109375000000002 0.43125 0.0484375 0.05
3 0.19140625 0.48203125 0.0734375 0.0546875
1 0.134375 0.47968750000000004 0.015625 0.03125
9 0.134375 0.49296875 0.018750000000000003 0.029687500000000002
3 0.27187500000000003 0.46015625000000004 0.09062500000000001 0.0421875
0 0.43281250000000004 0.52734375 0.015625 0.0484375
0 0.43984375000000003 0.5398437500000001 0.010937500000000001 0.0328125
3 0.35000000000000003 0.62421875 0.16562500000000002 0.0671875
6 0.3296875 0.67109375 0.096875 0.0484375
1 0.20625000000000002 0.6273437500000001 0.021875000000000002 0.0484375
9 0.2015625 0.6421875 0.021875000000000002 0.046875
1 0.23125 0.61328125 0.015625 0.026562500000000003
1 0.22890625 0.6023437500000001 0.0234375 0.0390625
9 0.22812500000000002 0.6218750000000001 0.021875000000000002 0.034375
3 0.38671875 0.7523437500000001 0.11406250000000001 0.0921875
9 0.4859375 0.73359375 0.053125000000000006 0.051562500000000004
3 0.4921875 0.88671875 0.15000000000000002 0.1234375
