3 0.21406250000000002 0.81171875 0.040625 0.09843750000000001
3 0.21875 0.565625 0.037500000000000006 0.09375
3 0.5296875 0.61875 0.037500000000000006 0.08125
3 0.3328125 0.43046875 0.037500000000000006 0.0765625
3 0.30390625000000004 0.153125 0.035937500000000004 0.07187500000000001
3 0.35234375 0.04453125 0.0328125 0.0671875
3 0.22578125000000002 0.049218750000000006 0.035937500000000004 0.0921875
4 0.2171875 0.33906250000000004 0.028125 0.07187500000000001
0 0.0421875 0.321875 0.015625 0.015625
0 0.02421875 0.32109375 0.0140625 0.0171875
0 0.014843750000000001 0.325 0.0140625 0.015625
1 0.15625 0.33906250000000004 0.015625 0.015625
1 0.15546875000000002 0.32109375 0.0140625 0.0171875
9 0.1546875 0.3359375 0.018750000000000003 0.034375
0 0.478125 0.7898437500000001 0.015625 0.010937500000000001
0 0.465625 0.78828125 0.0125 0.0140625
0 0.453125 0.7890625 0.0125 0.0125
3 0.5234375 0.16328125000000002 0.037500000000000006 0.0890625
3 0.5398437500000001 0.05 0.0671875 0.07187500000000001
