3 0.11171875 0.9617187500000001 0.0765625 0.051562500000000004
3 0.27265625 0.8875000000000001 0.0859375 0.034375
3 0.09062500000000001 0.65390625 0.084375 0.0421875
0 0.1390625 0.83359375 0.009375000000000001 0.0171875
0 0.1265625 0.83359375 0.00625 0.0078125
0 0.13671875 0.7625000000000001 0.010937500000000001 0.009375000000000001
0 0.8343750000000001 0.9515625000000001 0.021875000000000002 0.009375000000000001
3 0.09062500000000001 0.49843750000000003 0.084375 0.05625
4 0.08125 0.5554687500000001 0.06875 0.045312500000000006
0 0.12734375 0.46718750000000003 0.010937500000000001 0.015625
0 0.13046875 0.43671875000000004 0.010937500000000001 0.0171875
9 0.09453125000000001 0.46484375 0.029687500000000002 0.0140625
9 0.029687500000000002 0.48125 0.0125 0.025
1 0.029687500000000002 0.48359375000000004 0.0125 0.0140625
4 0.08828125 0.23750000000000002 0.029687500000000002 0.07187500000000001
3 0.09375 0.13828125 0.037500000000000006 0.0765625
3 0.40156250000000004 0.40937500000000004 0.07500000000000001 0.034375
3 0.3828125 0.3171875 0.06875 0.034375
3 0.46328125000000003 0.45078125 0.035937500000000004 0.0734375
3 0.50546875 0.453125 0.035937500000000004 0.08125
3 0.55 0.45234375000000004 0.040625 0.0734375
3 0.5906250000000001 0.4703125 0.037500000000000006 0.07500000000000001
3 0.64453125 0.46328125000000003 0.0421875 0.0765625
3 0.5390625 0.32734375000000004 0.084375 0.0390625
3 0.74609375 0.40078125000000003 0.0734375 0.0328125
3 0.88671875 0.40937500000000004 0.0734375 0.034375
7 0.7234375000000001 0.32578125 0.046875 0.026562500000000003
6 0.7015625000000001 0.46406250000000004 0.015625 0.03125
