1 0.446875 0.6984375 0.034375 0.05625
9 0.4453125 0.7195312500000001 0.037500000000000006 0.07968750000000001
3 0.09296875 0.16171875000000002 0.0546875 0.0703125
9 0.7835937500000001 0.3953125 0.07968750000000001 0.05
9 0.78828125 0.36484375 0.0390625 0.0421875
0 0.7210937500000001 0.32343750000000004 0.0140625 0.05
0 0.71796875 0.30312500000000003 0.0203125 0.046875
9 0.72265625 0.31093750000000003 0.0421875 0.046875
6 0.6937500000000001 0.3328125 0.059375000000000004 0.09062500000000001
0 0.58828125 0.275 0.0234375 0.059375000000000004
0 0.56875 0.2734375 0.021875000000000002 0.053125000000000006
0 0.51875 0.21250000000000002 0.018750000000000003 0.05
9 0.67578125 0.2015625 0.051562500000000004 0.034375
0 0.66328125 0.18906250000000002 0.0203125 0.043750000000000004
0 0.6468750000000001 0.19062500000000002 0.015625 0.046875
9 0.6625000000000001 0.15390625000000002 0.046875 0.026562500000000003
9 0.66015625 0.1421875 0.0421875 0.028125
9 0.5710937500000001 0.04453125 0.035937500000000004 0.026562500000000003
3 0.47265625 0.0734375 0.0578125 0.05
