2 0.27109375 0.95703125 0.1046875 0.0859375
1 0.34765625 0.759375 0.1015625 0.246875
1 0.23359375000000002 0.6273437500000001 0.08281250000000001 0.2015625
1 0.3171875 0.6218750000000001 0.084375 0.2
2 0.23515625 0.6828125 0.07968750000000001 0.178125
2 0.34218750000000003 0.81953125 0.10312500000000001 0.22031250000000002
2 0.31562500000000004 0.6765625000000001 0.08125 0.16875
3 0.59140625 0.6734375 0.2578125 0.246875
3 0.5546875 0.52578125 0.19687500000000002 0.1703125
3 0.540625 0.4421875 0.15000000000000002 0.13125
3 0.50703125 0.38984375000000004 0.1265625 0.1171875
3 0.2671875 0.2625 0.084375 0.07500000000000001
3 0.50703125 0.33359375 0.1046875 0.07968750000000001
1 0.33671875 0.42734375 0.060937500000000006 0.1171875
9 0.33671875 0.4625 0.0390625 0.09062500000000001
0 0.115625 0.29609375 0.021875000000000002 0.0890625
6 0.12265625000000001 0.27265625 0.0390625 0.0484375
1 0.051562500000000004 0.30703125000000003 0.040625 0.060937500000000006
2 0.03125 0.32421875 0.021875000000000002 0.051562500000000004
9 0.05390625 0.321875 0.0671875 0.043750000000000004
3 0.146875 0.22812500000000002 0.0625 0.053125000000000006
3 0.21640625000000002 0.21953125 0.0703125 0.045312500000000006
3 0.25 0.2 0.05625 0.037500000000000006
3 0.29140625000000003 0.1703125 0.0390625 0.028125
3 0.31015625 0.1640625 0.0390625 0.028125
1 0.38359375 0.3140625 0.029687500000000002 0.07500000000000001
2 0.38515625000000003 0.33437500000000003 0.0234375 0.059375000000000004
2 0.4078125 0.29921875000000003 0.025 0.0546875
1 0.40625 0.28203125 0.025 0.06406250000000001
1 0.38203125000000004 0.25390625 0.026562500000000003 0.060937500000000006
2 0.3796875 0.26953125 0.021875000000000002 0.051562500000000004
7 0.3796875 0.22109375 0.034375 0.051562500000000004
1 0.43203125000000003 0.18203125 0.0140625 0.0328125
9 0.43203125000000003 0.18828125 0.0140625 0.029687500000000002
1 0.40390625 0.19375 0.0140625 0.037500000000000006
2 0.40390625 0.20390625 0.010937500000000001 0.0328125
1 0.39296875000000003 0.1765625 0.0140625 0.021875000000000002
9 0.39296875000000003 0.18515625000000002 0.0140625 0.0203125
9 0.42265625 0.16796875 0.010937500000000001 0.0203125
1 0.42265625 0.16484375 0.0140625 0.026562500000000003
0 0.43984375000000003 0.17265625 0.010937500000000001 0.035937500000000004
3 0.5109375 0.29296875 0.10312500000000001 0.0765625
4 0.5015625 0.25390625 0.078125 0.0703125
3 0.48828125 0.25234375000000003 0.0890625 0.051562500000000004
4 0.48281250000000003 0.24296875 0.07187500000000001 0.0578125
3 0.47578125000000004 0.225 0.06406250000000001 0.043750000000000004
3 0.46953125 0.209375 0.060937500000000006 0.040625
4 0.46796875000000004 0.19843750000000002 0.051562500000000004 0.05
