8 0.971875 0.2921875 0.037500000000000006 0.034375
0 0.8625 0.7742187500000001 0.040625 0.1421875
0 0.884375 0.759375 0.037500000000000006 0.140625
0 0.7625000000000001 0.7937500000000001 0.037500000000000006 0.140625
0 0.7718750000000001 0.78828125 0.040625 0.1328125
0 0.6953125 0.765625 0.0625 0.146875
0 0.7117187500000001 0.7351562500000001 0.07968750000000001 0.1484375
0 0.5554687500000001 0.72265625 0.0765625 0.1484375
0 0.20234375000000002 0.72421875 0.06406250000000001 0.1484375
0 0.34453125 0.68359375 0.045312500000000006 0.1328125
0 0.37421875000000004 0.74921875 0.0546875 0.1296875
0 0.11640625 0.67734375 0.09531250000000001 0.1390625
0 0.039843750000000004 0.6828125 0.0546875 0.134375
0 0.25703125 0.6257812500000001 0.0203125 0.060937500000000006
0 0.35625 0.5296875 0.015625 0.046875
0 0.2859375 0.59296875 0.03125 0.0578125
0 0.20546875 0.60703125 0.0203125 0.0578125
0 0.06406250000000001 0.6296875000000001 0.021875000000000002 0.065625
2 0.22109375 0.5421875 0.026562500000000003 0.040625
1 0.22421875000000002 0.53046875 0.0203125 0.045312500000000006
1 0.16875 0.5453125 0.015625 0.03125
0 0.27890625 0.52890625 0.0203125 0.0484375
0 0.29531250000000003 0.525 0.015625 0.05
0 0.296875 0.49843750000000003 0.018750000000000003 0.043750000000000004
0 0.28671875 0.4578125 0.0140625 0.043750000000000004
2 0.2390625 0.421875 0.025 0.021875000000000002
0 0.16562500000000002 0.434375 0.015625 0.025
0 0.171875 0.4265625 0.009375000000000001 0.03125
0 0.17890625000000002 0.43359375 0.010937500000000001 0.0171875
1 0.12109375 0.47890625000000003 0.0234375 0.0328125
0 0.12812500000000002 0.4765625 0.015625 0.040625
0 0.1484375 0.47421875 0.0125 0.0421875
0 0.15703125 0.484375 0.0140625 0.046875
0 0.16796875 0.48828125 0.0171875 0.0421875
0 0.30546875 0.4296875 0.0140625 0.034375
0 0.31484375000000003 0.44765625000000003 0.010937500000000001 0.0328125
0 0.32578125 0.44296875 0.0140625 0.035937500000000004
0 0.3328125 0.43203125000000003 0.009375000000000001 0.0328125
0 0.32343750000000004 0.43359375 0.0125 0.0328125
0 0.47500000000000003 0.46796875000000004 0.015625 0.035937500000000004
0 0.51796875 0.46328125000000003 0.0140625 0.029687500000000002
3 0.8328125000000001 0.64765625 0.06875 0.0734375
3 0.8992187500000001 0.36171875000000003 0.026562500000000003 0.026562500000000003
3 0.91328125 0.34765625 0.0234375 0.0234375
3 0.9070312500000001 0.33437500000000003 0.026562500000000003 0.025
3 0.91171875 0.325 0.0203125 0.018750000000000003
3 0.90625 0.3203125 0.021875000000000002 0.018750000000000003
3 0.90546875 0.31015625 0.0203125 0.0171875
3 0.89765625 0.30703125000000003 0.0203125 0.0171875
3 0.8546875 0.30234375 0.018750000000000003 0.0140625
3 0.8734375000000001 0.3140625 0.018750000000000003 0.015625
3 0.875 0.31875000000000003 0.021875000000000002 0.015625
3 0.87421875 0.32656250000000003 0.0234375 0.015625
3 0.8734375000000001 0.33671875 0.021875000000000002 0.0203125
3 0.86640625 0.34218750000000003 0.026562500000000003 0.018750000000000003
3 0.8625 0.35703125 0.028125 0.0234375
4 0.8539062500000001 0.36484375 0.026562500000000003 0.029687500000000002
3 0.85078125 0.38046875 0.0328125 0.026562500000000003
3 0.84296875 0.3921875 0.0328125 0.025
3 0.8406250000000001 0.40703125 0.03125 0.026562500000000003
3 0.8328125000000001 0.41875 0.037500000000000006 0.03125
3 0.84375 0.4375 0.037500000000000006 0.03125
3 0.8296875 0.45234375000000004 0.040625 0.035937500000000004
3 0.79296875 0.49609375 0.0484375 0.0421875
3 0.77734375 0.5203125000000001 0.0578125 0.05
4 0.8031250000000001 0.46484375 0.043750000000000004 0.0546875
3 0.76171875 0.55 0.060937500000000006 0.05625
3 0.7421875 0.58359375 0.059375000000000004 0.0578125
3 0.7273437500000001 0.63046875 0.0734375 0.06406250000000001
3 0.8203125 0.30078125 0.018750000000000003 0.0140625
3 0.81796875 0.30859375 0.0171875 0.0140625
8 0.7937500000000001 0.32656250000000003 0.037500000000000006 0.040625
3 0.8421875000000001 0.31093750000000003 0.015625 0.015625
3 0.84296875 0.31953125000000004 0.0203125 0.0171875
3 0.84375 0.328125 0.025 0.018750000000000003
3 0.83125 0.33984375 0.021875000000000002 0.0234375
3 0.82734375 0.34921875 0.0234375 0.0234375
3 0.8226562500000001 0.35859375000000004 0.026562500000000003 0.0234375
3 0.8171875000000001 0.3671875 0.03125 0.025
3 0.8015625000000001 0.37890625 0.03125 0.0234375
3 0.7828125 0.36328125 0.028125 0.0234375
3 0.7921875 0.35000000000000003 0.025 0.018750000000000003
3 0.753125 0.35781250000000003 0.03125 0.025
3 0.75390625 0.37421875000000004 0.035937500000000004 0.0234375
3 0.74609375 0.390625 0.0328125 0.025
3 0.79453125 0.3953125 0.0328125 0.025
3 0.78125 0.41015625 0.037500000000000006 0.0328125
3 0.765625 0.4265625 0.043750000000000004 0.037500000000000006
3 0.7203125 0.4140625 0.037500000000000006 0.034375
3 0.7664062500000001 0.45078125 0.0421875 0.0328125
3 0.7546875000000001 0.4703125 0.053125000000000006 0.040625
3 0.7210937500000001 0.44765625000000003 0.045312500000000006 0.0390625
3 0.7015625000000001 0.46640625 0.053125000000000006 0.0421875
3 0.71796875 0.49062500000000003 0.0484375 0.043750000000000004
3 0.696875 0.51796875 0.059375000000000004 0.0484375
3 0.6742187500000001 0.5546875 0.0671875 0.05625
3 0.6414062500000001 0.609375 0.0765625 0.065625
3 0.6015625 0.6570312500000001 0.084375 0.06406250000000001
3 0.6101562500000001 0.53515625 0.060937500000000006 0.051562500000000004
3 0.61328125 0.49843750000000003 0.0546875 0.046875
3 0.6375000000000001 0.47890625000000003 0.053125000000000006 0.0484375
3 0.6531250000000001 0.45625000000000004 0.043750000000000004 0.037500000000000006
3 0.671875 0.4390625 0.046875 0.034375
8 0.49921875000000004 0.5671875000000001 0.18281250000000002 0.2
0 0.6687500000000001 0.390625 0.0125 0.03125
0 0.5453125 0.41328125000000004 0.009375000000000001 0.0328125
0 0.5359375000000001 0.41171875 0.009375000000000001 0.026562500000000003
0 0.49843750000000003 0.39609375 0.0125 0.026562500000000003
0 0.48203125 0.39375000000000004 0.010937500000000001 0.03125
0 0.48828125 0.38515625000000003 0.010937500000000001 0.026562500000000003
0 0.46406250000000004 0.36562500000000003 0.00625 0.028125
0 0.47265625 0.36640625000000004 0.0078125 0.026562500000000003
0 0.48281250000000003 0.36875 0.009375000000000001 0.03125
0 0.59296875 0.3828125 0.010937500000000001 0.03125
0 0.54609375 0.375 0.0078125 0.028125
0 0.55234375 0.375 0.010937500000000001 0.025
0 0.6453125000000001 0.3828125 0.00625 0.025
0 0.65 0.3796875 0.009375000000000001 0.025
0 0.6609375000000001 0.38125000000000003 0.0125 0.028125
0 0.6265625 0.384375 0.00625 0.025
0 0.6156250000000001 0.3828125 0.009375000000000001 0.028125
0 0.59140625 0.3671875 0.0078125 0.025
0 0.596875 0.37031250000000004 0.009375000000000001 0.025
0 0.6046875 0.37265625 0.00625 0.026562500000000003
4 0.63046875 0.32109375 0.0328125 0.029687500000000002
