0 0.55859375 0.815625 0.0203125 0.053125000000000006
1 0.60703125 0.7664062500000001 0.0171875 0.0234375
1 0.29765625 0.6578125 0.0140625 0.018750000000000003
0 0.11875000000000001 0.73046875 0.018750000000000003 0.0421875
1 0.1203125 0.7210937500000001 0.009375000000000001 0.0203125
0 0.14765625000000002 0.759375 0.0203125 0.037500000000000006
0 0.16640625 0.7421875 0.0203125 0.043750000000000004
0 0.16718750000000002 0.8148437500000001 0.015625 0.0484375
0 0.16718750000000002 0.7835937500000001 0.009375000000000001 0.026562500000000003
0 0.1625 0.7953125000000001 0.00625 0.018750000000000003
0 0.1765625 0.7937500000000001 0.0125 0.018750000000000003
0 0.18125000000000002 0.8070312500000001 0.0125 0.026562500000000003
0 0.19609375 0.80390625 0.0140625 0.0234375
0 0.19609375 0.7781250000000001 0.0171875 0.037500000000000006
0 0.22890625 0.7953125000000001 0.0140625 0.037500000000000006
0 0.2484375 0.7828125 0.021875000000000002 0.040625
1 0.40703125 0.6687500000000001 0.010937500000000001 0.018750000000000003
1 0.42031250000000003 0.6687500000000001 0.0125 0.021875000000000002
1 0.45390625 0.6664062500000001 0.0140625 0.0234375
0 0.3921875 0.9476562500000001 0.018750000000000003 0.0578125
0 0.78671875 0.9851562500000001 0.0203125 0.029687500000000002
2 0.6421875 0.79296875 0.053125000000000006 0.0234375
0 0.6117187500000001 0.7171875000000001 0.0140625 0.037500000000000006
0 0.6570312500000001 0.7117187500000001 0.0171875 0.0390625
0 0.6828125 0.7359375 0.009375000000000001 0.025
0 0.66953125 0.7265625 0.0140625 0.037500000000000006
0 0.6734375 0.7195312500000001 0.0125 0.035937500000000004
0 0.6765625000000001 0.70859375 0.009375000000000001 0.029687500000000002
0 0.6875 0.7125 0.0125 0.03125
0 0.7093750000000001 0.71484375 0.018750000000000003 0.035937500000000004
0 0.54296875 0.6140625000000001 0.0171875 0.034375
0 0.5609375 0.61640625 0.0125 0.0328125
0 0.59921875 0.6156250000000001 0.0171875 0.034375
0 0.62265625 0.6179687500000001 0.0203125 0.0328125
0 0.6671875 0.61640625 0.018750000000000003 0.0328125
0 0.7210937500000001 0.6195312500000001 0.0140625 0.0328125
0 0.753125 0.62109375 0.018750000000000003 0.035937500000000004
0 0.7984375 0.7273437500000001 0.018750000000000003 0.0421875
0 0.7765625 0.7953125000000001 0.0125 0.037500000000000006
0 0.7765625 0.7835937500000001 0.015625 0.0421875
1 0.78046875 0.7742187500000001 0.010937500000000001 0.0171875
0 0.85078125 0.753125 0.0140625 0.040625
0 0.9085937500000001 0.7757812500000001 0.010937500000000001 0.035937500000000004
0 0.90625 0.8375 0.018750000000000003 0.05
0 0.9171875 0.82734375 0.021875000000000002 0.051562500000000004
0 0.95703125 0.88828125 0.026562500000000003 0.0578125
0 0.95234375 0.74921875 0.010937500000000001 0.0328125
0 0.9632812500000001 0.7523437500000001 0.010937500000000001 0.0328125
1 0.9554687500000001 0.790625 0.0140625 0.015625
0 0.97578125 0.753125 0.010937500000000001 0.037500000000000006
0 0.9828125000000001 0.775 0.015625 0.043750000000000004
0 0.9828125000000001 0.7625000000000001 0.0125 0.034375
0 0.8234375 0.6062500000000001 0.0125 0.03125
0 0.84375 0.5515625000000001 0.0125 0.028125
