3 0.57265625 0.846875 0.2234375 0.13125
3 0.26406250000000003 0.80234375 0.27187500000000003 0.1234375
3 0.86328125 0.69453125 0.1015625 0.1546875
3 0.8921875 0.47500000000000003 0.07500000000000001 0.096875
3 0.7117187500000001 0.46640625 0.0859375 0.1078125
3 0.8757812500000001 0.31484375000000003 0.060937500000000006 0.09531250000000001
3 0.9070312500000001 0.20390625 0.051562500000000004 0.0734375
3 0.9187500000000001 0.10390625 0.05 0.0578125
3 0.93515625 0.06796875000000001 0.0484375 0.0578125
4 0.07734375 0.6359375 0.09531250000000001 0.13125
4 0.36875 0.6781250000000001 0.20625000000000002 0.096875
3 0.40234375 0.6117187500000001 0.19843750000000002 0.0671875
3 0.41796875 0.55 0.2171875 0.065625
3 0.5453125 0.41953125 0.17500000000000002 0.0734375
3 0.6062500000000001 0.36562500000000003 0.184375 0.065625
3 0.6039062500000001 0.32656250000000003 0.1484375 0.059375000000000004
3 0.6585937500000001 0.30078125 0.1484375 0.0578125
3 0.71015625 0.278125 0.1484375 0.059375000000000004
3 0.6664062500000001 0.24375000000000002 0.1484375 0.059375000000000004
3 0.7046875 0.2265625 0.15000000000000002 0.059375000000000004
3 0.58203125 0.22578125000000002 0.1484375 0.0578125
3 0.66796875 0.24296875 0.1484375 0.0578125
3 0.7585937500000001 0.1625 0.1078125 0.05625
3 0.71875 0.140625 0.146875 0.059375000000000004
4 0.6898437500000001 0.17734375000000002 0.1328125 0.0578125
3 0.7328125000000001 0.1265625 0.140625 0.05
3 0.7484375000000001 0.1 0.146875 0.059375000000000004
3 0.74140625 0.10234375000000001 0.11406250000000001 0.051562500000000004
3 0.503125 0.13593750000000002 0.059375000000000004 0.05
1 0.23359375000000002 0.57421875 0.029687500000000002 0.0484375
1 0.22578125000000002 0.5632812500000001 0.029687500000000002 0.0484375
9 0.23203125000000002 0.56171875 0.0484375 0.0734375
1 0.84296875 0.12890625 0.0203125 0.035937500000000004
9 0.84375 0.1421875 0.015625 0.025
