0 0.38359375 0.7375 0.0484375 0.125
3 0.753125 0.5890625 0.30312500000000003 0.19687500000000002
3 0.25390625 0.49453125000000003 0.15781250000000002 0.1328125
3 0.7140625 0.796875 0.403125 0.184375
3 0.6843750000000001 0.43593750000000003 0.12812500000000002 0.13125
3 0.7171875000000001 0.27265625 0.18125000000000002 0.08281250000000001
0 0.290625 0.49531250000000004 0.043750000000000004 0.043750000000000004
0 0.22031250000000002 0.47109375000000003 0.043750000000000004 0.045312500000000006
4 0.33984375 0.33906250000000004 0.11093750000000001 0.134375
9 0.54140625 0.384375 0.0484375 0.0625
9 0.55703125 0.34765625 0.0421875 0.0578125
3 0.71875 0.20625000000000002 0.15937500000000002 0.07187500000000001
3 0.72421875 0.1546875 0.1421875 0.07187500000000001
4 0.8734375000000001 0.21406250000000002 0.06875 0.09062500000000001
9 0.9453125 0.509375 0.08125 0.065625
9 0.946875 0.36562500000000003 0.040625 0.065625
0 0.83515625 0.35781250000000003 0.045312500000000006 0.08125
0 0.83984375 0.32890625 0.0328125 0.0890625
1 0.8671875 0.35625 0.021875000000000002 0.034375
3 0.49453125000000003 0.10390625 0.0859375 0.07968750000000001
3 0.6328125 0.11640625 0.07187500000000001 0.0734375
4 0.24609375 0.0546875 0.07968750000000001 0.065625
