3 0.1953125 0.6265625 0.09062500000000001 0.10625000000000001
3 0.39765625000000004 0.62265625 0.1765625 0.11406250000000001
3 0.70234375 0.62421875 0.1765625 0.1046875
3 0.7875000000000001 0.7523437500000001 0.209375 0.1265625
0 0.05234375 0.1703125 0.0203125 0.040625
1 0.05078125 0.19140625 0.0140625 0.026562500000000003
1 0.07109375 0.23359375000000002 0.0171875 0.0328125
1 0.0734375 0.21953125 0.021875000000000002 0.035937500000000004
1 0.07890625000000001 0.21015625000000002 0.0203125 0.0390625
9 0.07421875 0.22421875000000002 0.0234375 0.0546875
1 0.13984375000000002 0.403125 0.0203125 0.043750000000000004
2 0.13203125000000002 0.41171875 0.06406250000000001 0.0390625
0 0.02734375 0.95625 0.0421875 0.040625
9 0.38593750000000004 0.30000000000000004 0.021875000000000002 0.05
1 0.38984375000000004 0.29375 0.026562500000000003 0.046875
