3 0.04453125 0.61640625 0.0734375 0.1015625
3 0.6515625 0.26640625 0.08750000000000001 0.0671875
3 0.53515625 0.14921875 0.0734375 0.0546875
3 0.63671875 0.096875 0.07968750000000001 0.053125000000000006
3 0.74609375 0.20859375000000002 0.0859375 0.0578125
3 0.70625 0.15859375 0.084375 0.0546875
3 0.7585937500000001 0.15859375 0.08281250000000001 0.045312500000000006
3 0.7937500000000001 0.203125 0.09062500000000001 0.05625
3 0.81640625 0.16171875000000002 0.0890625 0.0421875
3 0.8640625000000001 0.16015625 0.09062500000000001 0.0421875
3 0.9171875 0.1546875 0.078125 0.05625
3 0.925 0.21171875 0.09062500000000001 0.060937500000000006
3 0.75703125 0.09062500000000001 0.0734375 0.05
0 0.40234375 0.028125 0.010937500000000001 0.025
0 0.403125 0.02109375 0.009375000000000001 0.0234375
