3 0.47578125000000004 0.89453125 0.1171875 0.1046875
3 0.35468750000000004 0.7195312500000001 0.109375 0.06406250000000001
3 0.20859375000000002 0.49843750000000003 0.0890625 0.040625
0 0.21484375 0.7312500000000001 0.0171875 0.05
0 0.1375 0.6125 0.015625 0.043750000000000004
0 0.1078125 0.628125 0.015625 0.043750000000000004
0 0.07500000000000001 0.628125 0.015625 0.043750000000000004
0 0.234375 0.628125 0.015625 0.043750000000000004
0 0.24531250000000002 0.62265625 0.0125 0.0421875
0 0.2703125 0.6179687500000001 0.0125 0.0421875
0 0.25703125 0.61640625 0.0140625 0.0421875
1 0.2265625 0.5710937500000001 0.025 0.029687500000000002
3 0.2546875 0.31328125 0.03125 0.026562500000000003
3 0.253125 0.2984375 0.046875 0.021875000000000002
3 0.23750000000000002 0.39453125 0.043750000000000004 0.0328125
3 0.22031250000000002 0.41875 0.037500000000000006 0.040625
0 0.19609375 0.41953125 0.010937500000000001 0.0421875
0 0.50234375 0.7640625000000001 0.0171875 0.053125000000000006
0 0.5296875 0.7546875000000001 0.018750000000000003 0.05
0 0.51796875 0.7468750000000001 0.0203125 0.046875
3 0.48125 0.74765625 0.1 0.0859375
4 0.36484375 0.6570312500000001 0.1046875 0.0578125
3 0.37421875000000004 0.628125 0.11093750000000001 0.046875
0 0.02734375 0.57421875 0.010937500000000001 0.0328125
1 0.010937500000000001 0.5734375 0.009375000000000001 0.025
0 0.184375 0.4265625 0.0125 0.034375
3 0.16328125000000002 0.42265625 0.045312500000000006 0.0390625
4 0.0171875 0.17343750000000002 0.034375 0.034375
