3 0.017968750000000002 0.140625 0.0328125 0.018750000000000003
3 0.029687500000000002 0.125 0.015625 0.015625
3 0.05078125 0.125 0.0203125 0.015625
3 0.059375000000000004 0.140625 0.037500000000000006 0.018750000000000003
4 0.37265625 0.12265625000000001 0.0328125 0.0171875
5 0.40546875000000004 0.1265625 0.06406250000000001 0.025
5 0.4 0.13984375000000002 0.06875 0.026562500000000003
4 0.36484375 0.14765625000000002 0.0234375 0.0171875
4 0.32578125 0.12421875 0.0203125 0.0140625
5 0.32656250000000003 0.15625 0.05 0.043750000000000004
3 0.05 0.16796875 0.037500000000000006 0.0171875
3 0.07578125000000001 0.1796875 0.0484375 0.018750000000000003
4 0.0859375 0.17109375000000002 0.040625 0.0203125
3 0.096875 0.20546875 0.065625 0.026562500000000003
3 0.140625 0.24140625000000002 0.053125000000000006 0.026562500000000003
4 0.1609375 0.31875000000000003 0.059375000000000004 0.05
3 0.09062500000000001 0.32421875 0.043750000000000004 0.0421875
6 0.10859375 0.3796875 0.0421875 0.053125000000000006
9 0.02109375 0.34296875000000004 0.010937500000000001 0.026562500000000003
1 0.0234375 0.3375 0.009375000000000001 0.025
4 0.21406250000000002 0.38906250000000003 0.07500000000000001 0.043750000000000004
3 0.265625 0.40859375000000003 0.10625000000000001 0.0390625
3 0.27421875 0.43515625 0.1171875 0.0484375
0 0.37343750000000003 0.42734375 0.009375000000000001 0.0328125
4 0.16875 0.4296875 0.053125000000000006 0.05625
0 0.146875 0.4453125 0.018750000000000003 0.043750000000000004
6 0.05390625 0.325 0.026562500000000003 0.040625
3 0.2609375 0.60078125 0.09375 0.0734375
4 0.36953125000000003 0.5281250000000001 0.16718750000000002 0.06875
3 0.37812500000000004 0.55859375 0.134375 0.0578125
3 0.39687500000000003 0.5921875 0.12812500000000002 0.065625
4 0.43593750000000003 0.6125 0.14375000000000002 0.08125
0 0.465625 0.53671875 0.021875000000000002 0.0484375
0 0.51015625 0.5632812500000001 0.0203125 0.0578125
1 0.45234375000000004 0.5046875000000001 0.0203125 0.028125
1 0.44609375 0.5085937500000001 0.0171875 0.026562500000000003
6 0.3640625 0.75703125 0.053125000000000006 0.0734375
3 0.640625 0.7859375000000001 0.171875 0.109375
0 0.3765625 0.9070312500000001 0.03125 0.08281250000000001
2 0.7718750000000001 0.8851562500000001 0.0625 0.0578125
