5 0.56484375 0.39765625000000004 0.051562500000000004 0.0703125
5 0.6359375 0.6984375 0.1375 0.18125000000000002
5 0.42890625000000004 0.53671875 0.2078125 0.09843750000000001
6 0.38593750000000004 0.6023437500000001 0.07500000000000001 0.0578125
3 0.041406250000000006 0.56640625 0.08281250000000001 0.0546875
0 0.240625 0.5375 0.028125 0.05625
0 0.2765625 0.5359375000000001 0.025 0.059375000000000004
0 0.29609375 0.5375 0.0203125 0.053125000000000006
0 0.11484375000000001 0.6515625 0.0328125 0.07187500000000001
0 0.06171875 0.63984375 0.0203125 0.0546875
0 0.07421875 0.6453125000000001 0.0203125 0.05625
0 0.7640625000000001 0.55625 0.021875000000000002 0.05625
