9 0.16718750000000002 0.8148437500000001 0.037500000000000006 0.0859375
2 0.25703125 0.828125 0.0390625 0.084375
1 0.253125 0.8109375000000001 0.037500000000000006 0.078125
1 0.16171875000000002 0.82578125 0.026562500000000003 0.0578125
1 0.16718750000000002 0.8031250000000001 0.037500000000000006 0.07500000000000001
0 0.08515625 0.6820312500000001 0.026562500000000003 0.0859375
3 0.1078125 0.49062500000000003 0.09375 0.10625000000000001
3 0.12812500000000002 0.38671875 0.07187500000000001 0.0765625
0 0.2625 0.27734375 0.015625 0.0390625
0 0.28984375 0.2765625 0.0140625 0.034375
0 0.27734375 0.26796875000000003 0.0171875 0.0578125
4 0.2703125 0.06406250000000001 0.040625 0.05
