5 0.12578125 0.37734375000000003 0.1234375 0.0484375
5 0.0390625 0.43125 0.078125 0.05
3 0.9281250000000001 0.1171875 0.015625 0.0125
3 0.8984375 0.15703125 0.015625 0.0203125
3 0.89453125 0.1421875 0.0171875 0.015625
3 0.93671875 0.11015625000000001 0.0171875 0.0140625
3 0.98359375 0.1078125 0.0203125 0.0125
3 0.9187500000000001 0.12187500000000001 0.015625 0.015625
3 0.9539062500000001 0.11796875000000001 0.0140625 0.0140625
3 0.675 0.1171875 0.018750000000000003 0.0125
3 0.6484375 0.1265625 0.018750000000000003 0.015625
3 0.5921875 0.12578125 0.025 0.0171875
3 0.6125 0.1125 0.015625 0.0125
