3 0.0203125 0.37734375000000003 0.03125 0.029687500000000002
1 0.1640625 0.753125 0.03125 0.043750000000000004
1 0.16328125000000002 0.7367187500000001 0.026562500000000003 0.0484375
9 0.15781250000000002 0.7703125000000001 0.028125 0.046875
3 0.20234375000000002 0.640625 0.0890625 0.084375
0 0.125 0.52265625 0.018750000000000003 0.045312500000000006
1 0.08671875000000001 0.521875 0.010937500000000001 0.021875000000000002
2 0.084375 0.5296875 0.015625 0.021875000000000002
0 0.06953125 0.515625 0.0203125 0.043750000000000004
0 0.034375 0.45937500000000003 0.009375000000000001 0.040625
3 0.08359375000000001 0.47734375 0.0546875 0.045312500000000006
3 0.06953125 0.45234375000000004 0.0484375 0.0390625
1 0.01171875 0.415625 0.0140625 0.021875000000000002
2 0.01171875 0.43046875 0.0203125 0.0140625
0 0.04296875 0.4234375 0.0140625 0.028125
3 0.043750000000000004 0.41171875 0.059375000000000004 0.029687500000000002
0 0.33906250000000004 0.35234375 0.015625 0.0328125
0 0.29140625000000003 0.34140625 0.010937500000000001 0.0234375
0 0.30703125000000003 0.33671875 0.010937500000000001 0.0234375
3 0.5750000000000001 0.5375 0.11875000000000001 0.059375000000000004
0 0.74765625 0.8421875000000001 0.0390625 0.096875
0 0.94140625 0.67109375 0.026562500000000003 0.0734375
0 0.89375 0.5828125000000001 0.018750000000000003 0.065625
0 0.915625 0.58046875 0.021875000000000002 0.0546875
9 0.95078125 0.5875 0.0546875 0.040625
9 0.86875 0.5671875000000001 0.053125000000000006 0.03125
5 0.36640625000000004 0.47890625000000003 0.1171875 0.11406250000000001
