1 0.7054687500000001 0.79296875 0.0421875 0.060937500000000006
6 0.7328125000000001 0.7859375000000001 0.134375 0.05625
4 0.3921875 0.7718750000000001 0.21875 0.10625000000000001
3 0.14296875 0.75546875 0.2171875 0.08281250000000001
4 0.7015625000000001 0.6960937500000001 0.1625 0.0921875
4 0.7453125 0.6515625 0.153125 0.065625
4 0.75 0.62265625 0.17500000000000002 0.0765625
3 0.75 0.59375 0.15000000000000002 0.046875
3 0.790625 0.5765625 0.15937500000000002 0.059375000000000004
5 0.82578125 0.53671875 0.1453125 0.0671875
3 0.9515625000000001 0.6468750000000001 0.078125 0.08125
3 0.89453125 0.52109375 0.1296875 0.0546875
3 0.8929687500000001 0.496875 0.1328125 0.043750000000000004
3 0.9281250000000001 0.47890625000000003 0.12187500000000001 0.0484375
4 0.9453125 0.4546875 0.109375 0.05
7 0.96015625 0.41718750000000004 0.06406250000000001 0.040625
