3 0.2984375 0.6570312500000001 0.5437500000000001 0.30781250000000004
1 0.13828125 0.31093750000000003 0.0671875 0.1375
9 0.1375 0.321875 0.125 0.115625
1 0.125 0.16796875 0.053125000000000006 0.06406250000000001
0 0.2390625 0.18828125 0.037500000000000006 0.1078125
1 0.28984375 0.24375000000000002 0.0484375 0.11875000000000001
9 0.28203125 0.2765625 0.07968750000000001 0.084375
9 0.48828125 0.041406250000000006 0.026562500000000003 0.0484375
1 0.503125 0.14609375 0.05 0.1015625
9 0.49765625 0.15625 0.11093750000000001 0.078125
0 0.36796875 0.14375000000000002 0.035937500000000004 0.096875
0 0.31953125000000004 0.11875000000000001 0.0546875 0.1
1 0.60078125 0.10625000000000001 0.0421875 0.07500000000000001
9 0.596875 0.12578125 0.037500000000000006 0.06406250000000001
9 0.321875 0.1234375 0.12187500000000001 0.08125
