9 0.8484375000000001 0.31640625 0.05625 0.045312500000000006
1 0.7390625000000001 0.29453125 0.025 0.0390625
0 0.4140625 0.57734375 0.037500000000000006 0.0734375
1 0.43046875 0.6976562500000001 0.0421875 0.045312500000000006
1 0.390625 0.7054687500000001 0.040625 0.0546875
1 0.284375 0.80625 0.034375 0.046875
1 0.2328125 0.8460937500000001 0.028125 0.0421875
1 0.19765625 0.8406250000000001 0.0390625 0.05
1 0.13984375000000002 0.91953125 0.051562500000000004 0.051562500000000004
1 0.17578125 0.9328125 0.035937500000000004 0.037500000000000006
1 0.13046875 0.9695312500000001 0.0421875 0.045312500000000006
1 0.09296875 0.9609375 0.026562500000000003 0.053125000000000006
1 0.0328125 0.984375 0.03125 0.028125
2 0.02890625 0.8968750000000001 0.0546875 0.034375
9 0.16796875 0.7671875 0.0390625 0.07187500000000001
