3 0.12421875 0.8304687500000001 0.1296875 0.2078125
3 0.5921875 0.821875 0.15937500000000002 0.21250000000000002
3 0.2984375 0.53828125 0.10312500000000001 0.1609375
3 0.5453125 0.5109375 0.1125 0.134375
3 0.34140625 0.31796875 0.0859375 0.08281250000000001
6 0.3984375 0.18671875000000002 0.053125000000000006 0.0734375
1 0.8289062500000001 0.31484375000000003 0.0421875 0.06406250000000001
1 0.82421875 0.45234375000000004 0.0421875 0.035937500000000004
2 0.8343750000000001 0.478125 0.084375 0.059375000000000004
3 0.22187500000000002 0.0625 0.05 0.059375000000000004
3 0.31875000000000003 0.1078125 0.0625 0.065625
4 0.1609375 0.0484375 0.059375000000000004 0.07187500000000001
3 0.8265625000000001 0.18828125 0.10625000000000001 0.0703125
3 0.41328125000000004 0.037500000000000006 0.0484375 0.059375000000000004
1 0.3671875 0.02421875 0.025 0.0234375
9 0.36796875 0.035937500000000004 0.0546875 0.03125
3 0.6781250000000001 0.04609375 0.153125 0.0421875
4 0.9242187500000001 0.0765625 0.0859375 0.065625
3 0.8703125 0.030468750000000003 0.08750000000000001 0.0421875
0 0.7820312500000001 0.01640625 0.0234375 0.0328125
5 0.540625 0.08203125 0.03125 0.0390625
9 0.7250000000000001 0.15781250000000002 0.053125000000000006 0.05
