3 0.6820312500000001 0.675 0.08281250000000001 0.07187500000000001
3 0.88046875 0.57734375 0.0921875 0.08281250000000001
3 0.87109375 0.45 0.1015625 0.05625
3 0.24921875000000002 0.34218750000000003 0.0328125 0.040625
3 0.04453125 0.2015625 0.0390625 0.021875000000000002
3 0.055468750000000004 0.1953125 0.0421875 0.018750000000000003
3 0.07187500000000001 0.1796875 0.021875000000000002 0.0125
3 0.06640625 0.1703125 0.0171875 0.009375000000000001
0 0.025781250000000002 0.38046875 0.010937500000000001 0.0328125
0 0.04453125 0.37734375000000003 0.010937500000000001 0.035937500000000004
5 0.06796875000000001 0.31953125000000004 0.045312500000000006 0.0546875
5 0.115625 0.2703125 0.025 0.03125
0 0.078125 0.27265625 0.00625 0.0234375
3 0.31171875000000004 0.26406250000000003 0.026562500000000003 0.03125
3 0.321875 0.24375000000000002 0.021875000000000002 0.025
3 0.31015625 0.22265625 0.026562500000000003 0.026562500000000003
3 0.26015625000000003 0.20078125000000002 0.0203125 0.0203125
3 0.321875 0.171875 0.015625 0.015625
3 0.32343750000000004 0.15546875000000002 0.015625 0.0140625
3 0.3375 0.1421875 0.015625 0.015625
3 0.353125 0.13359375 0.015625 0.0140625
3 0.296875 0.1453125 0.015625 0.015625
3 0.16640625 0.19921875 0.0203125 0.0234375
3 0.19062500000000002 0.16796875 0.015625 0.0171875
3 0.18984375 0.134375 0.010937500000000001 0.015625
3 0.1 0.15546875000000002 0.037500000000000006 0.0171875
3 0.26875 0.15703125 0.015625 0.0171875
3 0.26953125 0.146875 0.0140625 0.015625
3 0.39375000000000004 0.1421875 0.0125 0.0125
3 0.39375000000000004 0.13593750000000002 0.015625 0.0125
3 0.31640625 0.1390625 0.0140625 0.0125
3 0.309375 0.12109375 0.009375000000000001 0.010937500000000001
3 0.32890625 0.12265625000000001 0.010937500000000001 0.0140625
3 0.34765625 0.12187500000000001 0.010937500000000001 0.009375000000000001
3 0.34687500000000004 0.10625000000000001 0.009375000000000001 0.0125
3 0.31953125000000004 0.10312500000000001 0.0078125 0.009375000000000001
3 0.28671875 0.11953125 0.010937500000000001 0.0140625
3 0.31015625 0.11406250000000001 0.010937500000000001 0.009375000000000001
3 0.340625 0.09140625000000001 0.009375000000000001 0.0078125
0 0.49375 0.31484375000000003 0.00625 0.0234375
0 0.50625 0.3140625 0.009375000000000001 0.025
0 0.52734375 0.21250000000000002 0.0078125 0.018750000000000003
1 0.26953125 0.234375 0.0078125 0.0125
9 0.26953125 0.240625 0.0078125 0.018750000000000003
1 0.4546875 0.29531250000000003 0.00625 0.018750000000000003
9 0.4546875 0.2984375 0.00625 0.021875000000000002
3 0.6218750000000001 0.16562500000000002 0.021875000000000002 0.025
3 0.6101562500000001 0.15546875000000002 0.026562500000000003 0.0171875
