0 0.53828125 0.6039062500000001 0.06406250000000001 0.1546875
0 0.39921875 0.5281250000000001 0.0578125 0.09062500000000001
1 0.46953125 0.53515625 0.06406250000000001 0.08281250000000001
0 0.6039062500000001 0.33125000000000004 0.06406250000000001 0.12812500000000002
0 0.40859375000000003 0.8656250000000001 0.0734375 0.15625
0 0.9710937500000001 0.47109375000000003 0.0578125 0.11406250000000001
0 0.8484375000000001 0.54453125 0.053125000000000006 0.1328125
0 0.9421875000000001 0.76328125 0.0625 0.1484375
0 0.6804687500000001 0.85703125 0.0859375 0.16718750000000002
0 0.8695312500000001 0.78828125 0.0578125 0.09531250000000001
0 0.84921875 0.9296875 0.060937500000000006 0.140625
0 0.953125 0.43359375 0.046875 0.1171875
0 0.94140625 0.37109375 0.0484375 0.1171875
0 0.91796875 0.32890625 0.045312500000000006 0.1078125
0 0.89609375 0.28203125 0.0421875 0.1046875
0 0.8625 0.24609375 0.043750000000000004 0.1078125
0 0.85078125 0.1953125 0.0328125 0.096875
0 0.95078125 0.2015625 0.0328125 0.096875
0 0.29921875000000003 0.93125 0.0671875 0.125
2 0.734375 0.1375 0.09062500000000001 0.08125
6 0.78515625 0.7625000000000001 0.0859375 0.171875
