3 0.49765625 0.3453125 0.026562500000000003 0.021875000000000002
5 0.5140625 0.34921875 0.037500000000000006 0.029687500000000002
3 0.5593750000000001 0.3484375 0.03125 0.028125
3 0.46953125 0.38359375 0.051562500000000004 0.0234375
4 0.6570312500000001 0.34375 0.0328125 0.028125
4 0.6171875 0.37812500000000004 0.05625 0.040625
3 0.6140625000000001 0.42031250000000003 0.034375 0.03125
4 0.59921875 0.43281250000000004 0.0328125 0.043750000000000004
3 0.6140625000000001 0.4734375 0.043750000000000004 0.037500000000000006
3 0.70234375 0.38359375 0.0546875 0.0328125
3 0.7601562500000001 0.39296875000000003 0.060937500000000006 0.026562500000000003
4 0.74921875 0.42890625000000004 0.0421875 0.0421875
3 0.7625000000000001 0.44296875 0.043750000000000004 0.035937500000000004
3 0.784375 0.48046875 0.05 0.0421875
3 0.696875 0.51953125 0.05 0.045312500000000006
4 0.52578125 0.6687500000000001 0.0890625 0.1
3 0.90625 0.41015625 0.0625 0.029687500000000002
3 0.8875000000000001 0.39687500000000003 0.059375000000000004 0.028125
8 0.84296875 0.41875 0.0765625 0.08125
3 0.8484375000000001 0.45937500000000003 0.043750000000000004 0.037500000000000006
3 0.8703125 0.48046875 0.053125000000000006 0.045312500000000006
3 0.8914062500000001 0.5234375 0.051562500000000004 0.05625
1 0.9085937500000001 0.434375 0.0140625 0.028125
9 0.90625 0.44062500000000004 0.018750000000000003 0.025
0 0.93671875 0.4375 0.010937500000000001 0.028125
1 0.9437500000000001 0.43984375000000003 0.0125 0.0203125
2 0.9437500000000001 0.44453125000000004 0.009375000000000001 0.0171875
3 0.38125000000000003 0.8757812500000001 0.1375 0.1328125
2 0.21875 0.71015625 0.028125 0.0484375
2 0.30312500000000003 0.64765625 0.046875 0.0421875
0 0.33906250000000004 0.6390625000000001 0.018750000000000003 0.05625
0 0.3171875 0.63203125 0.018750000000000003 0.0578125
0 0.34218750000000003 0.61484375 0.015625 0.051562500000000004
0 0.31953125000000004 0.6195312500000001 0.0171875 0.0578125
