9 0.61484375 0.7601562500000001 0.06406250000000001 0.0859375
9 0.6890625 0.6468750000000001 0.06875 0.08125
9 0.7078125000000001 0.60078125 0.043750000000000004 0.08281250000000001
1 0.8343750000000001 0.5671875000000001 0.028125 0.065625
1 0.84765625 0.5609375 0.0203125 0.05625
9 0.83203125 0.59375 0.0328125 0.059375000000000004
9 0.5796875 0.63203125 0.09062500000000001 0.0703125
2 0.45546875000000003 0.51875 0.08281250000000001 0.05
9 0.42031250000000003 0.5320312500000001 0.08125 0.06406250000000001
9 0.403125 0.5546875 0.08750000000000001 0.065625
2 0.33046875000000003 0.540625 0.0859375 0.0625
9 0.30234375 0.5906250000000001 0.0765625 0.0625
9 0.3640625 0.6484375 0.07500000000000001 0.0625
9 0.34296875000000004 0.66796875 0.0859375 0.06406250000000001
9 0.31484375000000003 0.76875 0.07968750000000001 0.065625
9 0.6234375000000001 0.46328125000000003 0.07187500000000001 0.0546875
3 0.7078125000000001 0.30625 0.17500000000000002 0.07500000000000001
9 0.67109375 0.26484375 0.0484375 0.045312500000000006
9 0.7109375 0.26953125 0.034375 0.0421875
3 0.7421875 0.21015625000000002 0.15937500000000002 0.0671875
3 0.8140625 0.16640625 0.15625 0.0671875
1 0.9281250000000001 0.17890625000000002 0.015625 0.045312500000000006
1 0.9304687500000001 0.17421875 0.0171875 0.0328125
9 0.9296875 0.19140625 0.025 0.0390625
0 0.6937500000000001 0.0390625 0.015625 0.040625
2 0.89765625 0.06875 0.0421875 0.034375
9 0.8929687500000001 0.08359375000000001 0.0421875 0.026562500000000003
