3 0.09843750000000001 0.74140625 0.034375 0.08281250000000001
3 0.10703125000000001 0.63046875 0.0390625 0.08281250000000001
3 0.1 0.54453125 0.03125 0.0734375
0 0.09375 0.9148437500000001 0.0125 0.0171875
9 0.209375 0.640625 0.021875000000000002 0.018750000000000003
3 0.246875 0.50390625 0.08125 0.0421875
4 0.5484375 0.51484375 0.06875 0.026562500000000003
0 0.6078125000000001 0.5015625 0.009375000000000001 0.009375000000000001
3 0.73046875 0.42421875000000003 0.07968750000000001 0.0328125
4 0.628125 0.1703125 0.040625 0.084375
0 0.6015625 0.1421875 0.009375000000000001 0.021875000000000002
0 0.6687500000000001 0.11015625000000001 0.021875000000000002 0.0171875
0 0.6921875000000001 0.11093750000000001 0.015625 0.015625
3 0.83203125 0.1859375 0.0703125 0.03125
3 0.8382812500000001 0.13125 0.0765625 0.034375
3 0.8289062500000001 0.0921875 0.0765625 0.034375
3 0.8187500000000001 0.03125 0.078125 0.037500000000000006
3 0.6179687500000001 0.0234375 0.0734375 0.034375
5 0.11484375000000001 0.29531250000000003 0.0390625 0.09062500000000001
3 0.11875000000000001 0.19062500000000002 0.03125 0.07500000000000001
3 0.12421875 0.10546875 0.0328125 0.0671875
0 0.225 0.07500000000000001 0.009375000000000001 0.015625
