3 0.08750000000000001 0.52578125 0.171875 0.17343750000000002
3 0.2859375 0.26484375 0.15937500000000002 0.13593750000000002
0 0.33671875 0.31796875 0.026562500000000003 0.0671875
0 0.3609375 0.3328125 0.025 0.05625
2 0.42500000000000004 0.9296875 0.09062500000000001 0.06875
2 0.46406250000000004 0.8640625000000001 0.1 0.05625
2 0.5015625 0.821875 0.065625 0.084375
9 0.53125 0.7875000000000001 0.07187500000000001 0.078125
6 0.56875 0.7156250000000001 0.109375 0.08125
2 0.54453125 0.67109375 0.0421875 0.060937500000000006
2 0.6046875 0.6726562500000001 0.07187500000000001 0.0421875
9 0.9460937500000001 0.7578125 0.0421875 0.09375
