1 0.60859375 0.6492187500000001 0.035937500000000004 0.0734375
9 0.60703125 0.66953125 0.035937500000000004 0.06406250000000001
3 0.49296875 0.7546875000000001 0.1640625 0.19062500000000002
1 0.42500000000000004 0.815625 0.037500000000000006 0.065625
9 0.42109375000000004 0.8226562500000001 0.0484375 0.1046875
2 0.055468750000000004 0.5359375000000001 0.035937500000000004 0.046875
2 0.178125 0.11015625000000001 0.015625 0.0328125
0 0.23750000000000002 0.07500000000000001 0.0125 0.034375
0 0.2671875 0.08671875000000001 0.015625 0.0328125
9 0.26796875000000003 0.09296875 0.0140625 0.026562500000000003
0 0.19687500000000002 0.084375 0.015625 0.037500000000000006
3 0.7664062500000001 0.41640625000000003 0.11093750000000001 0.11093750000000001
3 0.43125 0.31484375000000003 0.09375 0.1015625
3 0.54140625 0.30703125000000003 0.1265625 0.0671875
0 0.17890625000000002 0.060937500000000006 0.010937500000000001 0.040625
