3 0.31796875 0.61640625 0.1859375 0.1921875
3 0.6882812500000001 0.3484375 0.1171875 0.134375
3 0.63984375 0.1875 0.1046875 0.096875
3 0.403125 0.08203125 0.11875000000000001 0.0890625
1 0.56875 0.35000000000000003 0.037500000000000006 0.059375000000000004
9 0.5710937500000001 0.37734375000000003 0.051562500000000004 0.0734375
6 0.54453125 0.13125 0.0671875 0.07187500000000001
1 0.5515625000000001 0.10859375 0.015625 0.0390625
4 0.9242187500000001 0.16171875000000002 0.0765625 0.09843750000000001
4 0.9554687500000001 0.03515625 0.06406250000000001 0.0671875
9 0.81171875 0.68671875 0.09843750000000001 0.11406250000000001
0 0.9734375000000001 0.93515625 0.037500000000000006 0.1078125
0 0.96796875 0.571875 0.0328125 0.078125
0 0.978125 0.11484375000000001 0.025 0.06406250000000001
0 0.8703125 0.30859375 0.028125 0.051562500000000004
0 0.8359375 0.43125 0.028125 0.06875
0 0.8578125000000001 0.36328125 0.021875000000000002 0.0734375
0 0.93671875 0.41171875 0.0328125 0.0671875
0 0.9695312500000001 0.41796875 0.0328125 0.07968750000000001
0 0.940625 0.43671875000000004 0.025 0.0734375
1 0.9382812500000001 0.50390625 0.0390625 0.0671875
9 0.9375 0.5296875 0.037500000000000006 0.0625
6 0.8304687500000001 0.546875 0.0734375 0.109375
