1 0.8875000000000001 0.9 0.018750000000000003 0.03125
9 0.8875000000000001 0.9125000000000001 0.015625 0.043750000000000004
1 0.8375 0.88671875 0.021875000000000002 0.029687500000000002
9 0.8367187500000001 0.9 0.0171875 0.040625
1 0.5328125 0.83203125 0.025 0.0390625
2 0.52890625 0.83984375 0.0234375 0.0328125
9 0.546875 0.8 0.043750000000000004 0.025
9 0.55078125 0.7835937500000001 0.0484375 0.0328125
1 0.5984375000000001 0.73046875 0.0125 0.0171875
9 0.59921875 0.7453125 0.0140625 0.025
1 0.63046875 0.6984375 0.0171875 0.021875000000000002
9 0.6312500000000001 0.71015625 0.015625 0.029687500000000002
1 0.7679687500000001 0.7375 0.0140625 0.015625
1 0.7671875 0.7312500000000001 0.015625 0.021875000000000002
9 0.7679687500000001 0.74765625 0.0140625 0.0234375
5 0.8382812500000001 0.70078125 0.0703125 0.0703125
3 0.7289062500000001 0.6890625 0.0421875 0.040625
6 0.8210937500000001 0.6515625 0.0484375 0.025
1 0.77109375 0.67734375 0.0140625 0.0203125
9 0.7718750000000001 0.6890625 0.0125 0.018750000000000003
3 0.6257812500000001 0.634375 0.0328125 0.040625
3 0.7976562500000001 0.625 0.035937500000000004 0.028125
3 0.78828125 0.59609375 0.035937500000000004 0.026562500000000003
3 0.76953125 0.5734375 0.029687500000000002 0.03125
3 0.759375 0.55625 0.025 0.021875000000000002
3 0.8 0.55078125 0.05 0.0203125
9 0.7523437500000001 0.5421875 0.0234375 0.015625
3 0.7375 0.5953125 0.028125 0.03125
1 0.74765625 0.5734375 0.0078125 0.015625
9 0.74765625 0.5828125000000001 0.010937500000000001 0.0125
1 0.71640625 0.6062500000000001 0.010937500000000001 0.015625
9 0.71875 0.61484375 0.009375000000000001 0.0171875
1 0.71015625 0.5945312500000001 0.0078125 0.0140625
9 0.70859375 0.6046875 0.0078125 0.015625
1 0.6890625 0.5945312500000001 0.0125 0.0140625
1 0.6898437500000001 0.5890625 0.010937500000000001 0.015625
9 0.690625 0.596875 0.009375000000000001 0.018750000000000003
1 0.6312500000000001 0.603125 0.009375000000000001 0.0125
9 0.6312500000000001 0.6125 0.0125 0.0125
0 0.61875 0.5921875 0.00625 0.025
3 0.6492187500000001 0.578125 0.029687500000000002 0.025
7 0.7109375 0.5421875 0.0125 0.021875000000000002
1 0.68671875 0.5640625 0.0078125 0.0125
9 0.6859375000000001 0.5671875000000001 0.009375000000000001 0.025
1 0.690625 0.5476562500000001 0.009375000000000001 0.0078125
6 0.69296875 0.55703125 0.0171875 0.0171875
3 0.65 0.553125 0.021875000000000002 0.025
4 0.6453125000000001 0.5296875 0.025 0.028125
1 0.6171875 0.5476562500000001 0.00625 0.0171875
1 0.61875 0.55234375 0.015625 0.0171875
9 0.6179687500000001 0.55625 0.0078125 0.015625
4 0.57421875 0.61640625 0.035937500000000004 0.0546875
3 0.6734375 0.5007812500000001 0.021875000000000002 0.0203125
9 0.72421875 0.49765625 0.010937500000000001 0.0140625
3 0.70625 0.46875 0.018750000000000003 0.015625
1 0.6921875000000001 0.47968750000000004 0.00625 0.009375000000000001
9 0.6921875000000001 0.4859375 0.00625 0.009375000000000001
1 0.63984375 0.49843750000000003 0.0078125 0.009375000000000001
9 0.63984375 0.50390625 0.0078125 0.010937500000000001
1 0.6351562500000001 0.47734375 0.004687500000000001 0.0078125
1 0.640625 0.478125 0.00625 0.009375000000000001
1 0.640625 0.47890625000000003 0.00625 0.0078125
6 0.63984375 0.4859375 0.010937500000000001 0.0125
4 0.6429687500000001 0.46171875 0.010937500000000001 0.0171875
1 0.62109375 0.47890625000000003 0.0078125 0.0078125
9 0.6218750000000001 0.48750000000000004 0.009375000000000001 0.009375000000000001
1 0.62109375 0.45625000000000004 0.004687500000000001 0.00625
2 0.6218750000000001 0.4609375 0.00625 0.009375000000000001
1 0.63046875 0.44843750000000004 0.004687500000000001 0.00625
9 0.63046875 0.45390625 0.004687500000000001 0.004687500000000001
3 0.63671875 0.4453125 0.0140625 0.0125
0 0.6726562500000001 0.44140625 0.004687500000000001 0.0140625
3 0.6585937500000001 0.43281250000000004 0.010937500000000001 0.009375000000000001
4 0.6492187500000001 0.42265625 0.0078125 0.010937500000000001
3 0.6328125 0.42421875000000003 0.0125 0.010937500000000001
5 0.6484375 0.403125 0.009375000000000001 0.015625
