0 0.9859375 0.5867187500000001 0.028125 0.0703125
3 0.71640625 0.8140625 0.33906250000000004 0.15000000000000002
9 0.56875 0.67109375 0.084375 0.0671875
0 0.44296875 0.8460937500000001 0.0484375 0.1046875
0 0.49140625000000004 0.84765625 0.0421875 0.1078125
3 0.2625 0.8578125000000001 0.25625000000000003 0.22812500000000002
9 0.2765625 0.4890625 0.07500000000000001 0.043750000000000004
0 0.36640625000000004 0.34140625 0.0203125 0.0484375
0 0.33359375 0.3359375 0.026562500000000003 0.05625
0 0.184375 0.3984375 0.021875000000000002 0.065625
0 0.17578125 0.3609375 0.0171875 0.046875
0 0.17421875 0.39140625 0.0203125 0.0390625
9 0.035937500000000004 0.41640625000000003 0.037500000000000006 0.051562500000000004
1 0.035937500000000004 0.39687500000000003 0.03125 0.05625
9 0.15390625000000002 0.27968750000000003 0.0421875 0.05
9 0.12578125 0.25703125 0.051562500000000004 0.0390625
9 0.09140625000000001 0.23203125000000002 0.0484375 0.0328125
9 0.039843750000000004 0.3125 0.0578125 0.040625
