3 0.45625000000000004 0.56015625 0.07500000000000001 0.0328125
3 0.78046875 0.525 0.07968750000000001 0.040625
4 0.68359375 0.5625 0.06406250000000001 0.03125
4 0.9046875000000001 0.56171875 0.065625 0.026562500000000003
6 0.9375 0.50234375 0.05 0.0234375
3 0.9304687500000001 0.2421875 0.0328125 0.07187500000000001
3 0.9773437500000001 0.284375 0.0328125 0.08125
3 0.97421875 0.1703125 0.029687500000000002 0.07500000000000001
9 0.5203125000000001 0.80859375 0.015625 0.026562500000000003
3 0.12187500000000001 0.7820312500000001 0.059375000000000004 0.0671875
3 0.22187500000000002 0.7890625 0.059375000000000004 0.07187500000000001
0 0.35000000000000003 0.8367187500000001 0.021875000000000002 0.010937500000000001
9 0.259375 0.8679687500000001 0.037500000000000006 0.0203125
9 0.07265625 0.8718750000000001 0.0171875 0.03125
9 0.03515625 0.8679687500000001 0.026562500000000003 0.0203125
3 0.9710937500000001 0.08046875 0.035937500000000004 0.06406250000000001
9 0.9148437500000001 0.6984375 0.026562500000000003 0.0125
