1 0.0140625 0.73046875 0.0125 0.0203125
1 0.02890625 0.7328125000000001 0.0140625 0.025
1 0.02734375 0.7351562500000001 0.0140625 0.026562500000000003
1 0.0484375 0.775 0.018750000000000003 0.025
0 0.09843750000000001 0.6882812500000001 0.009375000000000001 0.0328125
0 0.109375 0.6859375000000001 0.0125 0.03125
1 0.0921875 0.68671875 0.009375000000000001 0.0328125
9 0.0921875 0.690625 0.018750000000000003 0.025
7 0.17734375000000002 0.696875 0.0421875 0.037500000000000006
9 0.15859375 0.6804687500000001 0.0328125 0.0234375
9 0.153125 0.66171875 0.03125 0.0234375
9 0.059375000000000004 0.67109375 0.021875000000000002 0.0390625
1 0.057031250000000006 0.67109375 0.010937500000000001 0.0203125
1 0.053125000000000006 0.64453125 0.0125 0.0234375
1 0.06484375 0.65390625 0.0140625 0.029687500000000002
9 0.06484375 0.66015625 0.010937500000000001 0.0203125
4 0.051562500000000004 0.59921875 0.03125 0.0328125
