1 0.16484375 0.1765625 0.029687500000000002 0.037500000000000006
0 0.2671875 0.18984375 0.034375 0.0484375
0 0.10703125000000001 0.2859375 0.0234375 0.025
0 0.11875000000000001 0.2859375 0.040625 0.053125000000000006
0 0.115625 0.42734375 0.040625 0.0484375
0 0.14296875 0.41171875 0.051562500000000004 0.06406250000000001
0 0.15937500000000002 0.51015625 0.053125000000000006 0.051562500000000004
0 0.16640625 0.484375 0.051562500000000004 0.059375000000000004
0 0.44843750000000004 0.60859375 0.040625 0.0578125
0 0.571875 0.53125 0.025 0.05
0 0.59296875 0.5296875 0.029687500000000002 0.05625
