3 0.290625 0.87890625 0.059375000000000004 0.11406250000000001
3 0.07109375 0.853125 0.0546875 0.109375
3 0.14609375 0.765625 0.0671875 0.08750000000000001
3 0.253125 0.59296875 0.040625 0.051562500000000004
3 0.253125 0.5085937500000001 0.03125 0.0390625
3 0.21015625000000002 0.446875 0.029687500000000002 0.037500000000000006
3 0.253125 0.40703125 0.028125 0.0328125
3 0.5906250000000001 0.49765625 0.05 0.0421875
3 0.7109375 0.48046875 0.065625 0.0328125
3 0.8171875000000001 0.46406250000000004 0.053125000000000006 0.046875
3 0.8601562500000001 0.40937500000000004 0.06406250000000001 0.028125
3 0.9703125 0.41718750000000004 0.05625 0.028125
3 0.5109375 0.42109375000000004 0.053125000000000006 0.026562500000000003
9 0.8289062500000001 0.64765625 0.035937500000000004 0.0234375
9 0.7820312500000001 0.61640625 0.0328125 0.0203125
3 0.7890625 0.553125 0.053125000000000006 0.053125000000000006
3 0.7093750000000001 0.5515625000000001 0.07187500000000001 0.053125000000000006
4 0.0703125 0.34453125 0.025 0.0328125
6 0.046875 0.33906250000000004 0.018750000000000003 0.021875000000000002
4 0.10703125000000001 0.26640625 0.0203125 0.026562500000000003
0 0.24531250000000002 0.30390625000000004 0.00625 0.0140625
9 0.24531250000000002 0.309375 0.0125 0.015625
0 0.34218750000000003 0.328125 0.00625 0.018750000000000003
0 0.33671875 0.32890625 0.004687500000000001 0.0171875
6 0.33906250000000004 0.35625 0.025 0.037500000000000006
