3 0.22421875000000002 0.91953125 0.2859375 0.1609375
3 0.55234375 0.78828125 0.1796875 0.2515625
2 0.62109375 0.8914062500000001 0.0484375 0.1078125
2 0.67890625 0.88671875 0.0421875 0.0890625
0 0.6953125 0.8718750000000001 0.053125000000000006 0.1
0 0.628125 0.8718750000000001 0.053125000000000006 0.1
4 0.6312500000000001 0.5265625 0.1125 0.15000000000000002
3 0.67109375 0.41875 0.1015625 0.125
4 0.7210937500000001 0.19140625 0.0859375 0.07968750000000001
3 0.7523437500000001 0.12109375 0.06406250000000001 0.08281250000000001
3 0.78125 0.046875 0.07500000000000001 0.065625
0 0.8093750000000001 0.040625 0.018750000000000003 0.05
