8 0.4375 0.44843750000000004 0.037500000000000006 0.037500000000000006
3 0.35859375000000004 0.49062500000000003 0.026562500000000003 0.025
3 0.6062500000000001 0.45078125 0.021875000000000002 0.0171875
8 0.6421875 0.446875 0.025 0.037500000000000006
3 0.6234375000000001 0.45859375 0.015625 0.0171875
3 0.5875 0.453125 0.018750000000000003 0.015625
3 0.5859375 0.46328125000000003 0.015625 0.0140625
3 0.6101562500000001 0.46406250000000004 0.0203125 0.015625
3 0.6101562500000001 0.47500000000000003 0.0203125 0.018750000000000003
3 0.6101562500000001 0.48515625 0.0203125 0.0171875
3 0.58203125 0.48203125 0.0203125 0.0171875
3 0.55390625 0.47890625000000003 0.0234375 0.0171875
3 0.5765625 0.5015625 0.021875000000000002 0.021875000000000002
3 0.6046875 0.49765625 0.021875000000000002 0.0203125
3 0.6046875 0.51328125 0.021875000000000002 0.0203125
3 0.5765625 0.51796875 0.021875000000000002 0.0203125
3 0.5750000000000001 0.53046875 0.025 0.0203125
3 0.596875 0.5515625000000001 0.028125 0.028125
3 0.5671875000000001 0.56640625 0.03125 0.026562500000000003
3 0.6531250000000001 0.59765625 0.034375 0.029687500000000002
3 0.60859375 0.59375 0.029687500000000002 0.03125
3 0.6156250000000001 0.6335937500000001 0.037500000000000006 0.0328125
3 0.671875 0.6414062500000001 0.03125 0.0328125
3 0.671875 0.6828125 0.040625 0.037500000000000006
3 0.578125 0.68125 0.040625 0.034375
3 0.584375 0.74765625 0.046875 0.0421875
3 0.640625 0.759375 0.053125000000000006 0.053125000000000006
3 0.578125 0.80078125 0.05 0.0484375
3 0.6890625 0.7273437500000001 0.046875 0.0421875
8 0.7640625000000001 0.7273437500000001 0.08750000000000001 0.11093750000000001
3 0.7078125000000001 0.790625 0.053125000000000006 0.043750000000000004
3 0.7359375 0.8484375000000001 0.059375000000000004 0.053125000000000006
3 0.56875 0.8757812500000001 0.0625 0.0546875
4 0.6609375000000001 0.9085937500000001 0.06875 0.0703125
3 0.48281250000000003 0.45 0.018750000000000003 0.015625
3 0.503125 0.45390625 0.018750000000000003 0.0140625
3 0.52734375 0.45390625 0.0203125 0.0171875
3 0.49765625 0.4609375 0.0140625 0.015625
3 0.48671875000000003 0.47421875 0.0234375 0.0171875
3 0.5109375 0.47500000000000003 0.018750000000000003 0.018750000000000003
3 0.45078125 0.48359375000000004 0.0203125 0.0203125
3 0.44140625 0.49609375 0.0234375 0.0171875
3 0.47500000000000003 0.49765625 0.021875000000000002 0.0203125
3 0.47890625000000003 0.53671875 0.026562500000000003 0.0234375
3 0.43828125 0.553125 0.026562500000000003 0.025
8 0.5390625 0.60078125 0.0625 0.0765625
3 0.35468750000000004 0.64453125 0.037500000000000006 0.035937500000000004
3 0.37578125 0.6765625000000001 0.0421875 0.037500000000000006
3 0.42421875000000003 0.68671875 0.0390625 0.0421875
3 0.32734375000000004 0.8234375 0.0578125 0.05625
