3 0.88984375 0.1078125 0.0421875 0.07500000000000001
3 0.9281250000000001 0.1015625 0.037500000000000006 0.07187500000000001
3 0.9671875000000001 0.09531250000000001 0.037500000000000006 0.07500000000000001
3 0.8234375 0.7828125 0.08125 0.034375
0 0.9437500000000001 0.7601562500000001 0.021875000000000002 0.010937500000000001
4 0.9656250000000001 0.9031250000000001 0.043750000000000004 0.09375
9 0.59375 0.89765625 0.028125 0.0171875
3 0.52578125 0.9265625000000001 0.06406250000000001 0.08125
3 0.509375 0.60859375 0.034375 0.07968750000000001
3 0.50703125 0.5203125000000001 0.035937500000000004 0.078125
4 0.49843750000000003 0.27265625 0.03125 0.060937500000000006
3 0.37890625 0.39687500000000003 0.035937500000000004 0.078125
3 0.36562500000000003 0.15000000000000002 0.034375 0.07500000000000001
3 0.27890625 0.09921875000000001 0.0328125 0.0765625
1 0.37421875000000004 0.014843750000000001 0.010937500000000001 0.010937500000000001
0 0.9453125 0.9828125000000001 0.021875000000000002 0.021875000000000002
3 0.278125 0.88046875 0.037500000000000006 0.08281250000000001
9 0.33671875 0.51328125 0.010937500000000001 0.029687500000000002
1 0.3359375 0.5109375 0.0125 0.015625
