3 0.28515625 0.9375 0.1421875 0.125
0 0.2890625 0.6296875000000001 0.040625 0.08125
4 0.146875 0.16796875 0.053125000000000006 0.06406250000000001
6 0.49765625 0.5453125 0.0578125 0.08125
2 0.4921875 0.51875 0.07500000000000001 0.040625
6 0.41015625 0.40468750000000003 0.1015625 0.043750000000000004
3 0.33125000000000004 0.3484375 0.153125 0.065625
0 0.18984375 0.2859375 0.0203125 0.046875
0 0.14375000000000002 0.25546875 0.015625 0.0421875
6 0.31875000000000003 0.30625 0.09062500000000001 0.03125
3 0.10703125000000001 0.09531250000000001 0.06406250000000001 0.040625
3 0.1921875 0.0890625 0.08750000000000001 0.03125
0 0.2609375 0.12421875 0.009375000000000001 0.029687500000000002
0 0.2265625 0.1296875 0.0125 0.034375
