3 0.78046875 0.5078125 0.1546875 0.09062500000000001
9 0.19843750000000002 0.7781250000000001 0.078125 0.059375000000000004
9 0.209375 0.52578125 0.07187500000000001 0.0484375
1 0.1921875 0.7664062500000001 0.046875 0.0578125
1 0.20546875 0.51796875 0.0328125 0.060937500000000006
0 0.096875 0.6195312500000001 0.037500000000000006 0.0671875
0 0.14609375 0.60859375 0.0328125 0.0703125
6 0.5578125 0.45859375 0.1 0.0421875
3 0.2109375 0.48984375 0.17500000000000002 0.0671875
3 0.28046875 0.41171875 0.1171875 0.06406250000000001
0 0.35078125000000004 0.453125 0.026562500000000003 0.053125000000000006
0 0.41953125 0.44375000000000003 0.029687500000000002 0.053125000000000006
0 0.58203125 0.44062500000000004 0.0171875 0.05
0 0.41015625 0.4140625 0.0203125 0.053125000000000006
0 0.384375 0.44375000000000003 0.025 0.046875
0 0.37578125 0.43203125000000003 0.0140625 0.051562500000000004
0 0.18359375 0.44296875 0.029687500000000002 0.051562500000000004
3 0.04609375 0.47500000000000003 0.0890625 0.065625
3 0.16796875 0.40156250000000004 0.0859375 0.07500000000000001
0 0.16484375 0.3375 0.026562500000000003 0.05
4 0.0859375 0.3921875 0.10625000000000001 0.07500000000000001
9 0.41640625000000003 0.39375000000000004 0.045312500000000006 0.043750000000000004
3 0.509375 0.39375000000000004 0.10312500000000001 0.0625
4 0.6234375000000001 0.35234375 0.10312500000000001 0.1078125
4 0.6859375000000001 0.37421875000000004 0.084375 0.0734375
6 0.7328125000000001 0.34921875 0.053125000000000006 0.035937500000000004
0 0.7976562500000001 0.34453125 0.0171875 0.0484375
3 0.953125 0.36015625 0.06875 0.06406250000000001
1 0.92890625 0.35390625000000003 0.0203125 0.026562500000000003
0 0.9398437500000001 0.2515625 0.0171875 0.040625
0 0.9265625000000001 0.2515625 0.0125 0.040625
9 0.9226562500000001 0.22109375 0.026562500000000003 0.026562500000000003
9 0.8578125000000001 0.23593750000000002 0.03125 0.025
9 0.8617187500000001 0.23125 0.026562500000000003 0.018750000000000003
