3 0.6265625 0.94296875 0.15937500000000002 0.0890625
3 0.52890625 0.90234375 0.11093750000000001 0.1015625
3 0.6179687500000001 0.8054687500000001 0.07968750000000001 0.07968750000000001
3 0.66796875 0.721875 0.06406250000000001 0.0625
3 0.71484375 0.65546875 0.06406250000000001 0.0546875
3 0.8390625 0.4765625 0.040625 0.034375
3 0.8171875000000001 0.5109375 0.040625 0.03125
3 0.8015625000000001 0.540625 0.043750000000000004 0.034375
4 0.7757812500000001 0.5734375 0.045312500000000006 0.046875
3 0.6312500000000001 0.6171875 0.059375000000000004 0.043750000000000004
3 0.19609375 0.68125 0.0890625 0.065625
3 0.35390625000000003 0.5890625 0.0671875 0.046875
3 0.40234375 0.50625 0.051562500000000004 0.03125
3 0.42500000000000004 0.53828125 0.046875 0.0421875
4 0.5734375 0.40546875000000004 0.046875 0.026562500000000003
4 0.6687500000000001 0.38203125000000004 0.028125 0.029687500000000002
9 0.33984375 0.5007812500000001 0.0203125 0.0171875
1 0.33984375 0.49453125000000003 0.010937500000000001 0.0171875
5 0.5640625 0.584375 0.178125 0.16875
8 0.7390625000000001 0.43359375 0.059375000000000004 0.060937500000000006
5 0.8171875000000001 0.3921875 0.0625 0.07187500000000001
8 0.91953125 0.25 0.026562500000000003 0.021875000000000002
3 0.95234375 0.22031250000000002 0.010937500000000001 0.015625
3 0.9078125 0.27187500000000003 0.015625 0.015625
3 0.921875 0.28125 0.015625 0.0125
0 0.8703125 0.35234375 0.00625 0.0140625
0 0.8812500000000001 0.30625 0.00625 0.015625
