3 0.44062500000000004 0.51796875 0.1125 0.1546875
4 0.23046875 0.41328125000000004 0.0765625 0.15781250000000002
3 0.8343750000000001 0.07109375 0.084375 0.0671875
3 0.5421875 0.10703125000000001 0.09062500000000001 0.0671875
4 0.41250000000000003 0.09453125000000001 0.065625 0.08281250000000001
4 0.24453125 0.05 0.06406250000000001 0.09062500000000001
1 0.14453125 0.0671875 0.0234375 0.03125
1 0.14453125 0.06406250000000001 0.0203125 0.03125
6 0.14375000000000002 0.078125 0.037500000000000006 0.0625
0 0.02734375 0.24609375 0.029687500000000002 0.0671875
0 0.014843750000000001 0.22734375 0.0171875 0.0484375
