4 0.6492187500000001 0.64609375 0.22968750000000002 0.1703125
3 0.7132812500000001 0.5546875 0.2171875 0.134375
3 0.87265625 0.52578125 0.2265625 0.1296875
2 0.77890625 0.28828125 0.0703125 0.0328125
0 0.784375 0.27187500000000003 0.034375 0.059375000000000004
3 0.6648437500000001 0.41718750000000004 0.1765625 0.10625000000000001
4 0.52578125 0.41640625000000003 0.2109375 0.1296875
4 0.5078125 0.30781250000000004 0.178125 0.10312500000000001
3 0.4734375 0.50234375 0.203125 0.13593750000000002
3 0.29140625000000003 0.36796875 0.1703125 0.1078125
3 0.1453125 0.2703125 0.153125 0.09375
3 0.32734375000000004 0.290625 0.17343750000000002 0.1125
3 0.44921875 0.20703125 0.1453125 0.0859375
3 0.325 0.20703125 0.15625 0.0921875
3 0.17734375000000002 0.19453125000000002 0.13593750000000002 0.07968750000000001
3 0.21328125 0.1375 0.11406250000000001 0.07187500000000001
3 0.0703125 0.065625 0.10625000000000001 0.059375000000000004
2 0.503125 0.09296875 0.046875 0.045312500000000006
1 0.509375 0.07968750000000001 0.021875000000000002 0.040625
3 0.53515625 0.0765625 0.1296875 0.078125
3 0.43984375000000003 0.02890625 0.1171875 0.0578125
9 0.39296875000000003 0.06015625 0.045312500000000006 0.035937500000000004
1 0.39296875000000003 0.043750000000000004 0.0234375 0.040625
