0 0.2765625 0.41484375 0.03125 0.0890625
3 0.8656250000000001 0.47500000000000003 0.1875 0.1125
3 0.047656250000000004 0.04296875 0.0328125 0.035937500000000004
4 0.26953125 0.02890625 0.035937500000000004 0.0390625
0 0.3203125 0.02421875 0.015625 0.026562500000000003
3 0.30703125000000003 0.049218750000000006 0.06406250000000001 0.0328125
1 0.4609375 0.09609375 0.0125 0.0203125
1 0.47890625000000003 0.096875 0.010937500000000001 0.018750000000000003
1 0.4890625 0.096875 0.0125 0.021875000000000002
1 0.47265625 0.11875000000000001 0.0171875 0.025
1 0.49843750000000003 0.12109375 0.0125 0.0203125
1 0.51171875 0.1203125 0.010937500000000001 0.021875000000000002
1 0.50234375 0.115625 0.010937500000000001 0.021875000000000002
1 0.48828125 0.115625 0.010937500000000001 0.015625
9 0.54921875 0.15781250000000002 0.0421875 0.028125
2 0.58046875 0.17265625 0.0328125 0.026562500000000003
9 0.6109375 0.19296875000000002 0.021875000000000002 0.0328125
9 0.63046875 0.19140625 0.026562500000000003 0.0390625
4 0.42890625000000004 0.19375 0.08281250000000001 0.07500000000000001
4 0.25625000000000003 0.1953125 0.065625 0.065625
9 0.29609375 0.13203125000000002 0.0171875 0.0234375
3 0.503125 0.3125 0.07500000000000001 0.07500000000000001
9 0.58828125 0.34375 0.0234375 0.0625
9 0.58125 0.30703125000000003 0.03125 0.0484375
9 0.60703125 0.3296875 0.0234375 0.043750000000000004
2 0.61484375 0.30859375 0.026562500000000003 0.051562500000000004
9 0.66015625 0.3125 0.035937500000000004 0.040625
9 0.6531250000000001 0.35078125000000004 0.046875 0.0328125
9 0.6640625 0.35625 0.046875 0.028125
9 0.6734375 0.3640625 0.05625 0.037500000000000006
9 0.83203125 0.27734375 0.0328125 0.0421875
2 0.7765625 0.278125 0.043750000000000004 0.028125
9 0.7265625 0.29375 0.05625 0.043750000000000004
2 0.7390625000000001 0.3203125 0.034375 0.040625
9 0.77109375 0.31171875000000004 0.035937500000000004 0.0578125
9 0.7195312500000001 0.36015625 0.0328125 0.051562500000000004
9 0.75546875 0.34453125 0.0484375 0.035937500000000004
9 0.77109375 0.35234375 0.0234375 0.0390625
9 0.7984375 0.35078125000000004 0.028125 0.0421875
9 0.78828125 0.37421875000000004 0.045312500000000006 0.0578125
2 0.88984375 0.30625 0.0421875 0.053125000000000006
9 0.8375 0.33906250000000004 0.046875 0.03125
9 0.8289062500000001 0.390625 0.0421875 0.040625
9 0.8718750000000001 0.3609375 0.05 0.05
9 0.8718750000000001 0.38046875 0.021875000000000002 0.0484375
9 0.8953125000000001 0.38906250000000003 0.021875000000000002 0.05625
9 0.90625 0.36796875 0.021875000000000002 0.045312500000000006
9 0.9382812500000001 0.37890625 0.045312500000000006 0.0484375
2 0.9500000000000001 0.39687500000000003 0.037500000000000006 0.053125000000000006
