3 0.0625 0.21484375 0.053125000000000006 0.0578125
4 0.47578125000000004 0.45546875000000003 0.09531250000000001 0.1046875
0 0.534375 0.40390625 0.021875000000000002 0.060937500000000006
0 0.28125 0.44296875 0.021875000000000002 0.06406250000000001
5 0.1078125 0.0765625 0.053125000000000006 0.065625
1 0.15078125 0.10546875 0.0171875 0.0203125
0 0.23593750000000002 0.021875000000000002 0.015625 0.040625
3 0.3765625 0.21171875 0.10625000000000001 0.0484375
5 0.33437500000000003 0.09531250000000001 0.09062500000000001 0.084375
0 0.9015625 0.29765625 0.025 0.0484375
0 0.9265625000000001 0.30390625000000004 0.03125 0.0546875
0 0.603125 0.08984375 0.0125 0.0390625
0 0.58828125 0.0890625 0.0140625 0.040625
0 0.60703125 0.1546875 0.0203125 0.034375
0 0.46796875000000004 0.146875 0.010937500000000001 0.040625
1 0.43828125 0.13828125 0.010937500000000001 0.029687500000000002
5 0.5140625 0.12421875 0.12187500000000001 0.0671875
3 0.571875 0.30781250000000004 0.125 0.059375000000000004
4 0.5296875 0.22578125000000002 0.10625000000000001 0.0546875
