3 0.26875 0.77890625 0.109375 0.1328125
1 0.65546875 0.8671875 0.0234375 0.046875
1 0.6609375000000001 0.8460937500000001 0.03125 0.0734375
9 0.6609375000000001 0.8421875000000001 0.065625 0.134375
3 0.87421875 0.8812500000000001 0.1296875 0.171875
1 0.7601562500000001 0.73359375 0.0328125 0.0703125
9 0.7601562500000001 0.74609375 0.0421875 0.07968750000000001
0 0.915625 0.7273437500000001 0.034375 0.0921875
0 0.8992187500000001 0.63046875 0.0328125 0.08281250000000001
0 0.8671875 0.628125 0.025 0.078125
3 0.690625 0.6015625 0.1 0.115625
3 0.32109375 0.57734375 0.16718750000000002 0.15781250000000002
1 0.5859375 0.34687500000000004 0.037500000000000006 0.05
1 0.58203125 0.35234375 0.0234375 0.0484375
9 0.58203125 0.36328125 0.029687500000000002 0.051562500000000004
9 0.40156250000000004 0.35546875 0.043750000000000004 0.0546875
9 0.44140625 0.2734375 0.051562500000000004 0.037500000000000006
6 0.4546875 0.22421875000000002 0.043750000000000004 0.051562500000000004
0 0.9109375000000001 0.3796875 0.028125 0.07187500000000001
0 0.8617187500000001 0.27265625 0.0203125 0.060937500000000006
1 0.8406250000000001 0.31562500000000004 0.021875000000000002 0.05625
9 0.9515625000000001 0.28515625 0.021875000000000002 0.0484375
1 0.9515625000000001 0.27578125000000003 0.028125 0.051562500000000004
9 0.8445312500000001 0.32265625000000003 0.0203125 0.051562500000000004
3 0.87265625 0.19375 0.0703125 0.059375000000000004
7 0.8523437500000001 0.12187500000000001 0.029687500000000002 0.05
0 0.5015625 0.09062500000000001 0.009375000000000001 0.025
0 0.51484375 0.10312500000000001 0.0140625 0.03125
0 0.5281250000000001 0.096875 0.015625 0.043750000000000004
3 0.6984375 0.096875 0.053125000000000006 0.053125000000000006
3 0.5578125 0.04296875 0.046875 0.051562500000000004
1 0.7625000000000001 0.07421875 0.009375000000000001 0.026562500000000003
1 0.7625000000000001 0.07265625 0.015625 0.0328125
7 0.7601562500000001 0.07265625 0.029687500000000002 0.051562500000000004
1 0.78828125 0.06171875 0.0234375 0.0390625
9 0.78828125 0.06484375 0.0203125 0.0328125
2 0.8929687500000001 0.11640625 0.0546875 0.0328125
0 0.8203125 0.0625 0.015625 0.034375
6 0.8109375000000001 0.06796875000000001 0.025 0.0328125
1 0.45078125 0.33437500000000003 0.0234375 0.043750000000000004
2 0.453125 0.35234375 0.021875000000000002 0.0484375
9 0.8539062500000001 0.07109375 0.026562500000000003 0.0328125
9 0.8453125 0.041406250000000006 0.037500000000000006 0.0234375
