3 0.8250000000000001 0.7625000000000001 0.153125 0.1
3 0.5789062500000001 0.7109375 0.07968750000000001 0.1
3 0.55859375 0.6023437500000001 0.0734375 0.07968750000000001
3 0.0890625 0.434375 0.065625 0.06875
3 0.1265625 0.37421875000000004 0.059375000000000004 0.051562500000000004
3 0.16640625 0.32734375000000004 0.0578125 0.0421875
3 0.49609375 0.50625 0.1234375 0.07500000000000001
3 0.48281250000000003 0.36171875000000003 0.053125000000000006 0.0484375
3 0.4625 0.3125 0.084375 0.05
3 0.30078125 0.16484375 0.0328125 0.0328125
3 0.5046875000000001 0.46406250000000004 0.115625 0.07187500000000001
3 0.5007812500000001 0.42109375000000004 0.1046875 0.06406250000000001
3 0.54609375 0.23515625 0.0421875 0.0390625
3 0.47187500000000004 0.253125 0.053125000000000006 0.040625
3 0.4703125 0.23046875 0.037500000000000006 0.0328125
3 0.45703125 0.2 0.0421875 0.046875
3 0.48515625 0.16875 0.0765625 0.034375
3 0.45937500000000003 0.15234375 0.037500000000000006 0.0328125
3 0.25625000000000003 0.08671875000000001 0.03125 0.026562500000000003
3 0.1640625 0.2828125 0.05625 0.046875
1 0.40078125000000003 0.4703125 0.0171875 0.040625
1 0.41718750000000004 0.06484375 0.00625 0.0171875
1 0.41328125000000004 0.0671875 0.0078125 0.015625
1 0.4453125 0.07265625 0.009375000000000001 0.0140625
9 0.415625 0.06796875000000001 0.015625 0.010937500000000001
6 0.43359375 0.084375 0.0390625 0.018750000000000003
0 0.35390625000000003 0.0578125 0.010937500000000001 0.021875000000000002
0 0.26640625 0.057031250000000006 0.010937500000000001 0.0234375
5 0.22421875000000002 0.11171875 0.051562500000000004 0.06406250000000001
5 0.11328125 0.21250000000000002 0.1015625 0.059375000000000004
9 0.0578125 0.2703125 0.037500000000000006 0.03125
9 0.5515625000000001 0.30781250000000004 0.034375 0.025
2 0.40078125000000003 0.47734375 0.0171875 0.0421875
0 0.20859375000000002 0.2390625 0.0140625 0.03125
