3 0.16640625 0.43046875 0.0859375 0.051562500000000004
9 0.10234375000000001 0.7468750000000001 0.0390625 0.021875000000000002
1 0.1 0.74921875 0.015625 0.0171875
0 0.37812500000000004 0.84921875 0.015625 0.0140625
0 0.39687500000000003 0.8453125 0.015625 0.015625
0 0.815625 0.7484375000000001 0.015625 0.009375000000000001
0 0.9171875 0.70859375 0.015625 0.0140625
0 0.9187500000000001 0.7273437500000001 0.015625 0.0140625
3 0.8 0.6484375 0.09062500000000001 0.065625
0 0.82421875 0.7359375 0.010937500000000001 0.015625
0 0.8109375000000001 0.73828125 0.0125 0.0140625
1 0.25390625 0.15546875000000002 0.0171875 0.0171875
9 0.25625000000000003 0.153125 0.03125 0.025
0 0.66171875 0.015625 0.0140625 0.015625
1 0.26796875000000003 0.15390625000000002 0.010937500000000001 0.0140625
0 0.8390625 0.8796875000000001 0.015625 0.015625
0 0.8375 0.8953125000000001 0.015625 0.015625
0 0.81640625 0.9296875 0.0078125 0.009375000000000001
0 0.8210937500000001 0.9390625 0.010937500000000001 0.009375000000000001
3 0.4140625 0.9851562500000001 0.059375000000000004 0.029687500000000002
