0 0.80390625 0.9500000000000001 0.035937500000000004 0.08125
0 0.76328125 0.91953125 0.026562500000000003 0.0765625
0 0.8851562500000001 0.88046875 0.026562500000000003 0.0765625
0 0.7234375000000001 0.8171875000000001 0.018750000000000003 0.059375000000000004
3 0.5750000000000001 0.79609375 0.08750000000000001 0.060937500000000006
1 0.51171875 0.8656250000000001 0.035937500000000004 0.046875
9 0.509375 0.87890625 0.034375 0.0484375
1 0.49843750000000003 0.8148437500000001 0.03125 0.0421875
9 0.49843750000000003 0.8296875 0.03125 0.046875
1 0.36328125 0.7914062500000001 0.026562500000000003 0.035937500000000004
9 0.36484375 0.80234375 0.0234375 0.0484375
1 0.4234375 0.7914062500000001 0.025 0.0390625
9 0.4234375 0.80078125 0.028125 0.0484375
1 0.40078125000000003 0.7507812500000001 0.0203125 0.035937500000000004
9 0.39921875 0.7601562500000001 0.0203125 0.0328125
0 0.55859375 0.7468750000000001 0.0140625 0.046875
0 0.58125 0.74921875 0.018750000000000003 0.051562500000000004
0 0.509375 0.721875 0.0125 0.043750000000000004
0 0.48125 0.721875 0.015625 0.043750000000000004
0 0.45156250000000003 0.7234375000000001 0.0125 0.040625
0 0.44375000000000003 0.7000000000000001 0.015625 0.037500000000000006
0 0.42890625000000004 0.6976562500000001 0.0140625 0.035937500000000004
0 0.3875 0.68671875 0.018750000000000003 0.035937500000000004
3 0.17421875 0.8500000000000001 0.08281250000000001 0.07500000000000001
3 0.19453125000000002 0.81640625 0.0734375 0.0671875
3 0.1703125 0.7921875 0.06875 0.05625
4 0.17421875 0.7703125000000001 0.060937500000000006 0.053125000000000006
3 0.0578125 0.8046875 0.07187500000000001 0.05625
1 0.10703125000000001 0.75390625 0.0203125 0.035937500000000004
9 0.10625000000000001 0.7664062500000001 0.021875000000000002 0.0328125
3 0.0671875 0.73359375 0.134375 0.0421875
1 0.1609375 0.7265625 0.015625 0.037500000000000006
2 0.1609375 0.734375 0.015625 0.025
1 0.12187500000000001 0.7125 0.015625 0.025
1 0.11796875000000001 0.7109375 0.0140625 0.025
1 0.07109375 0.7000000000000001 0.0140625 0.03125
1 0.08359375000000001 0.6492187500000001 0.010937500000000001 0.0234375
1 0.1015625 0.6257812500000001 0.009375000000000001 0.0171875
1 0.0765625 0.6179687500000001 0.00625 0.0171875
9 0.11953125 0.72421875 0.0140625 0.0203125
2 0.06875 0.70703125 0.015625 0.0234375
2 0.08281250000000001 0.65546875 0.009375000000000001 0.0171875
9 0.10078125 0.6312500000000001 0.010937500000000001 0.0125
9 0.07421875 0.6234375000000001 0.0078125 0.0125
0 0.022656250000000003 0.6648437500000001 0.010937500000000001 0.035937500000000004
4 0.20390625 0.63984375 0.0328125 0.026562500000000003
8 0.14765625000000002 0.6531250000000001 0.060937500000000006 0.07187500000000001
3 0.17734375000000002 0.6062500000000001 0.0234375 0.015625
5 0.1328125 0.60859375 0.046875 0.045312500000000006
1 0.2078125 0.60703125 0.00625 0.0140625
1 0.19687500000000002 0.60546875 0.009375000000000001 0.0171875
9 0.2078125 0.6117187500000001 0.00625 0.010937500000000001
9 0.19453125000000002 0.6078125000000001 0.0078125 0.015625
4 0.15703125 0.6000000000000001 0.0140625 0.015625
4 0.171875 0.57421875 0.0125 0.010937500000000001
1 0.24531250000000002 0.63203125 0.0125 0.0203125
9 0.24296875 0.63671875 0.0140625 0.0171875
