3 0.240625 0.28125 0.037500000000000006 0.028125
3 0.13593750000000002 0.2625 0.025 0.018750000000000003
3 0.10234375000000001 0.24296875 0.0078125 0.0078125
3 0.14140625 0.24609375 0.0078125 0.0078125
3 0.14140625 0.23828125 0.0078125 0.0078125
3 0.1546875 0.23984375000000002 0.009375000000000001 0.0078125
3 0.15625 0.23203125000000002 0.00625 0.0078125
3 0.1640625 0.2234375 0.00625 0.00625
5 0.17109375000000002 0.22968750000000002 0.0078125 0.009375000000000001
3 0.184375 0.22187500000000002 0.00625 0.00625
3 0.19609375 0.21953125 0.004687500000000001 0.004687500000000001
4 0.246875 0.23046875 0.015625 0.0078125
3 0.11171875 0.22187500000000002 0.004687500000000001 0.00625
3 0.10625000000000001 0.22187500000000002 0.00625 0.00625
3 0.6328125 0.240625 0.0125 0.00625
3 0.7171875000000001 0.240625 0.0125 0.00625
