3 0.5890625 0.9125000000000001 0.209375 0.109375
3 0.68125 0.8031250000000001 0.209375 0.096875
3 0.7484375000000001 0.6664062500000001 0.17500000000000002 0.09843750000000001
3 0.8328125000000001 0.57421875 0.15937500000000002 0.0765625
3 0.8515625 0.55 0.15000000000000002 0.07187500000000001
5 0.94921875 0.02734375 0.045312500000000006 0.035937500000000004
3 0.7796875000000001 0.0546875 0.0625 0.025
3 0.53828125 0.17734375000000002 0.08281250000000001 0.0390625
3 0.51875 0.1953125 0.08125 0.040625
3 0.46484375 0.21250000000000002 0.0859375 0.043750000000000004
5 0.36250000000000004 0.21328125 0.134375 0.0546875
5 0.08515625 0.44453125000000004 0.1484375 0.07968750000000001
9 0.16796875 0.40468750000000003 0.0421875 0.034375
9 0.21406250000000002 0.41875 0.043750000000000004 0.034375
3 0.2484375 0.013281250000000001 0.059375000000000004 0.0234375
