3 0.4421875 0.8328125000000001 0.1125 0.140625
3 0.50703125 0.6843750000000001 0.09843750000000001 0.125
4 0.46953125 0.1390625 0.0703125 0.05
3 0.93359375 0.2265625 0.0484375 0.05625
3 0.9796875 0.1328125 0.037500000000000006 0.053125000000000006
3 0.7898437500000001 0.94921875 0.1015625 0.1015625
5 0.8375 0.6640625 0.10625000000000001 0.21250000000000002
0 0.90234375 0.7195312500000001 0.0234375 0.051562500000000004
3 0.9828125000000001 0.0203125 0.034375 0.040625
3 0.78046875 0.11953125 0.06406250000000001 0.045312500000000006
4 0.79609375 0.0578125 0.045312500000000006 0.043750000000000004
