4 0.63828125 0.06484375 0.060937500000000006 0.08281250000000001
4 0.5765625 0.37734375000000003 0.09375 0.1296875
3 0.47187500000000004 0.08750000000000001 0.08125 0.08125
3 0.4546875 0.18984375 0.09062500000000001 0.0859375
3 0.6203125 0.15000000000000002 0.084375 0.084375
3 0.74921875 0.09453125000000001 0.0734375 0.0734375
3 0.77109375 0.16484375 0.08281250000000001 0.08281250000000001
3 0.25 0.23046875 0.10312500000000001 0.0921875
3 0.41171875 0.31093750000000003 0.1078125 0.10625000000000001
3 0.37031250000000004 0.46171875 0.12187500000000001 0.1328125
3 0.765625 0.3640625 0.10312500000000001 0.115625
3 0.77890625 0.5546875 0.1328125 0.16875
3 0.578125 0.5554687500000001 0.11875000000000001 0.15781250000000002
3 0.5953125 0.278125 0.08750000000000001 0.09062500000000001
3 0.78671875 0.265625 0.0921875 0.09375
3 0.5859375 0.83515625 0.153125 0.23593750000000002
3 0.3171875 0.7351562500000001 0.15937500000000002 0.2078125
