0 0.0234375 0.8203125 0.028125 0.07187500000000001
0 0.41015625 0.9460937500000001 0.2265625 0.1015625
0 0.36640625000000004 0.7992187500000001 0.0234375 0.0671875
1 0.40078125000000003 0.8304687500000001 0.0328125 0.035937500000000004
0 0.38359375 0.6578125 0.0203125 0.0625
3 0.16953125000000002 0.7781250000000001 0.1421875 0.109375
3 0.13203125000000002 0.7125 0.1484375 0.09062500000000001
3 0.13046875 0.60859375 0.13593750000000002 0.0703125
3 0.1765625 0.571875 0.146875 0.059375000000000004
3 0.16484375 0.5375 0.1171875 0.05
2 0.31953125000000004 0.6265625 0.0578125 0.034375
2 0.3203125 0.6195312500000001 0.053125000000000006 0.026562500000000003
2 0.321875 0.6171875 0.05625 0.025
9 0.31875000000000003 0.6023437500000001 0.053125000000000006 0.0390625
9 0.2609375 0.5281250000000001 0.05 0.034375
9 0.24921875000000002 0.51875 0.0484375 0.028125
4 0.21328125 0.47968750000000004 0.1421875 0.06875
3 0.18359375 0.44765625000000003 0.1171875 0.0578125
3 0.08671875000000001 0.43984375000000003 0.09531250000000001 0.06406250000000001
3 0.049218750000000006 0.4109375 0.09531250000000001 0.059375000000000004
1 0.13515625 0.38671875 0.0203125 0.0328125
1 0.16796875 0.38671875 0.0171875 0.0328125
0 0.2078125 0.34140625 0.009375000000000001 0.045312500000000006
9 0.19921875 0.321875 0.010937500000000001 0.034375
3 0.049218750000000006 0.29140625000000003 0.0421875 0.0546875
3 0.0328125 0.1296875 0.065625 0.025
3 0.06875 0.10312500000000001 0.046875 0.040625
3 0.10703125000000001 0.10078125 0.0421875 0.035937500000000004
3 0.05859375 0.08046875 0.0546875 0.0203125
3 0.07968750000000001 0.06875 0.053125000000000006 0.021875000000000002
0 0.09921875000000001 0.15078125 0.0078125 0.029687500000000002
1 0.125 0.24765625000000002 0.009375000000000001 0.0171875
1 0.15234375 0.2515625 0.0078125 0.018750000000000003
1 0.15000000000000002 0.240625 0.0125 0.018750000000000003
0 0.0078125 0.03125 0.009375000000000001 0.015625
9 0.1171875 0.1953125 0.03125 0.021875000000000002
