9 0.14765625000000002 0.71484375 0.0921875 0.11093750000000001
9 0.41484375 0.73046875 0.060937500000000006 0.1421875
9 0.3875 0.5789062500000001 0.053125000000000006 0.11406250000000001
9 0.278125 0.44921875 0.046875 0.1078125
9 0.29375 0.29531250000000003 0.040625 0.08125
1 0.1703125 0.7265625 0.053125000000000006 0.065625
1 0.1453125 0.6937500000000001 0.059375000000000004 0.09375
1 0.4109375 0.7171875000000001 0.07500000000000001 0.134375
1 0.41484375 0.6609375000000001 0.0546875 0.08125
1 0.3875 0.546875 0.053125000000000006 0.096875
1 0.2734375 0.43593750000000003 0.053125000000000006 0.1
1 0.29140625000000003 0.2703125 0.0421875 0.078125
4 0.38828125 0.32578125 0.11406250000000001 0.16718750000000002
4 0.55859375 0.3984375 0.13593750000000002 0.2
3 0.38984375000000004 0.1625 0.0890625 0.1
3 0.5320312500000001 0.19296875000000002 0.09843750000000001 0.1171875
3 0.384375 0.04609375 0.078125 0.07968750000000001
3 0.51875 0.060937500000000006 0.09375 0.09062500000000001
0 0.22421875000000002 0.1046875 0.026562500000000003 0.08125
9 0.87421875 0.19140625 0.0328125 0.06406250000000001
1 0.875 0.171875 0.040625 0.059375000000000004
