3 0.7015625000000001 0.80625 0.240625 0.19062500000000002
3 0.703125 0.6375000000000001 0.115625 0.1625
3 0.55234375 0.5593750000000001 0.17343750000000002 0.09062500000000001
1 0.9593750000000001 0.77890625 0.053125000000000006 0.0578125
6 0.9609375 0.7859375000000001 0.0625 0.13125
3 0.5734375 0.40859375000000003 0.171875 0.0765625
3 0.63984375 0.3671875 0.15781250000000002 0.08750000000000001
3 0.7875000000000001 0.36015625 0.140625 0.07968750000000001
3 0.8304687500000001 0.27265625 0.0765625 0.1171875
3 0.7296875 0.203125 0.12187500000000001 0.06875
9 0.978125 0.009375000000000001 0.025 0.015625
3 0.9328125 0.05859375 0.07500000000000001 0.051562500000000004
1 0.87421875 0.030468750000000003 0.010937500000000001 0.026562500000000003
1 0.846875 0.02890625 0.021875000000000002 0.0234375
3 0.9234375 0.11171875 0.084375 0.051562500000000004
3 0.8765625 0.1421875 0.053125000000000006 0.05625
3 0.8703125 0.18359375 0.06875 0.0734375
3 0.85859375 0.23671875 0.1078125 0.0671875
