9 0.09921875000000001 0.59296875 0.06406250000000001 0.09843750000000001
9 0.030468750000000003 0.5632812500000001 0.0578125 0.051562500000000004
1 0.10703125000000001 0.38125000000000003 0.0484375 0.06875
6 0.1171875 0.43046875 0.22812500000000002 0.1296875
0 0.0671875 0.36015625 0.046875 0.0734375
1 0.11015625000000001 0.30625 0.0421875 0.037500000000000006
0 0.134375 0.24531250000000002 0.03125 0.06875
1 0.09765625 0.2484375 0.0390625 0.046875
1 0.08750000000000001 0.23984375000000002 0.046875 0.045312500000000006
1 0.09921875000000001 0.23046875 0.0484375 0.0390625
9 0.20234375000000002 0.265625 0.0328125 0.0625
9 0.21406250000000002 0.18281250000000002 0.0625 0.046875
0 0.296875 0.32343750000000004 0.034375 0.046875
9 0.28671875 0.051562500000000004 0.0546875 0.034375
9 0.30312500000000003 0.037500000000000006 0.046875 0.034375
3 0.7921875 0.721875 0.1375 0.23125
1 0.6414062500000001 0.7046875 0.051562500000000004 0.096875
1 0.7125 0.56796875 0.043750000000000004 0.0734375
1 0.43515625 0.4703125 0.0421875 0.07187500000000001
9 0.37265625 0.64375 0.0890625 0.07187500000000001
9 0.35000000000000003 0.6257812500000001 0.1 0.0578125
9 0.45625000000000004 0.6109375 0.09375 0.059375000000000004
9 0.4625 0.5578125 0.09375 0.059375000000000004
9 0.41250000000000003 0.5859375 0.09062500000000001 0.0625
9 0.41718750000000004 0.46328125000000003 0.07500000000000001 0.051562500000000004
9 0.5710937500000001 0.41875 0.0421875 0.06875
2 0.41953125 0.20546875 0.0328125 0.06406250000000001
2 0.478125 0.21250000000000002 0.034375 0.0625
9 0.48515625 0.1625 0.0546875 0.043750000000000004
0 0.3359375 0.13593750000000002 0.03125 0.059375000000000004
0 0.31875000000000003 0.1390625 0.021875000000000002 0.043750000000000004
3 0.784375 0.23593750000000002 0.1 0.125
3 0.7523437500000001 0.12734375 0.0703125 0.0765625
3 0.62421875 0.3203125 0.1703125 0.125
3 0.5796875 0.26406250000000003 0.084375 0.1
3 0.571875 0.18359375 0.084375 0.0890625
3 0.5765625 0.10859375 0.06875 0.0734375
3 0.8640625000000001 0.41953125 0.1125 0.1390625
1 0.6703125000000001 0.20625000000000002 0.037500000000000006 0.059375000000000004
1 0.9703125 0.12109375 0.03125 0.051562500000000004
1 0.9046875000000001 0.06875 0.025 0.040625
1 0.83125 0.060937500000000006 0.025 0.034375
9 0.66015625 0.03125 0.0203125 0.034375
9 0.67109375 0.22187500000000002 0.0328125 0.05
9 0.7125 0.59921875 0.043750000000000004 0.06406250000000001
9 0.64609375 0.7445312500000001 0.0578125 0.0890625
9 0.90625 0.08281250000000001 0.021875000000000002 0.040625
9 0.8296875 0.07734375 0.021875000000000002 0.0328125
9 0.8671875 0.034375 0.021875000000000002 0.034375
1 0.915625 0.16015625 0.03125 0.0421875
1 0.90390625 0.15625 0.0328125 0.040625
6 0.91171875 0.17734375000000002 0.0578125 0.0671875
2 0.96640625 0.13515625 0.0203125 0.0484375
