0 0.4421875 0.8609375 0.021875000000000002 0.05625
0 0.58125 0.8609375 0.021875000000000002 0.0625
0 0.6203125 0.8640625000000001 0.0125 0.053125000000000006
0 0.640625 0.85546875 0.015625 0.0484375
0 0.6203125 0.78671875 0.021875000000000002 0.0484375
0 0.5734375 0.77109375 0.018750000000000003 0.0421875
0 0.5171875 0.7507812500000001 0.018750000000000003 0.045312500000000006
0 0.6648437500000001 0.7578125 0.0140625 0.05
0 0.84921875 0.8453125 0.0140625 0.053125000000000006
0 0.8734375000000001 0.85546875 0.015625 0.0421875
0 0.9015625 0.8515625 0.015625 0.046875
0 0.9242187500000001 0.8500000000000001 0.0140625 0.046875
0 0.9390625 0.85859375 0.0125 0.0390625
0 0.0765625 0.58203125 0.00625 0.035937500000000004
