3 0.22578125000000002 0.8765625 0.0859375 0.08750000000000001
4 0.1921875 0.7703125000000001 0.08750000000000001 0.1125
3 0.18671875000000002 0.73046875 0.0703125 0.0703125
3 0.16953125000000002 0.68359375 0.0578125 0.060937500000000006
3 0.055468750000000004 0.7445312500000001 0.0703125 0.0765625
3 0.13593750000000002 0.58046875 0.05 0.0484375
3 0.115625 0.48828125 0.043750000000000004 0.045312500000000006
3 0.0890625 0.38984375000000004 0.03125 0.029687500000000002
3 0.0671875 0.30078125 0.018750000000000003 0.0171875
4 0.0234375 0.31171875000000004 0.021875000000000002 0.026562500000000003
3 0.01953125 0.265625 0.0171875 0.018750000000000003
3 0.03515625 0.28203125 0.0203125 0.0203125
3 0.05 0.25546875 0.018750000000000003 0.0140625
3 0.32343750000000004 0.32578125 0.025 0.0203125
3 0.33437500000000003 0.29296875 0.021875000000000002 0.0203125
3 0.2109375 0.26484375 0.018750000000000003 0.0171875
6 0.565625 0.44062500000000004 0.025 0.025
