3 0.9171875 0.7125 0.059375000000000004 0.08750000000000001
3 0.92890625 0.5890625 0.051562500000000004 0.06875
3 0.66171875 0.7453125 0.1609375 0.0625
3 0.67109375 0.70234375 0.1484375 0.0578125
3 0.6875 0.665625 0.146875 0.059375000000000004
3 0.23828125 0.8296875 0.1484375 0.065625
3 0.27734375 0.7757812500000001 0.1390625 0.06406250000000001
3 0.31562500000000004 0.72265625 0.14375000000000002 0.0671875
3 0.353125 0.58203125 0.084375 0.08281250000000001
3 0.2078125 0.5796875 0.07500000000000001 0.084375
4 0.27578125000000003 0.5765625 0.08281250000000001 0.08125
4 0.7976562500000001 0.31093750000000003 0.09531250000000001 0.046875
3 0.59609375 0.32421875 0.0859375 0.0390625
5 0.44843750000000004 0.31484375000000003 0.134375 0.0578125
3 0.9234375 0.0203125 0.053125000000000006 0.021875000000000002
3 0.8250000000000001 0.0421875 0.053125000000000006 0.025
3 0.80234375 0.03671875 0.0484375 0.0234375
5 0.8109375000000001 0.02890625 0.059375000000000004 0.0234375
3 0.74140625 0.045312500000000006 0.0578125 0.021875000000000002
3 0.73046875 0.03671875 0.0578125 0.0234375
3 0.65546875 0.049218750000000006 0.060937500000000006 0.0234375
3 0.6515625 0.035937500000000004 0.053125000000000006 0.025
3 0.578125 0.05078125 0.05625 0.0234375
3 0.53828125 0.03359375 0.0546875 0.0234375
3 0.49140625000000004 0.051562500000000004 0.06406250000000001 0.025
3 0.40703125 0.03671875 0.06406250000000001 0.0234375
3 0.2703125 0.035937500000000004 0.059375000000000004 0.021875000000000002
4 0.8695312500000001 0.48828125 0.06406250000000001 0.07968750000000001
0 0.9539062500000001 0.4734375 0.0171875 0.040625
0 0.89375 0.30390625000000004 0.0125 0.0328125
1 0.878125 0.30312500000000003 0.0125 0.025
0 0.67109375 0.34453125 0.0140625 0.026562500000000003
0 0.5890625 0.34921875 0.015625 0.035937500000000004
0 0.6000000000000001 0.33203125 0.0125 0.035937500000000004
0 0.6328125 0.3296875 0.015625 0.034375
3 0.09453125000000001 0.04453125 0.0671875 0.026562500000000003
3 0.022656250000000003 0.043750000000000004 0.0421875 0.025
