5 0.41484375 0.02109375 0.0546875 0.0421875
1 0.42265625 0.07187500000000001 0.0203125 0.03125
9 0.41953125 0.07890625000000001 0.0171875 0.0234375
5 0.8359375 0.11328125 0.184375 0.0703125
5 0.58359375 0.134375 0.1171875 0.065625
3 0.70078125 0.14765625000000002 0.0734375 0.0421875
5 0.565625 0.2 0.16875 0.07500000000000001
0 0.478125 0.18046875 0.015625 0.0421875
0 0.503125 0.178125 0.015625 0.037500000000000006
0 0.515625 0.1796875 0.015625 0.03125
6 0.4234375 0.17421875 0.078125 0.0390625
5 0.40937500000000004 0.21171875 0.09375 0.1015625
5 0.45703125 0.12421875 0.1015625 0.0671875
5 0.3984375 0.1265625 0.09062500000000001 0.065625
5 0.34296875000000004 0.07890625000000001 0.0671875 0.0671875
0 0.32734375000000004 0.02734375 0.010937500000000001 0.026562500000000003
0 0.35781250000000003 0.10625000000000001 0.009375000000000001 0.015625
0 0.3375 0.09921875000000001 0.0125 0.0328125
0 0.3375 0.10859375 0.0125 0.0328125
0 0.32578125 0.1078125 0.010937500000000001 0.034375
0 0.34296875000000004 0.21250000000000002 0.0171875 0.05
0 0.35078125000000004 0.21250000000000002 0.0171875 0.043750000000000004
0 0.3296875 0.21171875 0.015625 0.0421875
0 0.32578125 0.20625000000000002 0.010937500000000001 0.043750000000000004
9 0.30781250000000004 0.2265625 0.021875000000000002 0.034375
5 0.28984375 0.1796875 0.1546875 0.07187500000000001
5 0.2078125 0.209375 0.10625000000000001 0.1
5 0.12109375 0.20546875 0.0890625 0.09843750000000001
0 0.09453125000000001 0.15546875000000002 0.0203125 0.0328125
5 0.1375 0.11015625000000001 0.09062500000000001 0.0734375
5 0.05625 0.10859375 0.084375 0.0671875
0 0.040625 0.24140625000000002 0.0125 0.0484375
5 0.7992187500000001 0.28828125 0.2234375 0.0921875
5 0.33515625000000004 0.44921875 0.1171875 0.1953125
0 0.24296875 0.41953125 0.029687500000000002 0.0734375
0 0.209375 0.4109375 0.03125 0.065625
