3 0.44375000000000003 0.8359375 0.09375 0.0625
4 0.3359375 0.7359375 0.11875000000000001 0.06875
4 0.16640625 0.57265625 0.0578125 0.0671875
0 0.146875 0.56640625 0.018750000000000003 0.035937500000000004
0 0.19687500000000002 0.5703125 0.015625 0.034375
4 0.11640625 0.5578125 0.0421875 0.059375000000000004
3 0.26328125 0.54140625 0.0484375 0.0578125
3 0.109375 0.49453125000000003 0.046875 0.0546875
0 0.025781250000000002 0.41953125 0.0171875 0.0390625
3 0.08984375 0.4109375 0.0421875 0.05
3 0.0921875 0.36484375 0.07500000000000001 0.0421875
3 0.06875 0.32109375 0.037500000000000006 0.045312500000000006
0 0.09453125000000001 0.3203125 0.010937500000000001 0.028125
3 0.060937500000000006 0.25390625 0.037500000000000006 0.035937500000000004
0 0.021875000000000002 0.18359375 0.009375000000000001 0.026562500000000003
3 0.09453125000000001 0.21250000000000002 0.0484375 0.028125
3 0.08750000000000001 0.1453125 0.06875 0.034375
3 0.02890625 0.11953125 0.026562500000000003 0.0328125
8 0.03125 0.07500000000000001 0.037500000000000006 0.065625
3 0.0171875 0.029687500000000002 0.03125 0.025
