3 0.1921875 0.83203125 0.078125 0.11406250000000001
3 0.19687500000000002 0.54296875 0.065625 0.06406250000000001
3 0.4 0.41875 0.043750000000000004 0.046875
3 0.5007812500000001 0.4921875 0.0484375 0.053125000000000006
3 0.35390625000000003 0.17421875 0.026562500000000003 0.0234375
3 0.390625 0.1765625 0.021875000000000002 0.018750000000000003
3 0.38593750000000004 0.1625 0.021875000000000002 0.018750000000000003
3 0.38359375 0.11953125 0.0203125 0.0171875
3 0.32656250000000003 0.096875 0.015625 0.015625
3 0.67734375 0.48203125 0.06406250000000001 0.0484375
0 0.014843750000000001 0.23359375000000002 0.010937500000000001 0.0203125
1 0.00625 0.23828125 0.009375000000000001 0.010937500000000001
0 0.06406250000000001 0.2546875 0.009375000000000001 0.025
3 0.05234375 0.21250000000000002 0.06406250000000001 0.028125
3 0.0546875 0.20078125000000002 0.05625 0.0234375
3 0.09765625 0.18515625000000002 0.0546875 0.0234375
0 0.1171875 0.1484375 0.009375000000000001 0.018750000000000003
0 0.08125 0.15156250000000002 0.009375000000000001 0.018750000000000003
0 0.1125 0.1484375 0.009375000000000001 0.018750000000000003
3 0.1234375 0.13593750000000002 0.046875 0.015625
0 0.15781250000000002 0.171875 0.00625 0.021875000000000002
0 0.16484375 0.1703125 0.004687500000000001 0.018750000000000003
3 0.15781250000000002 0.15781250000000002 0.021875000000000002 0.025
3 0.16171875000000002 0.14296875 0.0203125 0.0171875
3 0.1796875 0.1296875 0.018750000000000003 0.018750000000000003
0 0.11093750000000001 0.12812500000000002 0.00625 0.015625
0 0.19375 0.11484375000000001 0.00625 0.0140625
3 0.2109375 0.06875 0.03125 0.0125
1 0.21953125 0.27109375 0.010937500000000001 0.0203125
9 0.21953125 0.28046875 0.010937500000000001 0.0171875
1 0.2859375 0.09140625000000001 0.00625 0.0078125
2 0.2828125 0.09375 0.00625 0.009375000000000001
3 0.41718750000000004 0.14453125 0.021875000000000002 0.0171875
3 0.41171875 0.13515625 0.0203125 0.0171875
3 0.41328125000000004 0.1203125 0.0171875 0.015625
3 0.40703125 0.10625000000000001 0.0171875 0.015625
3 0.40625 0.10078125 0.015625 0.0171875
3 0.40390625 0.08750000000000001 0.0203125 0.015625
3 0.40156250000000004 0.0765625 0.015625 0.0125
3 0.284375 0.08125 0.015625 0.0125
3 0.36250000000000004 0.07968750000000001 0.015625 0.015625
3 0.3359375 0.055468750000000004 0.015625 0.010937500000000001
1 0.4296875 0.2 0.009375000000000001 0.021875000000000002
2 0.4296875 0.20859375000000002 0.009375000000000001 0.0171875
4 0.19375 0.0890625 0.037500000000000006 0.018750000000000003
1 0.265625 0.1765625 0.025 0.018750000000000003
9 0.28671875 0.20234375000000002 0.0328125 0.026562500000000003
1 0.38203125000000004 0.09921875000000001 0.004687500000000001 0.0078125
9 0.38203125000000004 0.1046875 0.004687500000000001 0.009375000000000001
1 0.38593750000000004 0.06953125 0.00625 0.0078125
9 0.38593750000000004 0.07500000000000001 0.00625 0.009375000000000001
1 0.38671875 0.10390625 0.0078125 0.0078125
9 0.38828125 0.10703125000000001 0.010937500000000001 0.0078125
1 0.38593750000000004 0.05859375 0.009375000000000001 0.0078125
9 0.384375 0.06328125 0.00625 0.0078125
3 0.35625 0.0734375 0.015625 0.015625
3 0.36953125000000003 0.0703125 0.0140625 0.015625
0 0.7046875 0.74375 0.021875000000000002 0.05625
3 0.7250000000000001 0.5515625000000001 0.06875 0.053125000000000006
3 0.765625 0.6101562500000001 0.084375 0.06406250000000001
3 0.80859375 0.6843750000000001 0.0890625 0.07187500000000001
3 0.58125 0.28125 0.053125000000000006 0.040625
3 0.5554687500000001 0.23750000000000002 0.0421875 0.037500000000000006
3 0.5242187500000001 0.1921875 0.0421875 0.037500000000000006
3 0.48984375 0.13593750000000002 0.029687500000000002 0.018750000000000003
3 0.48359375000000004 0.1171875 0.0203125 0.018750000000000003
3 0.47968750000000004 0.10859375 0.021875000000000002 0.0171875
3 0.453125 0.08750000000000001 0.015625 0.015625
3 0.45625000000000004 0.07890625000000001 0.015625 0.0171875
3 0.46406250000000004 0.1046875 0.021875000000000002 0.015625
3 0.88984375 0.32890625 0.0890625 0.0390625
3 0.859375 0.31093750000000003 0.08750000000000001 0.040625
3 0.853125 0.29921875000000003 0.09062500000000001 0.0390625
3 0.8210937500000001 0.284375 0.0890625 0.040625
3 0.79609375 0.26953125 0.0859375 0.0390625
3 0.78828125 0.26015625000000003 0.0890625 0.0390625
3 0.790625 0.25 0.08125 0.043750000000000004
4 0.7546875000000001 0.2265625 0.065625 0.03125
3 0.45156250000000003 0.06484375 0.015625 0.0171875
3 0.44062500000000004 0.0625 0.015625 0.015625
