0 0.8617187500000001 0.32265625000000003 0.0234375 0.060937500000000006
4 0.7757812500000001 0.36250000000000004 0.07968750000000001 0.096875
4 0.81953125 0.23203125000000002 0.0703125 0.0765625
3 0.690625 0.23828125 0.096875 0.0734375
3 0.42578125 0.603125 0.1015625 0.125
3 0.5375 0.36015625 0.09062500000000001 0.0921875
3 0.46328125000000003 0.23515625 0.0671875 0.060937500000000006
3 0.31328125 0.28125 0.0703125 0.07187500000000001
3 0.28828125 0.178125 0.0859375 0.059375000000000004
9 0.51953125 0.14453125 0.0203125 0.0328125
1 0.5234375 0.1375 0.015625 0.028125
1 0.52265625 0.12734375 0.0203125 0.0328125
9 0.63046875 0.13515625 0.0484375 0.0328125
9 0.7171875000000001 0.11953125 0.046875 0.0328125
3 0.59296875 0.11484375000000001 0.060937500000000006 0.0484375
6 0.53125 0.08281250000000001 0.037500000000000006 0.037500000000000006
1 0.54140625 0.07890625000000001 0.0203125 0.0390625
5 0.6671875 0.08203125 0.1125 0.051562500000000004
3 0.65390625 0.051562500000000004 0.09531250000000001 0.037500000000000006
0 0.74140625 0.0671875 0.0171875 0.043750000000000004
3 0.6296875000000001 0.021875000000000002 0.09062500000000001 0.034375
4 0.47968750000000004 0.0328125 0.040625 0.05
