3 0.9421875000000001 0.63671875 0.078125 0.11406250000000001
3 0.946875 0.34765625 0.065625 0.06406250000000001
0 0.69296875 0.26171875 0.0171875 0.035937500000000004
3 0.7156250000000001 0.09375 0.07500000000000001 0.03125
0 0.6609375000000001 0.06640625 0.0125 0.026562500000000003
3 0.6984375 0.0671875 0.021875000000000002 0.018750000000000003
3 0.7117187500000001 0.06015625 0.0203125 0.0203125
0 0.7117187500000001 0.0390625 0.0140625 0.025
1 0.72265625 0.02421875 0.010937500000000001 0.0171875
0 0.75390625 0.051562500000000004 0.010937500000000001 0.028125
0 0.76484375 0.03828125 0.010937500000000001 0.0203125
1 0.7562500000000001 0.04296875 0.009375000000000001 0.010937500000000001
0 0.8140625 0.059375000000000004 0.009375000000000001 0.025
0 0.7406250000000001 0.03125 0.009375000000000001 0.025
0 0.75 0.029687500000000002 0.00625 0.021875000000000002
3 0.80234375 0.0171875 0.06406250000000001 0.028125
1 0.9695312500000001 0.07578125000000001 0.010937500000000001 0.0203125
9 0.9695312500000001 0.08515625 0.010937500000000001 0.0171875
