0 0.6140625000000001 0.9625 0.015625 0.037500000000000006
0 0.6351562500000001 0.9460937500000001 0.0140625 0.0390625
1 0.63046875 0.94140625 0.010937500000000001 0.0203125
6 0.7523437500000001 0.95703125 0.0703125 0.0421875
3 0.721875 0.92578125 0.096875 0.0484375
3 0.8148437500000001 0.8757812500000001 0.0546875 0.06406250000000001
6 0.7765625 0.83984375 0.059375000000000004 0.0328125
4 0.83984375 0.8125 0.0484375 0.0625
3 0.796875 0.7718750000000001 0.08750000000000001 0.040625
2 0.87421875 0.7375 0.0171875 0.025
0 0.8734375000000001 0.7312500000000001 0.0125 0.03125
0 0.784375 0.74375 0.015625 0.034375
0 0.8835937500000001 0.69453125 0.0140625 0.0328125
3 0.85703125 0.6734375 0.07968750000000001 0.028125
3 0.8250000000000001 0.6578125 0.0625 0.03125
3 0.83125 0.6429687500000001 0.05625 0.0328125
4 0.84140625 0.6195312500000001 0.0484375 0.029687500000000002
4 0.8546875 0.5953125 0.059375000000000004 0.03125
4 0.86328125 0.5578125 0.051562500000000004 0.03125
3 0.9375 0.525 0.028125 0.025
3 0.89609375 0.5203125000000001 0.0484375 0.018750000000000003
0 0.9625 0.51875 0.009375000000000001 0.018750000000000003
0 0.96640625 0.48984375 0.0078125 0.0171875
3 0.9500000000000001 0.47187500000000004 0.037500000000000006 0.018750000000000003
3 0.9359375000000001 0.46406250000000004 0.037500000000000006 0.018750000000000003
3 0.9734375000000001 0.43984375000000003 0.021875000000000002 0.0234375
4 0.93515625 0.41640625000000003 0.0328125 0.0234375
0 0.96875 0.421875 0.00625 0.015625
3 0.94453125 0.39375000000000004 0.0390625 0.018750000000000003
3 0.9500000000000001 0.41015625 0.03125 0.0171875
3 0.9750000000000001 0.38359375 0.015625 0.0171875
3 0.9796875 0.34296875000000004 0.0125 0.0140625
3 0.98359375 0.32265625000000003 0.0171875 0.0140625
