3 0.2625 0.9703125 0.38125000000000003 0.059375000000000004
3 0.15000000000000002 0.24140625000000002 0.109375 0.1046875
3 0.2859375 0.24765625000000002 0.10625000000000001 0.1015625
3 0.38984375000000004 0.2390625 0.1265625 0.109375
3 0.484375 0.2390625 0.125 0.109375
3 0.61328125 0.253125 0.1171875 0.115625
3 0.73203125 0.25078125 0.15156250000000002 0.1078125
3 0.8515625 0.2421875 0.16875 0.12187500000000001
9 0.37890625 0.10703125000000001 0.0578125 0.0390625
9 0.359375 0.09453125000000001 0.0625 0.0328125
9 0.359375 0.07890625000000001 0.0625 0.0390625
0 0.98203125 0.290625 0.035937500000000004 0.08125
9 0.9304687500000001 0.25078125 0.0421875 0.0671875
9 0.9328125 0.2265625 0.03125 0.040625
1 0.1015625 0.54921875 0.037500000000000006 0.0484375
1 0.12734375 0.55078125 0.0390625 0.0546875
1 0.3828125 0.5546875 0.037500000000000006 0.046875
