0 0.018750000000000003 0.6531250000000001 0.03125 0.09375
0 0.06484375 0.6218750000000001 0.029687500000000002 0.09062500000000001
0 0.043750000000000004 0.52109375 0.05 0.08281250000000001
0 0.0703125 0.5078125 0.028125 0.07500000000000001
0 0.08984375 0.52109375 0.0203125 0.0703125
1 0.1328125 0.728125 0.046875 0.059375000000000004
1 0.057031250000000006 0.6453125000000001 0.026562500000000003 0.040625
1 0.22890625 0.53515625 0.035937500000000004 0.0859375
1 0.3140625 0.56015625 0.05 0.0484375
0 0.3203125 0.5296875 0.037500000000000006 0.084375
1 0.5859375 0.39765625000000004 0.037500000000000006 0.06406250000000001
0 0.1453125 0.1234375 0.025 0.0625
0 0.23125 0.11484375000000001 0.025 0.0703125
1 0.078125 0.053125000000000006 0.021875000000000002 0.037500000000000006
0 0.2578125 0.2625 0.03125 0.07187500000000001
0 0.20390625 0.23750000000000002 0.0328125 0.07187500000000001
0 0.1234375 0.08203125 0.015625 0.035937500000000004
0 0.15625 0.09531250000000001 0.015625 0.034375
0 0.146875 0.08828125 0.015625 0.0421875
6 0.3140625 0.6421875 0.178125 0.125
6 0.3484375 0.59296875 0.18125000000000002 0.09843750000000001
6 0.7046875 0.6828125 0.1625 0.07187500000000001
9 0.8656250000000001 0.68125 0.12812500000000002 0.07500000000000001
1 0.7468750000000001 0.62890625 0.043750000000000004 0.0734375
1 0.78046875 0.6515625 0.0421875 0.07187500000000001
1 0.81640625 0.6578125 0.0390625 0.07500000000000001
1 0.82734375 0.6296875000000001 0.060937500000000006 0.065625
1 0.7984375 0.58046875 0.034375 0.0734375
1 0.7578125 0.5796875 0.034375 0.07187500000000001
1 0.73828125 0.5890625 0.0421875 0.034375
1 0.7742187500000001 0.596875 0.0328125 0.025
1 0.8132812500000001 0.59296875 0.0328125 0.0421875
1 0.84375 0.59765625 0.03125 0.0671875
1 0.8453125 0.58515625 0.037500000000000006 0.0734375
9 0.5765625 0.4140625 0.07187500000000001 0.043750000000000004
1 0.5164062500000001 0.56640625 0.0328125 0.0484375
2 0.784375 0.484375 0.09062500000000001 0.084375
2 0.9609375 0.42421875000000003 0.06875 0.0671875
2 0.06015625 0.665625 0.0578125 0.034375
9 0.22421875000000002 0.5437500000000001 0.0921875 0.0625
2 0.0765625 0.11484375000000001 0.043750000000000004 0.0390625
9 0.017968750000000002 0.0859375 0.0328125 0.034375
9 0.04609375 0.1 0.045312500000000006 0.040625
9 0.1703125 0.16171875000000002 0.046875 0.0421875
9 0.18125000000000002 0.15000000000000002 0.046875 0.034375
2 0.31015625 0.16171875000000002 0.0328125 0.0421875
2 0.27265625 0.1703125 0.0203125 0.034375
2 0.2515625 0.16640625 0.021875000000000002 0.0390625
9 0.28984375 0.27578125000000003 0.0328125 0.0484375
0 0.640625 0.91796875 0.037500000000000006 0.0921875
