4 0.1484375 0.36328125 0.18125000000000002 0.0859375
0 0.1171875 0.3359375 0.03125 0.05625
3 0.49765625 0.87890625 0.2171875 0.1921875
3 0.24296875 0.8187500000000001 0.23593750000000002 0.19062500000000002
1 0.93359375 0.6515625 0.0421875 0.043750000000000004
9 0.7914062500000001 0.4578125 0.0484375 0.046875
9 0.759375 0.44765625000000003 0.053125000000000006 0.051562500000000004
9 0.6648437500000001 0.38984375000000004 0.060937500000000006 0.0421875
9 0.59140625 0.3921875 0.060937500000000006 0.037500000000000006
9 0.6015625 0.38593750000000004 0.05 0.034375
9 0.6328125 0.38203125000000004 0.053125000000000006 0.0421875
0 0.60703125 0.33515625000000004 0.026562500000000003 0.060937500000000006
0 0.57734375 0.33671875 0.029687500000000002 0.0578125
0 0.55078125 0.3296875 0.026562500000000003 0.059375000000000004
0 0.5476562500000001 0.31953125000000004 0.026562500000000003 0.0671875
0 0.6046875 0.31875000000000003 0.021875000000000002 0.059375000000000004
0 0.5953125 0.48750000000000004 0.025 0.07187500000000001
0 0.6507812500000001 0.4859375 0.026562500000000003 0.065625
0 0.59296875 0.45703125 0.0328125 0.0734375
1 0.56640625 0.49140625000000004 0.035937500000000004 0.0546875
1 0.521875 0.47500000000000003 0.028125 0.043750000000000004
1 0.7523437500000001 0.5281250000000001 0.029687500000000002 0.046875
1 0.73828125 0.50703125 0.0328125 0.0421875
1 0.7546875000000001 0.5078125 0.021875000000000002 0.046875
1 0.78125 0.51875 0.025 0.05
1 0.77734375 0.50625 0.026562500000000003 0.05
0 0.371875 0.5281250000000001 0.028125 0.07187500000000001
6 0.65546875 0.58984375 0.1765625 0.15156250000000002
6 0.8523437500000001 0.5609375 0.1203125 0.16875
6 0.47578125000000004 0.5328125 0.1609375 0.146875
6 0.6453125000000001 0.4421875 0.15937500000000002 0.115625
3 0.60859375 0.30703125000000003 0.1171875 0.0671875
3 0.41796875 0.28046875 0.1015625 0.0671875
3 0.5171875 0.24531250000000002 0.059375000000000004 0.065625
3 0.6351562500000001 0.19453125000000002 0.08281250000000001 0.0578125
3 0.6843750000000001 0.17343750000000002 0.09062500000000001 0.06875
1 0.2984375 0.3203125 0.028125 0.043750000000000004
0 0.20078125000000002 0.22187500000000002 0.0234375 0.05
0 0.21640625000000002 0.1625 0.0203125 0.043750000000000004
0 0.23203125000000002 0.1609375 0.010937500000000001 0.021875000000000002
0 0.24296875 0.1640625 0.0171875 0.040625
2 0.17500000000000002 0.11875000000000001 0.037500000000000006 0.025
3 0.1875 0.14609375 0.10312500000000001 0.051562500000000004
0 0.19765625 0.171875 0.0140625 0.018750000000000003
3 0.32890625 0.09843750000000001 0.07968750000000001 0.040625
3 0.353125 0.08515625 0.07500000000000001 0.0390625
3 0.4546875 0.1765625 0.10625000000000001 0.05
3 0.50703125 0.1625 0.09531250000000001 0.046875
3 0.5390625 0.040625 0.084375 0.040625
3 0.56953125 0.035937500000000004 0.0734375 0.034375
3 0.6937500000000001 0.08750000000000001 0.084375 0.034375
3 0.6265625 0.109375 0.12187500000000001 0.05
