3 0.18281250000000002 0.7562500000000001 0.184375 0.1625
3 0.28828125 0.5632812500000001 0.1765625 0.1421875
3 0.53515625 0.5140625 0.1328125 0.134375
3 0.6781250000000001 0.6109375 0.14375000000000002 0.15937500000000002
3 0.8671875 0.6101562500000001 0.134375 0.1484375
3 0.88203125 0.46640625 0.1078125 0.1296875
3 0.9515625000000001 0.359375 0.09375 0.09375
3 0.9460937500000001 0.26171875 0.0921875 0.0765625
3 0.7375 0.42578125 0.11875000000000001 0.1203125
3 0.78828125 0.328125 0.1078125 0.084375
3 0.47500000000000003 0.3328125 0.115625 0.1125
3 0.62890625 0.33906250000000004 0.1078125 0.09375
3 0.690625 0.240625 0.096875 0.07500000000000001
3 0.58984375 0.171875 0.09531250000000001 0.07500000000000001
3 0.56875 0.08359375000000001 0.07500000000000001 0.0578125
4 0.5578125 0.921875 0.184375 0.15625
0 0.13593750000000002 0.13046875 0.03125 0.0546875
0 0.23515625 0.1265625 0.0328125 0.053125000000000006
