2 0.5578125 0.696875 0.043750000000000004 0.043750000000000004
3 0.6156250000000001 0.6109375 0.05 0.040625
3 0.6195312500000001 0.596875 0.051562500000000004 0.040625
3 0.6546875000000001 0.5828125000000001 0.046875 0.03125
3 0.6453125000000001 0.5671875000000001 0.046875 0.028125
3 0.7468750000000001 0.5265625 0.025 0.037500000000000006
3 0.7171875000000001 0.63671875 0.10312500000000001 0.0890625
3 0.7601562500000001 0.915625 0.1484375 0.15937500000000002
3 0.8539062500000001 0.4921875 0.07968750000000001 0.065625
3 0.790625 0.55 0.09062500000000001 0.07500000000000001
1 0.7976562500000001 0.5867187500000001 0.0203125 0.0328125
1 0.8500000000000001 0.5671875000000001 0.025 0.034375
9 0.8539062500000001 0.5867187500000001 0.0328125 0.0390625
9 0.7976562500000001 0.609375 0.029687500000000002 0.040625
1 0.31015625 0.6109375 0.0234375 0.05
1 0.28203125 0.60859375 0.0234375 0.0390625
2 0.30781250000000004 0.6257812500000001 0.046875 0.0328125
2 0.29140625000000003 0.62265625 0.0421875 0.0328125
0 0.3796875 0.6000000000000001 0.03125 0.065625
0 0.40390625 0.6015625 0.0234375 0.0625
0 0.4625 0.59375 0.025 0.05625
0 0.45078125 0.5796875 0.0234375 0.053125000000000006
0 0.46796875000000004 0.5593750000000001 0.0234375 0.053125000000000006
0 0.5 0.55625 0.021875000000000002 0.053125000000000006
0 0.47187500000000004 0.53046875 0.021875000000000002 0.0421875
1 0.7210937500000001 0.5398437500000001 0.0234375 0.0328125
0 0.7859375000000001 0.48046875 0.028125 0.035937500000000004
0 0.6296875000000001 0.50390625 0.018750000000000003 0.0578125
0 0.6101562500000001 0.503125 0.0203125 0.05625
0 0.8031250000000001 0.240625 0.015625 0.037500000000000006
0 0.84296875 0.2078125 0.0171875 0.03125
0 0.84296875 0.23203125000000002 0.0140625 0.0390625
0 0.859375 0.20390625 0.021875000000000002 0.0390625
0 0.8703125 0.1625 0.0125 0.040625
0 0.96796875 0.16015625 0.0171875 0.0390625
0 0.95703125 0.29921875000000003 0.0171875 0.0234375
2 0.9515625000000001 0.31015625 0.046875 0.0203125
