3 0.21796875000000002 0.65390625 0.0859375 0.0671875
3 0.22265625 0.8453125 0.1046875 0.1
3 0.325 0.7171875000000001 0.084375 0.07187500000000001
3 0.33984375 0.5398437500000001 0.07968750000000001 0.0578125
3 0.46640625 0.26015625000000003 0.0421875 0.0328125
3 0.534375 0.56484375 0.05625 0.0484375
3 0.5906250000000001 0.4609375 0.053125000000000006 0.043750000000000004
3 0.60546875 0.325 0.0421875 0.028125
3 0.6640625 0.34140625 0.037500000000000006 0.029687500000000002
3 0.5828125000000001 0.36875 0.046875 0.034375
3 0.49531250000000004 0.39765625000000004 0.043750000000000004 0.0390625
3 0.4 0.6000000000000001 0.06875 0.065625
5 0.48203125 0.48125 0.0734375 0.09375
5 0.5398437500000001 0.41875 0.0671875 0.065625
3 0.66796875 0.2703125 0.0234375 0.025
3 0.7421875 0.22031250000000002 0.025 0.018750000000000003
3 0.7000000000000001 0.20468750000000002 0.03125 0.018750000000000003
3 0.67890625 0.240625 0.035937500000000004 0.018750000000000003
3 0.6898437500000001 0.22187500000000002 0.026562500000000003 0.018750000000000003
3 0.71796875 0.19375 0.029687500000000002 0.015625
3 0.71875 0.1765625 0.03125 0.0125
3 0.7406250000000001 0.16015625 0.021875000000000002 0.0203125
3 0.7835937500000001 0.1625 0.026562500000000003 0.028125
3 0.48984375 0.021875000000000002 0.0390625 0.015625
3 0.728125 0.23984375000000002 0.028125 0.0234375
3 0.7140625 0.26484375 0.037500000000000006 0.026562500000000003
3 0.63984375 0.28750000000000003 0.0328125 0.034375
3 0.6218750000000001 0.20859375000000002 0.03125 0.0203125
3 0.69296875 0.096875 0.0203125 0.021875000000000002
5 0.6507812500000001 0.10234375000000001 0.026562500000000003 0.029687500000000002
3 0.6664062500000001 0.096875 0.0203125 0.018750000000000003
3 0.55078125 0.09296875 0.0390625 0.0203125
3 0.63046875 0.13671875 0.0234375 0.0171875
3 0.6671875 0.12421875 0.018750000000000003 0.0171875
3 0.6125 0.17578125 0.028125 0.0234375
4 0.59609375 0.15078125 0.0234375 0.026562500000000003
3 0.64453125 0.25390625 0.0328125 0.0234375
3 0.65625 0.21015625000000002 0.034375 0.0234375
4 0.7601562500000001 0.1921875 0.026562500000000003 0.03125
3 0.6781250000000001 0.16718750000000002 0.021875000000000002 0.025
3 0.69453125 0.153125 0.0203125 0.015625
3 0.696875 0.14296875 0.025 0.0203125
3 0.23593750000000002 0.0765625 0.03125 0.021875000000000002
3 0.3328125 0.0890625 0.034375 0.021875000000000002
3 0.3828125 0.0890625 0.037500000000000006 0.021875000000000002
3 0.134375 0.07187500000000001 0.046875 0.021875000000000002
3 0.0703125 0.00703125 0.028125 0.0140625
