0 0.28828125 0.246875 0.0140625 0.043750000000000004
0 0.28125 0.27734375 0.021875000000000002 0.045312500000000006
0 0.35859375000000004 0.27265625 0.0203125 0.0390625
0 0.53125 0.28984375 0.018750000000000003 0.0484375
0 0.5007812500000001 0.43671875000000004 0.026562500000000003 0.09531250000000001
0 0.5750000000000001 0.52890625 0.03125 0.1296875
0 0.33046875000000003 0.46718750000000003 0.0421875 0.096875
0 0.24765625000000002 0.5593750000000001 0.0421875 0.12812500000000002
0 0.45859375 0.6468750000000001 0.0578125 0.146875
0 0.55 0.6328125 0.046875 0.1375
0 0.509375 0.571875 0.037500000000000006 0.13125
0 0.8421875000000001 0.7781250000000001 0.06875 0.184375
0 0.83515625 0.5890625 0.0578125 0.140625
0 0.64609375 0.5554687500000001 0.0484375 0.1328125
0 0.5984375000000001 0.24140625000000002 0.015625 0.0484375
0 0.6351562500000001 0.2578125 0.0203125 0.043750000000000004
0 0.9578125000000001 0.28671875 0.018750000000000003 0.060937500000000006
0 0.83984375 0.34140625 0.026562500000000003 0.0703125
0 0.9085937500000001 0.2328125 0.0140625 0.037500000000000006
0 0.91953125 0.24765625000000002 0.0171875 0.0390625
9 0.96640625 0.22890625 0.029687500000000002 0.026562500000000003
9 0.9187500000000001 0.22421875000000002 0.034375 0.029687500000000002
0 0.90546875 0.31640625 0.026562500000000003 0.0421875
0 0.80390625 0.2515625 0.0203125 0.028125
0 0.83359375 0.521875 0.029687500000000002 0.109375
1 0.8250000000000001 0.44765625000000003 0.040625 0.0578125
0 0.80078125 0.4265625 0.0328125 0.078125
1 0.85859375 0.19062500000000002 0.0171875 0.021875000000000002
9 0.8617187500000001 0.1953125 0.0203125 0.0125
1 0.49453125000000003 0.29921875000000003 0.0203125 0.0390625
0 0.6218750000000001 0.42812500000000003 0.028125 0.08750000000000001
0 0.63203125 0.41796875 0.0328125 0.09843750000000001
1 0.61875 0.40703125 0.015625 0.035937500000000004
2 0.65390625 0.46640625 0.06406250000000001 0.0484375
0 0.1875 0.44765625000000003 0.03125 0.045312500000000006
1 0.14375000000000002 0.4375 0.040625 0.053125000000000006
1 0.21953125 0.3671875 0.0203125 0.025
1 0.19921875 0.3609375 0.0234375 0.025
1 0.18046875 0.3671875 0.0234375 0.025
1 0.15390625000000002 0.36250000000000004 0.0328125 0.037500000000000006
1 0.1765625 0.35234375 0.021875000000000002 0.035937500000000004
1 0.1625 0.35234375 0.021875000000000002 0.0421875
1 0.21875 0.27968750000000003 0.015625 0.021875000000000002
1 0.20859375000000002 0.26484375 0.0203125 0.0234375
1 0.17734375000000002 0.26484375 0.0234375 0.029687500000000002
0 0.23750000000000002 0.2484375 0.015625 0.028125
