0 0.40468750000000003 0.46328125000000003 0.018750000000000003 0.060937500000000006
1 0.060937500000000006 0.88828125 0.03125 0.0671875
2 0.060937500000000006 0.90234375 0.03125 0.0671875
1 0.3953125 0.95625 0.028125 0.065625
1 0.42265625 0.9710937500000001 0.0328125 0.0546875
3 0.18281250000000002 0.403125 0.07187500000000001 0.06875
3 0.1546875 0.284375 0.059375000000000004 0.059375000000000004
3 0.18515625000000002 0.21250000000000002 0.0546875 0.05625
0 0.11328125 0.265625 0.0203125 0.043750000000000004
7 0.14140625 0.3640625 0.029687500000000002 0.065625
1 0.057031250000000006 0.42109375000000004 0.0234375 0.0421875
9 0.057031250000000006 0.43359375 0.0234375 0.0484375
1 0.11328125 0.34687500000000004 0.0234375 0.037500000000000006
1 0.11328125 0.3453125 0.0234375 0.046875
9 0.11328125 0.34921875 0.026562500000000003 0.045312500000000006
3 0.053125000000000006 0.31484375000000003 0.0625 0.0703125
1 0.08203125 0.26484375 0.0171875 0.035937500000000004
9 0.078125 0.27265625 0.018750000000000003 0.035937500000000004
1 0.0234375 0.23046875 0.028125 0.035937500000000004
1 0.026562500000000003 0.2265625 0.018750000000000003 0.037500000000000006
9 0.025 0.234375 0.025 0.037500000000000006
3 0.043750000000000004 0.1640625 0.053125000000000006 0.053125000000000006
5 0.07421875 0.05 0.07968750000000001 0.05
1 0.13359375 0.06875 0.0171875 0.03125
9 0.13828125 0.07109375 0.0171875 0.029687500000000002
1 0.13593750000000002 0.013281250000000001 0.0125 0.0234375
9 0.13593750000000002 0.017968750000000002 0.015625 0.026562500000000003
