0 0.9265625000000001 0.31796875 0.037500000000000006 0.08281250000000001
3 0.49843750000000003 0.38515625000000003 0.28125 0.1640625
3 0.7039062500000001 0.5421875 0.2921875 0.15000000000000002
0 0.9703125 0.06796875000000001 0.03125 0.0765625
0 0.728125 0.21640625000000002 0.037500000000000006 0.07968750000000001
0 0.7625000000000001 0.23203125000000002 0.03125 0.0890625
0 0.7828125 0.23359375000000002 0.03125 0.08281250000000001
0 0.76953125 0.20078125000000002 0.029687500000000002 0.06406250000000001
0 0.9460937500000001 0.6859375000000001 0.0484375 0.096875
0 0.8367187500000001 0.721875 0.045312500000000006 0.10312500000000001
0 0.8734375000000001 0.821875 0.034375 0.08750000000000001
0 0.9421875000000001 0.92890625 0.046875 0.0546875
0 0.821875 0.95625 0.053125000000000006 0.08750000000000001
0 0.8015625000000001 0.9304687500000001 0.053125000000000006 0.06406250000000001
0 0.7875000000000001 0.6921875000000001 0.043750000000000004 0.1
9 0.67109375 0.6328125 0.11093750000000001 0.08125
0 0.4859375 0.5609375 0.05 0.09062500000000001
0 0.53125 0.5593750000000001 0.053125000000000006 0.09062500000000001
0 0.51328125 0.8210937500000001 0.051562500000000004 0.1015625
0 0.4625 0.9382812500000001 0.07187500000000001 0.1046875
3 0.10312500000000001 0.83125 0.20625000000000002 0.18125000000000002
6 0.3765625 0.81796875 0.07187500000000001 0.1171875
9 0.28515625 0.8609375 0.0890625 0.12187500000000001
9 0.22578125000000002 0.9265625000000001 0.1421875 0.115625
0 0.8265625000000001 0.8203125 0.059375000000000004 0.07187500000000001
0 0.8078125 0.8367187500000001 0.03125 0.0578125
0 0.628125 0.7140625 0.037500000000000006 0.09062500000000001
0 0.584375 0.6976562500000001 0.05 0.0890625
0 0.525 0.7406250000000001 0.037500000000000006 0.09062500000000001
0 0.540625 0.71015625 0.053125000000000006 0.07968750000000001
0 0.57578125 0.8367187500000001 0.0484375 0.0921875
1 0.64375 0.8296875 0.046875 0.07500000000000001
1 0.67890625 0.7546875000000001 0.0484375 0.053125000000000006
1 0.70625 0.81796875 0.043750000000000004 0.09531250000000001
0 0.6109375 0.77265625 0.037500000000000006 0.060937500000000006
1 0.628125 0.78828125 0.053125000000000006 0.060937500000000006
1 0.7429687500000001 0.7742187500000001 0.035937500000000004 0.0671875
0 0.7523437500000001 0.80234375 0.0328125 0.08281250000000001
