3 0.85859375 0.20546875 0.2703125 0.22031250000000002
1 0.51953125 0.3515625 0.0421875 0.096875
2 0.51328125 0.37265625 0.11406250000000001 0.0671875
1 0.27890625 0.19062500000000002 0.0421875 0.08125
1 0.253125 0.1875 0.028125 0.084375
9 0.27890625 0.21953125 0.0859375 0.08281250000000001
1 0.3921875 0.11796875000000001 0.025 0.0890625
1 0.41875 0.12578125 0.043750000000000004 0.08281250000000001
9 0.40703125 0.13828125 0.1046875 0.0859375
1 0.08515625 0.10390625 0.0421875 0.08281250000000001
1 0.1859375 0.07890625000000001 0.046875 0.08281250000000001
6 0.0671875 0.10625000000000001 0.12187500000000001 0.10312500000000001
6 0.15000000000000002 0.078125 0.16875 0.125
