3 0.78828125 0.8617187500000001 0.07968750000000001 0.0671875
3 0.9437500000000001 0.65234375 0.046875 0.0421875
3 0.7640625000000001 0.5203125000000001 0.07500000000000001 0.025
4 0.9343750000000001 0.52890625 0.07500000000000001 0.029687500000000002
3 0.8125 0.54609375 0.046875 0.0234375
3 0.8875000000000001 0.51875 0.0625 0.028125
3 0.9609375 0.49453125000000003 0.028125 0.0203125
3 0.925 0.49140625000000004 0.028125 0.0234375
3 0.95859375 0.48515625 0.026562500000000003 0.0171875
3 0.953125 0.46171875 0.028125 0.0203125
3 0.9421875000000001 0.45156250000000003 0.021875000000000002 0.018750000000000003
4 0.49062500000000003 0.74140625 0.109375 0.0859375
3 0.42109375000000004 0.7742187500000001 0.07968750000000001 0.0578125
3 0.10390625 0.8617187500000001 0.18906250000000002 0.060937500000000006
3 0.11328125 0.95859375 0.0234375 0.0546875
0 0.14921875 0.946875 0.0203125 0.053125000000000006
0 0.17890625000000002 0.9554687500000001 0.029687500000000002 0.0671875
0 0.1625 0.93671875 0.021875000000000002 0.06406250000000001
0 0.5484375 0.753125 0.021875000000000002 0.05
1 0.6351562500000001 0.7015625000000001 0.0171875 0.037500000000000006
2 0.6351562500000001 0.7078125000000001 0.0171875 0.034375
1 0.6609375000000001 0.67109375 0.015625 0.035937500000000004
2 0.66328125 0.67890625 0.010937500000000001 0.0390625
0 0.71875 0.603125 0.015625 0.034375
3 0.37578125 0.68359375 0.0671875 0.06406250000000001
3 0.7203125 0.734375 0.065625 0.0625
0 0.7640625000000001 0.72265625 0.015625 0.0421875
1 0.7054687500000001 0.659375 0.0171875 0.034375
9 0.7078125000000001 0.6648437500000001 0.015625 0.0328125
1 0.96640625 0.58125 0.0140625 0.025
1 0.9906250000000001 0.5671875000000001 0.0125 0.021875000000000002
1 0.940625 0.55 0.0125 0.028125
2 0.94453125 0.5578125 0.026562500000000003 0.015625
9 0.96640625 0.5867187500000001 0.0328125 0.0203125
