0 0.96875 0.153125 0.015625 0.046875
0 0.82421875 0.15703125 0.026562500000000003 0.051562500000000004
0 0.8046875 0.153125 0.018750000000000003 0.053125000000000006
0 0.8265625000000001 0.27734375 0.021875000000000002 0.0546875
0 0.82734375 0.26406250000000003 0.0171875 0.043750000000000004
0 0.91328125 0.5734375 0.026562500000000003 0.0625
0 0.9226562500000001 0.8289062500000001 0.0203125 0.0390625
0 0.9125000000000001 0.8679687500000001 0.037500000000000006 0.0703125
0 0.8812500000000001 0.86640625 0.028125 0.0734375
0 0.8375 0.9015625 0.03125 0.065625
0 0.8250000000000001 0.6570312500000001 0.03125 0.0671875
0 0.8015625000000001 0.65390625 0.03125 0.06406250000000001
1 0.68359375 0.8226562500000001 0.035937500000000004 0.07968750000000001
0 0.6421875 0.80078125 0.040625 0.0734375
0 0.5906250000000001 0.7265625 0.043750000000000004 0.0625
9 0.72265625 0.796875 0.0734375 0.05
9 0.7296875 0.7367187500000001 0.08125 0.0578125
1 0.6625000000000001 0.62109375 0.03125 0.026562500000000003
1 0.6546875000000001 0.56484375 0.040625 0.0390625
0 0.6046875 0.51015625 0.015625 0.0421875
0 0.54609375 0.61640625 0.0234375 0.060937500000000006
0 0.5398437500000001 0.60546875 0.026562500000000003 0.06406250000000001
1 0.52890625 0.5984375000000001 0.0140625 0.028125
0 0.63828125 0.30625 0.0203125 0.053125000000000006
0 0.59375 0.4375 0.021875000000000002 0.05625
0 0.5632812500000001 0.47421875 0.026562500000000003 0.051562500000000004
0 0.5375 0.4546875 0.021875000000000002 0.0625
1 0.56875 0.44765625000000003 0.028125 0.029687500000000002
1 0.59140625 0.38359375 0.029687500000000002 0.035937500000000004
1 0.5921875 0.36640625000000004 0.021875000000000002 0.0328125
0 0.5609375 0.37031250000000004 0.021875000000000002 0.05
0 0.59921875 0.31328125 0.0203125 0.0328125
0 0.58515625 0.30625 0.0203125 0.03125
0 0.69453125 0.057031250000000006 0.0203125 0.0484375
0 0.6648437500000001 0.0671875 0.0203125 0.05
0 0.6109375 0.06015625 0.021875000000000002 0.0484375
2 0.36250000000000004 0.9296875 0.09062500000000001 0.053125000000000006
9 0.375 0.890625 0.09062500000000001 0.053125000000000006
9 0.42578125 0.8625 0.0703125 0.059375000000000004
9 0.23593750000000002 0.8835937500000001 0.046875 0.0765625
9 0.47109375000000003 0.8015625000000001 0.0484375 0.05625
9 0.41796875 0.81796875 0.0890625 0.0484375
0 0.42812500000000003 0.78828125 0.037500000000000006 0.0546875
1 0.38515625000000003 0.7984375 0.0328125 0.034375
0 0.33515625000000004 0.821875 0.0421875 0.0625
1 0.3453125 0.7976562500000001 0.037500000000000006 0.0671875
0 0.37890625 0.76953125 0.0328125 0.06406250000000001
3 0.12265625000000001 0.9140625 0.1921875 0.171875
6 0.1375 0.66796875 0.12812500000000002 0.0890625
1 0.32578125 0.6429687500000001 0.0390625 0.0421875
1 0.44062500000000004 0.6023437500000001 0.034375 0.035937500000000004
1 0.43515625 0.5828125000000001 0.0328125 0.034375
1 0.46171875 0.55859375 0.035937500000000004 0.0328125
9 0.37734375000000003 0.5046875000000001 0.0328125 0.059375000000000004
9 0.43828125 0.43671875000000004 0.029687500000000002 0.06406250000000001
9 0.42421875000000003 0.3953125 0.0234375 0.05
6 0.390625 0.4265625 0.053125000000000006 0.06875
1 0.5164062500000001 0.2609375 0.026562500000000003 0.03125
1 0.5109375 0.2484375 0.021875000000000002 0.025
0 0.45546875000000003 0.2265625 0.026562500000000003 0.05
1 0.37343750000000003 0.26484375 0.025 0.0234375
0 0.33984375 0.2625 0.029687500000000002 0.05
3 0.3015625 0.34687500000000004 0.17500000000000002 0.1
0 0.0703125 0.42031250000000003 0.03125 0.05625
0 0.096875 0.39921875 0.028125 0.0578125
0 0.06015625 0.40078125000000003 0.029687500000000002 0.060937500000000006
0 0.08750000000000001 0.38125000000000003 0.028125 0.053125000000000006
1 0.0890625 0.3609375 0.015625 0.028125
4 0.15625 0.278125 0.15000000000000002 0.109375
9 0.265625 0.24609375 0.043750000000000004 0.0390625
7 0.31328125 0.26484375 0.0484375 0.0890625
1 0.39375000000000004 0.18515625000000002 0.028125 0.0484375
0 0.22109375 0.1875 0.0203125 0.037500000000000006
3 0.31875000000000003 0.19296875000000002 0.153125 0.08281250000000001
7 0.27187500000000003 0.15000000000000002 0.096875 0.0625
3 0.3453125 0.11328125 0.140625 0.0578125
1 0.42500000000000004 0.11406250000000001 0.018750000000000003 0.03125
1 0.42734375 0.10546875 0.0171875 0.026562500000000003
1 0.47578125000000004 0.15625 0.029687500000000002 0.040625
4 0.21250000000000002 0.0625 0.1 0.07187500000000001
0 0.42578125 0.065625 0.0203125 0.040625
0 0.42734375 0.05234375 0.0203125 0.0421875
0 0.50546875 0.0421875 0.0203125 0.040625
0 0.51484375 0.02890625 0.0140625 0.0421875
1 0.5593750000000001 0.0140625 0.018750000000000003 0.025
6 0.36250000000000004 0.05390625 0.037500000000000006 0.051562500000000004
9 0.33437500000000003 0.015625 0.040625 0.03125
