3 0.76953125 0.6453125000000001 0.029687500000000002 0.03125
3 0.7664062500000001 0.6078125000000001 0.029687500000000002 0.028125
3 0.7250000000000001 0.56015625 0.046875 0.0203125
3 0.77109375 0.5281250000000001 0.0203125 0.018750000000000003
3 0.73984375 0.521875 0.0203125 0.015625
3 0.7390625000000001 0.47734375 0.015625 0.0171875
3 0.7484375000000001 0.4234375 0.0125 0.009375000000000001
3 0.8539062500000001 0.65625 0.035937500000000004 0.03125
9 0.93125 0.8695312500000001 0.053125000000000006 0.0234375
9 0.921875 0.853125 0.043750000000000004 0.028125
9 0.88203125 0.9164062500000001 0.0203125 0.035937500000000004
9 0.6828125 0.74921875 0.0125 0.026562500000000003
9 0.81015625 0.6492187500000001 0.0140625 0.0203125
9 0.80625 0.6078125000000001 0.00625 0.018750000000000003
9 0.7992187500000001 0.5734375 0.0078125 0.015625
9 0.8132812500000001 0.5625 0.010937500000000001 0.015625
2 0.6179687500000001 0.73046875 0.035937500000000004 0.0203125
0 0.56796875 0.9625 0.0203125 0.05625
0 0.884375 0.9164062500000001 0.015625 0.026562500000000003
0 0.8812500000000001 0.9031250000000001 0.021875000000000002 0.034375
0 0.68359375 0.7390625000000001 0.0140625 0.025
0 0.8093750000000001 0.64453125 0.009375000000000001 0.0234375
0 0.8078125 0.6039062500000001 0.00625 0.0203125
0 0.7984375 0.5671875000000001 0.009375000000000001 0.015625
3 0.7289062500000001 0.51328125 0.0234375 0.0203125
0 0.6328125 0.70078125 0.00625 0.0203125
6 0.6078125000000001 0.7078125000000001 0.040625 0.021875000000000002
3 0.84921875 0.5953125 0.035937500000000004 0.015625
3 0.78125 0.55078125 0.021875000000000002 0.0203125
4 0.7679687500000001 0.5671875000000001 0.0234375 0.025
4 0.7625000000000001 0.58125 0.021875000000000002 0.025
0 0.70625 0.5421875 0.00625 0.0125
0 0.74609375 0.50390625 0.0078125 0.010937500000000001
0 0.7117187500000001 0.4890625 0.004687500000000001 0.0125
0 0.70625 0.48515625 0.00625 0.010937500000000001
0 0.7914062500000001 0.4703125 0.004687500000000001 0.009375000000000001
0 0.79453125 0.4703125 0.004687500000000001 0.009375000000000001
