3 0.884375 0.5484375 0.125 0.059375000000000004
3 0.7421875 0.4234375 0.10625000000000001 0.043750000000000004
0 0.671875 0.38906250000000003 0.0125 0.040625
6 0.6273437500000001 0.44765625000000003 0.0484375 0.045312500000000006
0 0.64453125 0.41875 0.0203125 0.043750000000000004
0 0.62265625 0.4078125 0.0203125 0.040625
3 0.62421875 0.39921875 0.0546875 0.0390625
3 0.49609375 0.40156250000000004 0.1015625 0.040625
0 0.6125 0.33515625000000004 0.0125 0.0328125
3 0.56875 0.32890625 0.040625 0.0328125
3 0.46953125 0.3203125 0.035937500000000004 0.03125
0 0.5890625 0.31093750000000003 0.009375000000000001 0.028125
6 0.0203125 0.43671875000000004 0.037500000000000006 0.029687500000000002
0 0.340625 0.30078125 0.0125 0.0328125
1 0.34609375000000003 0.3015625 0.0171875 0.015625
0 0.7859375000000001 0.29921875000000003 0.0125 0.029687500000000002
5 0.7406250000000001 0.27265625 0.29375 0.08281250000000001
5 0.7250000000000001 0.27578125000000003 0.265625 0.06406250000000001
8 0.80859375 0.23046875 0.0859375 0.0421875
6 0.5953125 0.22265625 0.021875000000000002 0.0234375
4 0.31875000000000003 0.20468750000000002 0.034375 0.025
3 0.25 0.20390625 0.040625 0.0171875
3 0.20078125000000002 0.19765625 0.051562500000000004 0.0171875
3 0.23671875 0.184375 0.0234375 0.015625
3 0.15703125 0.184375 0.0234375 0.018750000000000003
3 0.18125000000000002 0.1859375 0.028125 0.015625
0 0.06015625 0.22187500000000002 0.010937500000000001 0.021875000000000002
3 0.24375000000000002 0.17421875 0.043750000000000004 0.0171875
3 0.43203125000000003 0.15859375 0.035937500000000004 0.0140625
3 0.5242187500000001 0.1546875 0.0171875 0.0125
5 0.5609375 0.140625 0.015625 0.015625
5 0.5046875000000001 0.1328125 0.021875000000000002 0.025
3 0.53515625 0.1234375 0.010937500000000001 0.009375000000000001
3 0.5437500000000001 0.13046875 0.0125 0.010937500000000001
5 0.52578125 0.11328125 0.0140625 0.0203125
5 0.59296875 0.12578125 0.0171875 0.0234375
5 0.57578125 0.12187500000000001 0.0234375 0.015625
4 0.5554687500000001 0.11171875 0.010937500000000001 0.0078125
5 0.67890625 0.1296875 0.1421875 0.03125
5 0.63671875 0.13828125 0.026562500000000003 0.010937500000000001
4 0.6585937500000001 0.1390625 0.0203125 0.0125
