3 0.19296875000000002 0.4921875 0.16718750000000002 0.084375
3 0.16328125000000002 0.2390625 0.0890625 0.05
3 0.30546875 0.253125 0.1078125 0.053125000000000006
0 0.21328125 0.2265625 0.0203125 0.043750000000000004
3 0.18828125 0.21015625000000002 0.06406250000000001 0.0484375
3 0.1328125 0.1859375 0.07500000000000001 0.046875
0 0.15859375 0.1796875 0.0203125 0.037500000000000006
0 0.20703125 0.1921875 0.0171875 0.043750000000000004
0 0.24453125 0.20234375000000002 0.010937500000000001 0.045312500000000006
3 0.17265625 0.11171875 0.0421875 0.035937500000000004
3 0.84140625 0.240625 0.13593750000000002 0.05625
0 0.20234375000000002 0.08671875000000001 0.010937500000000001 0.029687500000000002
5 0.37031250000000004 0.047656250000000004 0.31562500000000004 0.0859375
5 0.3609375 0.047656250000000004 0.28125 0.0734375
3 0.7156250000000001 0.21250000000000002 0.046875 0.05
