3 0.9484375 0.13984375000000002 0.053125000000000006 0.09531250000000001
4 0.9070312500000001 0.31093750000000003 0.07968750000000001 0.146875
6 0.7601562500000001 0.6796875 0.0578125 0.12187500000000001
1 0.753125 0.6671875 0.037500000000000006 0.065625
3 0.6046875 0.6796875 0.12187500000000001 0.2
3 0.6734375 0.359375 0.10625000000000001 0.146875
3 0.49843750000000003 0.017968750000000002 0.07500000000000001 0.0328125
0 0.55859375 0.01953125 0.0171875 0.035937500000000004
3 0.4578125 0.059375000000000004 0.09062500000000001 0.084375
3 0.415625 0.20234375000000002 0.10625000000000001 0.11406250000000001
0 0.41875 0.33984375 0.025 0.06406250000000001
1 0.35625 0.38984375000000004 0.034375 0.045312500000000006
6 0.36562500000000003 0.3984375 0.06875 0.09062500000000001
1 0.28359375000000003 0.64453125 0.045312500000000006 0.0578125
1 0.290625 0.6328125 0.037500000000000006 0.0625
9 0.28828125 0.67890625 0.0328125 0.0765625
3 0.140625 0.6648437500000001 0.178125 0.21406250000000002
3 0.22890625 0.5007812500000001 0.1484375 0.1765625
4 0.16171875000000002 0.35859375000000004 0.2171875 0.1296875
3 0.14375000000000002 0.30859375 0.21250000000000002 0.0921875
3 0.1796875 0.253125 0.209375 0.084375
3 0.09531250000000001 0.14921875 0.178125 0.0671875
3 0.0859375 0.1125 0.16875 0.05625
3 0.17578125 0.0203125 0.1546875 0.037500000000000006
