5 0.53671875 0.36953125000000003 0.0734375 0.0890625
5 0.4546875 0.28359375000000003 0.06875 0.0671875
3 0.3140625 0.31953125000000004 0.037500000000000006 0.0390625
1 0.28671875 0.7835937500000001 0.0328125 0.0546875
9 0.2859375 0.79609375 0.03125 0.0671875
3 0.7820312500000001 0.37031250000000004 0.060937500000000006 0.040625
3 0.7289062500000001 0.34140625 0.0484375 0.0328125
3 0.7898437500000001 0.33984375 0.0546875 0.0328125
3 0.7507812500000001 0.3171875 0.045312500000000006 0.034375
3 0.70234375 0.31796875 0.051562500000000004 0.0328125
3 0.6664062500000001 0.29531250000000003 0.0421875 0.03125
3 0.7210937500000001 0.2984375 0.051562500000000004 0.03125
3 0.7703125000000001 0.29921875000000003 0.043750000000000004 0.026562500000000003
3 0.7429687500000001 0.27890625 0.0421875 0.0234375
3 0.71484375 0.26484375 0.0421875 0.026562500000000003
3 0.6890625 0.27734375 0.040625 0.0234375
3 0.6664062500000001 0.26015625000000003 0.0328125 0.0203125
3 0.69140625 0.24921875000000002 0.035937500000000004 0.0234375
5 0.64453125 0.278125 0.0421875 0.03125
3 0.659375 0.22812500000000002 0.03125 0.021875000000000002
3 0.6171875 0.259375 0.040625 0.03125
3 0.64609375 0.24375000000000002 0.0328125 0.021875000000000002
3 0.59921875 0.24765625000000002 0.0328125 0.026562500000000003
3 0.6265625 0.23359375000000002 0.03125 0.0234375
4 0.8078125 0.31796875 0.046875 0.035937500000000004
3 0.790625 0.27734375 0.043750000000000004 0.029687500000000002
5 0.8070312500000001 0.20703125 0.11093750000000001 0.0765625
5 0.7445312500000001 0.17109375000000002 0.0578125 0.051562500000000004
5 0.65234375 0.18203125 0.0671875 0.0484375
5 0.57578125 0.14375000000000002 0.0484375 0.040625
5 0.62109375 0.14296875 0.0421875 0.026562500000000003
5 0.659375 0.140625 0.040625 0.03125
5 0.68515625 0.15078125 0.0484375 0.026562500000000003
5 0.7671875 0.24531250000000002 0.053125000000000006 0.046875
3 0.73828125 0.24140625000000002 0.0328125 0.026562500000000003
3 0.71640625 0.22968750000000002 0.0328125 0.025
3 0.6937500000000001 0.22031250000000002 0.03125 0.018750000000000003
3 0.72578125 0.20703125 0.026562500000000003 0.0171875
5 0.7140625 0.19609375 0.037500000000000006 0.026562500000000003
3 0.68359375 0.20625000000000002 0.0328125 0.021875000000000002
3 0.6390625000000001 0.21796875000000002 0.021875000000000002 0.0171875
3 0.29140625000000003 0.15546875000000002 0.0203125 0.0171875
3 0.38593750000000004 0.153125 0.021875000000000002 0.015625
5 0.328125 0.12265625000000001 0.037500000000000006 0.0578125
3 0.28515625 0.1421875 0.0234375 0.018750000000000003
8 0.34375 0.09765625 0.021875000000000002 0.0328125
3 0.178125 0.1171875 0.015625 0.0125
3 0.1484375 0.15703125 0.015625 0.0203125
3 0.14453125 0.1421875 0.0171875 0.015625
3 0.18671875000000002 0.11015625000000001 0.0171875 0.0140625
3 0.23359375000000002 0.1078125 0.0203125 0.0125
3 0.16875 0.12187500000000001 0.015625 0.015625
3 0.20390625 0.11796875000000001 0.0140625 0.0140625
3 0.5984375000000001 0.23828125 0.034375 0.0234375
3 0.6156250000000001 0.2078125 0.028125 0.021875000000000002
3 0.51171875 0.18046875 0.026562500000000003 0.0171875
4 0.58515625 0.22734375 0.029687500000000002 0.026562500000000003
4 0.56484375 0.21875 0.026562500000000003 0.021875000000000002
4 0.56484375 0.2078125 0.035937500000000004 0.025
4 0.5734375 0.178125 0.028125 0.021875000000000002
3 0.54140625 0.1859375 0.026562500000000003 0.015625
3 0.584375 0.18906250000000002 0.025 0.015625
3 0.6023437500000001 0.19687500000000002 0.0234375 0.015625
3 0.5046875000000001 0.17109375000000002 0.021875000000000002 0.0171875
3 0.509375 0.17421875 0.021875000000000002 0.0171875
