3 0.47890625000000003 0.86875 0.1640625 0.240625
0 0.23515625 0.8460937500000001 0.0546875 0.1078125
3 0.65546875 0.46875 0.1453125 0.15000000000000002
3 0.4078125 0.5437500000000001 0.171875 0.1625
3 0.19921875 0.56015625 0.2015625 0.15781250000000002
3 0.0703125 0.52734375 0.1375 0.17343750000000002
3 0.5390625 0.38593750000000004 0.140625 0.12812500000000002
3 0.36640625000000004 0.40546875000000004 0.1546875 0.1296875
3 0.240625 0.3796875 0.16875 0.13125
3 0.38125000000000003 0.2515625 0.1375 0.096875
3 0.509375 0.26171875 0.12187500000000001 0.09843750000000001
4 0.7765625 0.2828125 0.12812500000000002 0.153125
3 0.87265625 0.15390625000000002 0.09843750000000001 0.0921875
4 0.7359375 0.146875 0.10625000000000001 0.10312500000000001
3 0.63828125 0.134375 0.1046875 0.084375
3 0.54609375 0.096875 0.11093750000000001 0.09375
3 0.9382812500000001 0.05859375 0.08281250000000001 0.0671875
3 0.8234375 0.06328125 0.09062500000000001 0.0703125
3 0.7171875000000001 0.05 0.096875 0.07187500000000001
