1 0.26171875 0.8070312500000001 0.0171875 0.0390625
1 0.18203125 0.734375 0.0140625 0.03125
1 0.12421875 0.71015625 0.0171875 0.029687500000000002
1 0.1125 0.7679687500000001 0.0125 0.026562500000000003
1 0.1125 0.76328125 0.0125 0.026562500000000003
1 0.07187500000000001 0.83515625 0.021875000000000002 0.029687500000000002
1 0.07890625000000001 0.6375000000000001 0.010937500000000001 0.021875000000000002
1 0.21953125 0.54921875 0.0078125 0.0171875
1 0.00390625 0.6273437500000001 0.0078125 0.0140625
6 0.0859375 0.64609375 0.040625 0.0171875
1 0.10312500000000001 0.5625 0.009375000000000001 0.015625
0 0.07890625000000001 0.58203125 0.010937500000000001 0.0203125
0 0.2859375 0.5859375 0.00625 0.021875000000000002
0 0.27968750000000003 0.58359375 0.009375000000000001 0.0203125
0 0.275 0.58125 0.009375000000000001 0.018750000000000003
1 0.010937500000000001 0.62109375 0.0125 0.0171875
9 0.013281250000000001 0.628125 0.026562500000000003 0.015625
0 0.0140625 0.7953125000000001 0.015625 0.05
9 0.3671875 0.85859375 0.025 0.0484375
1 0.37031250000000004 0.8390625 0.018750000000000003 0.037500000000000006
3 0.21484375 0.6515625 0.0390625 0.037500000000000006
4 0.2078125 0.58359375 0.03125 0.0328125
3 0.19609375 0.42500000000000004 0.010937500000000001 0.0125
1 0.26796875000000003 0.5421875 0.0078125 0.015625
9 0.26796875000000003 0.5453125 0.010937500000000001 0.0125
6 0.25625000000000003 0.5515625000000001 0.009375000000000001 0.015625
1 0.2625 0.553125 0.00625 0.0125
6 0.51875 0.59375 0.046875 0.025
1 0.5109375 0.5875 0.0125 0.021875000000000002
3 0.3375 0.5421875 0.025 0.018750000000000003
0 0.22734375 0.5109375 0.0078125 0.009375000000000001
9 0.22890625 0.5125000000000001 0.010937500000000001 0.0125
6 0.03671875 0.58984375 0.029687500000000002 0.0171875
9 0.018750000000000003 0.571875 0.009375000000000001 0.015625
0 0.06953125 0.5609375 0.0078125 0.021875000000000002
0 0.0578125 0.5609375 0.00625 0.018750000000000003
0 0.0328125 0.565625 0.009375000000000001 0.018750000000000003
3 0.259375 0.5046875000000001 0.021875000000000002 0.018750000000000003
3 0.23750000000000002 0.49843750000000003 0.018750000000000003 0.015625
1 0.08828125 0.7093750000000001 0.0203125 0.025
1 0.07109375 0.71015625 0.0140625 0.0234375
0 0.04609375 0.6921875000000001 0.0140625 0.034375
0 0.06015625 0.7054687500000001 0.0171875 0.035937500000000004
0 0.018750000000000003 0.6890625 0.0125 0.034375
1 0.05859375 0.7296875 0.010937500000000001 0.025
2 0.06015625 0.7406250000000001 0.035937500000000004 0.021875000000000002
6 0.1796875 0.44843750000000004 0.0125 0.0125
6 0.14453125 0.4859375 0.010937500000000001 0.0125
3 0.15859375 0.43984375000000003 0.0203125 0.0203125
