3 0.134375 0.8953125000000001 0.09062500000000001 0.115625
9 0.021875000000000002 0.8453125 0.028125 0.05625
0 0.021875000000000002 0.8265625000000001 0.028125 0.05625
3 0.23984375000000002 0.3671875 0.029687500000000002 0.028125
8 0.2015625 0.309375 0.037500000000000006 0.05
3 0.18359375 0.29531250000000003 0.0234375 0.025
3 0.041406250000000006 0.29140625000000003 0.051562500000000004 0.0234375
4 0.096875 0.2921875 0.053125000000000006 0.025
3 0.1046875 0.28828125 0.053125000000000006 0.0234375
3 0.15390625000000002 0.278125 0.0234375 0.018750000000000003
3 0.16015625 0.26484375 0.0234375 0.0171875
5 0.2015625 0.25078125 0.037500000000000006 0.0328125
5 0.23046875 0.22812500000000002 0.0421875 0.043750000000000004
5 0.2625 0.20234375000000002 0.021875000000000002 0.026562500000000003
3 0.17734375000000002 0.21875 0.0328125 0.018750000000000003
7 0.22890625 0.27734375 0.0140625 0.0234375
3 0.525 0.2515625 0.046875 0.021875000000000002
3 0.06171875 0.23359375000000002 0.0421875 0.0171875
3 0.07578125000000001 0.22265625 0.0421875 0.0171875
6 0.14609375 0.21953125 0.0203125 0.0140625
1 0.14375000000000002 0.21640625000000002 0.00625 0.010937500000000001
4 0.37265625 0.21250000000000002 0.0328125 0.015625
4 0.36171875000000003 0.19296875000000002 0.0203125 0.0140625
3 0.27578125000000003 0.171875 0.0140625 0.009375000000000001
3 0.27265625 0.1546875 0.010937500000000001 0.009375000000000001
5 0.21171875 0.17343750000000002 0.0546875 0.037500000000000006
