3 0.62890625 0.8984375 0.0890625 0.09375
3 0.5765625 0.8046875 0.084375 0.084375
3 0.3640625 0.51015625 0.046875 0.045312500000000006
3 0.23671875 0.55703125 0.0484375 0.0578125
3 0.1859375 0.40078125000000003 0.037500000000000006 0.0421875
3 0.22578125000000002 0.3453125 0.0421875 0.034375
3 0.40625 0.403125 0.037500000000000006 0.03125
3 0.084375 0.38203125000000004 0.078125 0.029687500000000002
3 0.1265625 0.43515625 0.09062500000000001 0.0328125
3 0.20234375000000002 0.51875 0.06406250000000001 0.05
3 0.3171875 0.5421875 0.046875 0.05625
4 0.5234375 0.6335937500000001 0.053125000000000006 0.0765625
4 0.38906250000000003 0.35390625000000003 0.05 0.0390625
3 0.43359375 0.47890625000000003 0.045312500000000006 0.0421875
4 0.48359375000000004 0.5109375 0.07968750000000001 0.043750000000000004
0 0.43281250000000004 0.51953125 0.015625 0.0328125
6 0.48750000000000004 0.58203125 0.025 0.0328125
1 0.421875 0.58515625 0.015625 0.026562500000000003
1 0.42031250000000003 0.57734375 0.018750000000000003 0.0328125
9 0.421875 0.5867187500000001 0.021875000000000002 0.0328125
4 0.16640625 0.45937500000000003 0.08281250000000001 0.043750000000000004
3 0.09531250000000001 0.3609375 0.065625 0.028125
3 0.08515625 0.3484375 0.06406250000000001 0.028125
3 0.06484375 0.33437500000000003 0.0671875 0.025
3 0.16796875 0.36250000000000004 0.0578125 0.03125
5 0.10625000000000001 0.32265625000000003 0.07500000000000001 0.0328125
3 0.1875 0.3203125 0.03125 0.028125
3 0.11953125 0.3046875 0.06406250000000001 0.028125
3 0.11796875000000001 0.29609375 0.060937500000000006 0.026562500000000003
3 0.10234375000000001 0.28671875 0.0578125 0.0234375
3 0.10390625 0.2765625 0.0578125 0.025
3 0.10390625 0.27187500000000003 0.0578125 0.025
3 0.10234375000000001 0.26406250000000003 0.0578125 0.025
4 0.18125000000000002 0.29765625 0.037500000000000006 0.0328125
4 0.17890625000000002 0.28359375000000003 0.045312500000000006 0.029687500000000002
5 0.15781250000000002 0.2671875 0.028125 0.025
5 0.06171875 0.23984375000000002 0.0484375 0.026562500000000003
5 0.12187500000000001 0.22734375 0.059375000000000004 0.0328125
1 0.7132812500000001 0.49531250000000004 0.0140625 0.025
9 0.6335937500000001 0.41718750000000004 0.029687500000000002 0.025
0 0.51796875 0.30000000000000004 0.010937500000000001 0.028125
1 0.515625 0.2609375 0.0125 0.015625
0 0.54921875 0.28984375 0.010937500000000001 0.0234375
1 0.553125 0.3125 0.0125 0.018750000000000003
1 0.56484375 0.30390625000000004 0.010937500000000001 0.0140625
0 0.571875 0.30000000000000004 0.009375000000000001 0.021875000000000002
0 0.5625 0.2921875 0.009375000000000001 0.021875000000000002
3 0.07109375 0.2 0.026562500000000003 0.021875000000000002
9 0.0625 0.21328125 0.015625 0.010937500000000001
1 0.05234375 0.21015625000000002 0.010937500000000001 0.0171875
3 0.0546875 0.1765625 0.034375 0.018750000000000003
1 0.078125 0.17343750000000002 0.009375000000000001 0.009375000000000001
9 0.07968750000000001 0.1765625 0.015625 0.009375000000000001
3 0.1046875 0.18046875 0.034375 0.0171875
3 0.20468750000000002 0.21015625000000002 0.03125 0.0234375
1 0.2390625 0.27187500000000003 0.009375000000000001 0.015625
6 0.20234375000000002 0.2625 0.0203125 0.025
1 0.2578125 0.33984375 0.015625 0.0234375
1 0.29453125 0.25 0.010937500000000001 0.015625
9 0.29453125 0.2578125 0.010937500000000001 0.0125
6 0.26015625000000003 0.1953125 0.0171875 0.018750000000000003
0 0.203125 0.184375 0.00625 0.015625
1 0.2078125 0.19765625 0.00625 0.0140625
9 0.2078125 0.1953125 0.0125 0.009375000000000001
1 0.21484375 0.21875 0.010937500000000001 0.009375000000000001
2 0.21484375 0.225 0.010937500000000001 0.0125
1 0.184375 0.259375 0.0125 0.009375000000000001
6 0.3203125 0.24296875 0.018750000000000003 0.0234375
1 0.3328125 0.25 0.009375000000000001 0.0125
2 0.33437500000000003 0.25859375 0.009375000000000001 0.010937500000000001
9 0.2390625 0.27968750000000003 0.009375000000000001 0.015625
9 0.25703125 0.34921875 0.010937500000000001 0.0171875
9 0.253125 0.41171875 0.0125 0.0234375
1 0.25234375000000003 0.40078125000000003 0.010937500000000001 0.0234375
3 0.384375 0.34453125 0.053125000000000006 0.0234375
3 0.3671875 0.32890625 0.053125000000000006 0.0234375
3 0.3609375 0.30390625000000004 0.053125000000000006 0.0234375
3 0.35859375000000004 0.28671875 0.051562500000000004 0.0203125
3 0.19765625 0.60703125 0.0671875 0.0671875
3 0.34218750000000003 0.2734375 0.037500000000000006 0.025
4 0.36953125000000003 0.253125 0.0578125 0.025
3 0.50625 0.23984375000000002 0.025 0.0171875
0 0.59140625 0.37265625 0.0140625 0.026562500000000003
2 0.6156250000000001 0.36484375 0.015625 0.0203125
0 0.81171875 0.6140625000000001 0.0140625 0.040625
6 0.8859375 0.7289062500000001 0.07187500000000001 0.0671875
0 0.9546875 0.9343750000000001 0.03125 0.0625
0 0.02421875 0.67109375 0.029687500000000002 0.0578125
4 0.19062500000000002 0.6765625000000001 0.053125000000000006 0.084375
4 0.2171875 0.77734375 0.053125000000000006 0.1046875
5 0.1875 0.9031250000000001 0.084375 0.16562500000000002
