0 0.26953125 0.9109375000000001 0.051562500000000004 0.115625
0 0.77734375 0.5242187500000001 0.0328125 0.0890625
3 0.7171875000000001 0.54140625 0.146875 0.1765625
9 0.41796875 0.31015625 0.035937500000000004 0.0578125
9 0.4859375 0.22890625 0.03125 0.0421875
0 0.5359375000000001 0.06953125 0.015625 0.0421875
0 0.49843750000000003 0.08125 0.021875000000000002 0.05
1 0.4890625 0.0921875 0.0125 0.025
0 0.50234375 0.07109375 0.0171875 0.0546875
0 0.49140625000000004 0.0765625 0.0171875 0.046875
3 0.6039062500000001 0.16562500000000002 0.1546875 0.053125000000000006
9 0.8296875 0.43515625 0.028125 0.0578125
1 0.8250000000000001 0.41640625000000003 0.028125 0.06406250000000001
3 0.9226562500000001 0.284375 0.07968750000000001 0.096875
4 0.8703125 0.10703125000000001 0.059375000000000004 0.07968750000000001
9 0.784375 0.10625000000000001 0.021875000000000002 0.034375
1 0.784375 0.0921875 0.021875000000000002 0.034375
9 0.8140625 0.09375 0.015625 0.034375
1 0.8132812500000001 0.07968750000000001 0.0203125 0.037500000000000006
3 0.9500000000000001 0.05390625 0.0625 0.051562500000000004
