0 0.10625000000000001 0.63671875 0.03125 0.0765625
0 0.134375 0.6390625000000001 0.03125 0.07500000000000001
0 0.18281250000000002 0.64609375 0.03125 0.07968750000000001
1 0.13984375000000002 0.52890625 0.0390625 0.0578125
6 0.16718750000000002 0.52734375 0.12187500000000001 0.0578125
4 0.13593750000000002 0.4453125 0.153125 0.09062500000000001
3 0.17421875 0.41171875 0.15156250000000002 0.0671875
3 0.18671875000000002 0.3796875 0.1640625 0.065625
3 0.17734375000000002 0.35625 0.1390625 0.046875
3 0.225 0.33906250000000004 0.153125 0.059375000000000004
5 0.259375 0.30703125000000003 0.140625 0.0671875
3 0.32421875 0.29453125 0.1328125 0.051562500000000004
3 0.33906250000000004 0.27890625 0.10625000000000001 0.0421875
3 0.36250000000000004 0.25859375 0.1125 0.045312500000000006
3 0.38046875 0.23515625 0.1046875 0.0484375
4 0.39296875000000003 0.19609375 0.0734375 0.0390625
4 0.41640625000000003 0.19296875000000002 0.0859375 0.0390625
4 0.4390625 0.17265625 0.084375 0.035937500000000004
3 0.5375 0.1265625 0.034375 0.03125
3 0.55390625 0.09609375 0.029687500000000002 0.026562500000000003
3 0.54609375 0.08359375000000001 0.060937500000000006 0.026562500000000003
3 0.56796875 0.07734375 0.0421875 0.0234375
3 0.70234375 0.12265625000000001 0.045312500000000006 0.0328125
3 0.7109375 0.08203125 0.03125 0.026562500000000003
5 0.74609375 0.07421875 0.026562500000000003 0.026562500000000003
3 0.7562500000000001 0.08984375 0.06875 0.0328125
3 0.759375 0.10078125 0.0625 0.0234375
3 0.571875 0.19765625 0.046875 0.0421875
3 0.546875 0.24140625000000002 0.053125000000000006 0.0484375
3 0.52578125 0.27265625 0.0578125 0.0484375
3 0.515625 0.31093750000000003 0.059375000000000004 0.07187500000000001
3 0.48046875 0.35468750000000004 0.0734375 0.08125
3 0.4625 0.41796875 0.08125 0.08281250000000001
1 0.51015625 0.6687500000000001 0.0421875 0.08125
9 0.5085937500000001 0.68671875 0.0484375 0.0734375
0 0.40546875000000004 0.33515625000000004 0.0140625 0.0484375
0 0.41796875 0.34140625 0.0234375 0.0546875
0 0.43359375 0.28125 0.0171875 0.05
0 0.45156250000000003 0.27968750000000003 0.015625 0.046875
1 0.4390625 0.32109375 0.0125 0.0390625
1 0.4453125 0.31562500000000004 0.015625 0.03125
9 0.44062500000000004 0.33203125 0.015625 0.035937500000000004
0 0.6039062500000001 0.31640625 0.0234375 0.051562500000000004
1 0.65546875 0.2546875 0.0171875 0.040625
2 0.65390625 0.26484375 0.010937500000000001 0.0328125
1 0.6109375 0.21640625000000002 0.015625 0.0328125
9 0.6101562500000001 0.22421875000000002 0.010937500000000001 0.026562500000000003
1 0.7117187500000001 0.59140625 0.035937500000000004 0.0734375
9 0.7125 0.6000000000000001 0.078125 0.05625
0 0.74375 0.58203125 0.028125 0.0578125
0 0.74375 0.55703125 0.021875000000000002 0.0578125
6 0.70859375 0.55390625 0.0734375 0.11093750000000001
0 0.9851562500000001 0.390625 0.026562500000000003 0.053125000000000006
3 0.6937500000000001 0.24140625000000002 0.053125000000000006 0.0578125
3 0.478125 0.12890625 0.0625 0.026562500000000003
4 0.484375 0.10625000000000001 0.0625 0.03125
