1 0.8695312500000001 0.07421875 0.010937500000000001 0.026562500000000003
1 0.76328125 0.26875 0.0171875 0.05625
9 0.8679687500000001 0.08203125 0.010937500000000001 0.026562500000000003
2 0.7734375 0.284375 0.037500000000000006 0.025
2 0.84765625 0.134375 0.0234375 0.028125
1 0.84765625 0.1234375 0.0140625 0.028125
3 0.9046875000000001 0.05234375 0.034375 0.035937500000000004
3 0.9609375 0.09609375 0.034375 0.0421875
3 0.9226562500000001 0.30000000000000004 0.0578125 0.078125
3 0.84765625 0.253125 0.06406250000000001 0.07500000000000001
5 0.9187500000000001 0.013281250000000001 0.03125 0.0234375
3 0.84375 0.01015625 0.03125 0.0171875
3 0.90546875 0.47890625000000003 0.0765625 0.1046875
1 0.74375 0.47187500000000004 0.028125 0.05625
0 0.59765625 0.26875 0.0203125 0.05625
9 0.6265625 0.42734375 0.05625 0.0390625
9 0.6039062500000001 0.48828125 0.0703125 0.035937500000000004
9 0.7429687500000001 0.49296875 0.0234375 0.0546875
9 0.6117187500000001 0.6234375000000001 0.0328125 0.065625
1 0.76953125 0.6335937500000001 0.029687500000000002 0.0546875
9 0.76953125 0.665625 0.029687500000000002 0.08125
0 0.340625 0.7546875000000001 0.037500000000000006 0.084375
0 0.30859375 0.75546875 0.0328125 0.08281250000000001
9 0.55390625 0.7507812500000001 0.0484375 0.0671875
9 0.2609375 0.71015625 0.08125 0.0421875
9 0.321875 0.665625 0.084375 0.043750000000000004
0 0.38359375 0.31015625 0.026562500000000003 0.0578125
0 0.46406250000000004 0.25078125 0.021875000000000002 0.0484375
0 0.51015625 0.253125 0.0203125 0.05625
0 0.5703125 0.27734375 0.021875000000000002 0.051562500000000004
1 0.55625 0.28359375000000003 0.015625 0.035937500000000004
3 0.5203125000000001 0.30859375 0.15000000000000002 0.0765625
3 0.39921875 0.20234375000000002 0.1328125 0.0484375
0 0.5546875 0.09453125000000001 0.0125 0.026562500000000003
0 0.47578125000000004 0.1484375 0.0171875 0.040625
0 0.4609375 0.1453125 0.015625 0.040625
0 0.446875 0.14609375 0.015625 0.0421875
3 0.38046875 0.140625 0.0890625 0.040625
6 0.4734375 0.1015625 0.028125 0.03125
9 0.6101562500000001 0.08828125 0.029687500000000002 0.0234375
0 0.5906250000000001 0.09531250000000001 0.015625 0.040625
0 0.55 0.08203125 0.015625 0.0390625
0 0.7109375 0.06796875000000001 0.0125 0.035937500000000004
0 0.7015625000000001 0.0625 0.009375000000000001 0.03125
0 0.7015625000000001 0.07187500000000001 0.009375000000000001 0.028125
0 0.6976562500000001 0.07187500000000001 0.010937500000000001 0.03125
9 0.6257812500000001 0.12187500000000001 0.0328125 0.018750000000000003
9 0.6570312500000001 0.13203125000000002 0.035937500000000004 0.0171875
9 0.6960937500000001 0.10625000000000001 0.026562500000000003 0.018750000000000003
9 0.6898437500000001 0.096875 0.0328125 0.021875000000000002
2 0.665625 0.07109375 0.03125 0.0171875
2 0.6625000000000001 0.06328125 0.03125 0.0171875
