3 0.8445312500000001 0.8859375 0.0890625 0.08750000000000001
3 0.7171875000000001 0.8609375 0.08750000000000001 0.08750000000000001
3 0.7140625 0.78046875 0.07500000000000001 0.0734375
3 0.8328125000000001 0.815625 0.08125 0.07500000000000001
3 0.8125 0.74609375 0.078125 0.0671875
3 0.7093750000000001 0.7273437500000001 0.07187500000000001 0.0671875
3 0.9164062500000001 0.69140625 0.0671875 0.06406250000000001
3 0.7976562500000001 0.6953125 0.060937500000000006 0.053125000000000006
8 0.80859375 0.54296875 0.1015625 0.1046875
3 0.671875 0.5171875 0.05 0.046875
3 0.65546875 0.4375 0.035937500000000004 0.034375
3 0.88046875 0.55703125 0.051562500000000004 0.0390625
3 0.88203125 0.51796875 0.045312500000000006 0.0390625
4 0.91796875 0.43281250000000004 0.0890625 0.037500000000000006
8 0.6570312500000001 0.38593750000000004 0.045312500000000006 0.07187500000000001
8 0.6703125000000001 0.3328125 0.040625 0.05625
3 0.7265625 0.56640625 0.05 0.051562500000000004
3 0.72265625 0.5421875 0.045312500000000006 0.040625
3 0.7250000000000001 0.5164062500000001 0.043750000000000004 0.0390625
3 0.71875 0.49140625000000004 0.040625 0.035937500000000004
3 0.7265625 0.47578125000000004 0.040625 0.0328125
3 0.4859375 0.41171875 0.037500000000000006 0.035937500000000004
3 0.53671875 0.36250000000000004 0.029687500000000002 0.03125
3 0.58203125 0.3375 0.026562500000000003 0.028125
3 0.5109375 0.33906250000000004 0.028125 0.028125
3 0.5242187500000001 0.30859375 0.0203125 0.0234375
3 0.57265625 0.309375 0.0234375 0.021875000000000002
4 0.5421875 0.3171875 0.021875000000000002 0.028125
3 0.7132812500000001 0.4546875 0.0328125 0.025
3 0.7171875000000001 0.41875 0.03125 0.03125
3 0.7156250000000001 0.40468750000000003 0.03125 0.025
3 0.71875 0.390625 0.03125 0.025
3 0.7156250000000001 0.38046875 0.03125 0.0234375
3 0.7132812500000001 0.36562500000000003 0.026562500000000003 0.021875000000000002
3 0.7140625 0.34921875 0.028125 0.0234375
3 0.70625 0.325 0.025 0.021875000000000002
3 0.7000000000000001 0.30781250000000004 0.025 0.021875000000000002
3 0.690625 0.30000000000000004 0.021875000000000002 0.018750000000000003
3 0.69453125 0.2859375 0.0234375 0.018750000000000003
3 0.71875 0.4390625 0.034375 0.03125
3 0.775 0.48750000000000004 0.040625 0.03125
3 0.77890625 0.47109375000000003 0.0390625 0.029687500000000002
3 0.77109375 0.45 0.0390625 0.034375
3 0.765625 0.434375 0.034375 0.03125
3 0.7640625000000001 0.42109375000000004 0.03125 0.026562500000000003
3 0.7601562500000001 0.40390625 0.0328125 0.0234375
3 0.75703125 0.3765625 0.026562500000000003 0.03125
3 0.753125 0.359375 0.028125 0.028125
3 0.7453125 0.34375 0.025 0.021875000000000002
3 0.74921875 0.33125000000000004 0.026562500000000003 0.025
3 0.73984375 0.3140625 0.0234375 0.025
3 0.72265625 0.30312500000000003 0.0203125 0.018750000000000003
3 0.72265625 0.28984375 0.0203125 0.0140625
3 0.88203125 0.49062500000000003 0.0421875 0.034375
3 0.8328125000000001 0.484375 0.037500000000000006 0.034375
3 0.8265625000000001 0.47109375000000003 0.037500000000000006 0.0328125
3 0.8203125 0.45156250000000003 0.037500000000000006 0.03125
3 0.81640625 0.43593750000000003 0.035937500000000004 0.028125
3 0.8125 0.421875 0.034375 0.025
3 0.8054687500000001 0.40859375000000003 0.0328125 0.029687500000000002
3 0.8054687500000001 0.38515625000000003 0.0328125 0.026562500000000003
3 0.79609375 0.35468750000000004 0.026562500000000003 0.025
3 0.78828125 0.3453125 0.0234375 0.025
3 0.78125 0.32421875 0.021875000000000002 0.0234375
3 0.7718750000000001 0.31328125 0.021875000000000002 0.0203125
3 0.7718750000000001 0.30625 0.021875000000000002 0.015625
3 0.7640625000000001 0.29765625 0.025 0.0203125
3 0.7937500000000001 0.29296875 0.043750000000000004 0.0203125
3 0.8015625000000001 0.28515625 0.040625 0.0171875
3 0.8406250000000001 0.28984375 0.040625 0.0171875
3 0.87265625 0.46484375 0.0390625 0.0328125
3 0.8617187500000001 0.44843750000000004 0.035937500000000004 0.037500000000000006
3 0.8562500000000001 0.42265625 0.034375 0.0328125
3 0.8460937500000001 0.4078125 0.029687500000000002 0.03125
3 0.8445312500000001 0.39296875000000003 0.026562500000000003 0.0234375
3 0.83515625 0.35468750000000004 0.0234375 0.025
3 0.82734375 0.3453125 0.026562500000000003 0.021875000000000002
3 0.8226562500000001 0.33437500000000003 0.026562500000000003 0.021875000000000002
8 0.81640625 0.3140625 0.0421875 0.043750000000000004
0 0.87421875 0.603125 0.029687500000000002 0.05
0 0.91953125 0.6062500000000001 0.026562500000000003 0.053125000000000006
0 0.921875 0.59609375 0.03125 0.0578125
0 0.69453125 0.6015625 0.0234375 0.043750000000000004
0 0.74375 0.59765625 0.021875000000000002 0.0578125
0 0.46796875000000004 0.5828125000000001 0.0234375 0.06875
0 0.41875 0.59921875 0.021875000000000002 0.06406250000000001
0 0.41328125000000004 0.58828125 0.0234375 0.06406250000000001
0 0.34218750000000003 0.5906250000000001 0.021875000000000002 0.059375000000000004
0 0.34765625 0.58046875 0.0203125 0.060937500000000006
0 0.29296875 0.58359375 0.029687500000000002 0.0671875
0 0.2921875 0.57734375 0.028125 0.0671875
0 0.21640625000000002 0.5789062500000001 0.0328125 0.0671875
0 0.04609375 0.59140625 0.0234375 0.051562500000000004
0 0.06640625 0.5921875 0.0203125 0.059375000000000004
0 0.0328125 0.51875 0.015625 0.040625
0 0.047656250000000004 0.5171875 0.0171875 0.040625
0 0.06484375 0.51796875 0.0140625 0.035937500000000004
0 0.078125 0.50703125 0.015625 0.0328125
0 0.11875000000000001 0.47265625 0.015625 0.0421875
0 0.060937500000000006 0.50234375 0.015625 0.035937500000000004
0 0.07968750000000001 0.5421875 0.021875000000000002 0.040625
0 0.10234375000000001 0.5421875 0.0140625 0.034375
0 0.10390625 0.521875 0.0140625 0.034375
0 0.11093750000000001 0.5398437500000001 0.018750000000000003 0.0390625
0 0.12265625000000001 0.5359375000000001 0.0171875 0.043750000000000004
0 0.13593750000000002 0.5320312500000001 0.0125 0.035937500000000004
0 0.14375000000000002 0.5421875 0.0125 0.034375
0 0.18671875000000002 0.540625 0.0140625 0.028125
0 0.29375 0.47578125000000004 0.015625 0.0390625
0 0.33437500000000003 0.38828125 0.009375000000000001 0.026562500000000003
0 0.34218750000000003 0.3875 0.009375000000000001 0.03125
0 0.35703125 0.3609375 0.010937500000000001 0.028125
0 0.4296875 0.34375 0.009375000000000001 0.025
1 0.33437500000000003 0.35625 0.009375000000000001 0.009375000000000001
9 0.33437500000000003 0.36640625000000004 0.009375000000000001 0.0140625
9 0.45078125 0.36640625000000004 0.010937500000000001 0.0171875
3 0.56875 0.29609375 0.021875000000000002 0.0171875
3 0.57265625 0.28359375000000003 0.0234375 0.0171875
3 0.5242187500000001 0.28046875 0.0203125 0.0171875
