1 0.4375 0.4265625 0.046875 0.1
2 0.43828125 0.45703125 0.0484375 0.07968750000000001
3 0.26328125 0.44609375 0.1484375 0.1234375
3 0.109375 0.403125 0.134375 0.09375
3 0.25 0.340625 0.09375 0.07500000000000001
3 0.17890625000000002 0.28515625 0.0890625 0.0734375
1 0.34375 0.27890625 0.021875000000000002 0.0421875
2 0.340625 0.309375 0.03125 0.034375
1 0.021875000000000002 0.31484375000000003 0.025 0.035937500000000004
2 0.6421875 0.5632812500000001 0.05625 0.1171875
0 0.6648437500000001 0.45390625 0.0421875 0.1328125
4 0.36640625000000004 0.2765625 0.0578125 0.0625
