0 0.9031250000000001 0.54453125 0.046875 0.08281250000000001
0 0.9546875 0.546875 0.046875 0.078125
0 0.80234375 0.23984375000000002 0.0234375 0.0484375
0 0.8812500000000001 0.22421875000000002 0.021875000000000002 0.0484375
0 0.5703125 0.17734375000000002 0.021875000000000002 0.051562500000000004
1 0.546875 0.1703125 0.015625 0.040625
9 0.546875 0.1796875 0.021875000000000002 0.028125
1 0.85546875 0.21796875000000002 0.026562500000000003 0.0421875
1 0.8460937500000001 0.22968750000000002 0.0203125 0.046875
1 0.08750000000000001 0.057031250000000006 0.015625 0.026562500000000003
0 0.065625 0.0734375 0.0125 0.037500000000000006
