3 0.38203125000000004 0.6117187500000001 0.1796875 0.07968750000000001
0 0.1875 0.47578125000000004 0.028125 0.0578125
2 0.21875 0.34609375000000003 0.021875000000000002 0.0390625
3 0.49843750000000003 0.20546875 0.053125000000000006 0.0421875
3 0.40234375 0.25 0.0546875 0.053125000000000006
3 0.58984375 0.32890625 0.0671875 0.051562500000000004
3 0.67890625 0.415625 0.08281250000000001 0.07187500000000001
3 0.56875 0.1796875 0.046875 0.040625
3 0.38828125 0.1703125 0.0421875 0.034375
3 0.421875 0.12187500000000001 0.037500000000000006 0.028125
3 0.46015625000000004 0.15625 0.0390625 0.028125
3 0.503125 0.1453125 0.040625 0.03125
3 0.35468750000000004 0.08281250000000001 0.03125 0.025
4 0.6453125000000001 0.7953125000000001 0.134375 0.171875
1 0.3796875 0.340625 0.021875000000000002 0.03125
2 0.3828125 0.35625 0.021875000000000002 0.028125
8 0.30859375 0.28046875 0.07968750000000001 0.1296875
4 0.25625000000000003 0.2 0.043750000000000004 0.06875
0 0.66328125 0.1796875 0.0171875 0.037500000000000006
3 0.45078125 0.08984375 0.035937500000000004 0.0234375
3 0.3203125 0.030468750000000003 0.025 0.0234375
5 0.39765625000000004 0.06875 0.0390625 0.046875
5 0.31796875 0.09296875 0.035937500000000004 0.0390625
3 0.290625 0.07421875 0.025 0.0234375
3 0.28671875 0.0578125 0.0234375 0.021875000000000002
3 0.4625 0.08359375000000001 0.021875000000000002 0.0234375
3 0.42890625000000004 0.059375000000000004 0.0234375 0.021875000000000002
3 0.26953125 0.015625 0.0421875 0.028125
0 0.1390625 0.8523437500000001 0.034375 0.08281250000000001
0 0.11875000000000001 0.8390625 0.03125 0.08125
3 0.57734375 0.08671875000000001 0.0671875 0.0234375
