3 0.95625 0.21250000000000002 0.08750000000000001 0.0625
3 0.5242187500000001 0.40078125000000003 0.1703125 0.0890625
3 0.51484375 0.85546875 0.2171875 0.1859375
3 0.18046875 0.4765625 0.2078125 0.09062500000000001
0 0.21875 0.95078125 0.037500000000000006 0.08281250000000001
3 0.2734375 0.71015625 0.240625 0.1171875
0 0.44843750000000004 0.253125 0.028125 0.05625
0 0.45546875000000003 0.203125 0.0203125 0.043750000000000004
0 0.47734375 0.20468750000000002 0.0203125 0.043750000000000004
1 0.7351562500000001 0.13359375 0.026562500000000003 0.026562500000000003
2 0.7367187500000001 0.15234375 0.0484375 0.0234375
3 0.9234375 0.084375 0.05625 0.059375000000000004
3 0.86328125 0.11406250000000001 0.060937500000000006 0.065625
3 0.85078125 0.059375000000000004 0.0421875 0.05
3 0.8601562500000001 0.017968750000000002 0.0484375 0.0328125
3 0.9109375000000001 0.02421875 0.05 0.0484375
