0 0.00859375 0.11171875 0.0078125 0.0171875
0 0.08515625 0.12187500000000001 0.004687500000000001 0.021875000000000002
1 0.04296875 0.12187500000000001 0.010937500000000001 0.009375000000000001
2 0.045312500000000006 0.12890625 0.021875000000000002 0.0140625
3 0.01953125 0.14609375 0.029687500000000002 0.0203125
3 0.017968750000000002 0.16953125000000002 0.0328125 0.0234375
3 0.049218750000000006 0.16015625 0.026562500000000003 0.0234375
3 0.06171875 0.1453125 0.026562500000000003 0.018750000000000003
3 0.09062500000000001 0.15859375 0.028125 0.0203125
8 0.125 0.1421875 0.06875 0.05625
3 0.115625 0.17265625 0.028125 0.0171875
3 0.078125 0.178125 0.034375 0.021875000000000002
3 0.03671875 0.18359375 0.0328125 0.026562500000000003
3 0.055468750000000004 0.20234375000000002 0.035937500000000004 0.026562500000000003
3 0.09375 0.19062500000000002 0.03125 0.021875000000000002
3 0.13984375000000002 0.184375 0.0328125 0.025
3 0.16171875000000002 0.16953125000000002 0.035937500000000004 0.029687500000000002
3 0.08515625 0.21250000000000002 0.0421875 0.03125
3 0.09453125000000001 0.23046875 0.0390625 0.026562500000000003
3 0.11953125 0.25 0.0421875 0.03125
3 0.140625 0.2703125 0.046875 0.040625
3 0.16562500000000002 0.3015625 0.05625 0.040625
3 0.1875 0.32890625 0.059375000000000004 0.0484375
3 0.21484375 0.36328125 0.0671875 0.060937500000000006
3 0.23046875 0.41250000000000003 0.0765625 0.065625
4 0.2546875 0.453125 0.07500000000000001 0.09062500000000001
3 0.29140625000000003 0.5203125000000001 0.09531250000000001 0.09062500000000001
3 0.33046875000000003 0.6257812500000001 0.1265625 0.1234375
3 0.41875 0.80625 0.15937500000000002 0.171875
3 0.11796875000000001 0.2 0.035937500000000004 0.03125
3 0.1375 0.21328125 0.037500000000000006 0.0328125
3 0.16015625 0.23125 0.0421875 0.03125
3 0.184375 0.2515625 0.046875 0.034375
3 0.203125 0.2734375 0.046875 0.043750000000000004
3 0.234375 0.30078125 0.053125000000000006 0.0421875
3 0.28046875 0.328125 0.0734375 0.0625
3 0.3171875 0.37109375 0.07500000000000001 0.06406250000000001
3 0.35625 0.41718750000000004 0.06875 0.065625
3 0.39687500000000003 0.47265625 0.10625000000000001 0.0765625
3 0.16015625 0.19687500000000002 0.035937500000000004 0.025
3 0.17421875 0.20859375000000002 0.035937500000000004 0.026562500000000003
3 0.203125 0.22265625 0.040625 0.029687500000000002
3 0.225 0.23984375000000002 0.046875 0.0328125
3 0.259375 0.2515625 0.037500000000000006 0.034375
8 0.30781250000000004 0.2609375 0.11875000000000001 0.115625
3 0.36796875 0.3375 0.0734375 0.065625
3 0.47890625000000003 0.4375 0.09531250000000001 0.07187500000000001
3 0.5828125000000001 0.4375 0.1 0.07187500000000001
3 0.18671875000000002 0.18125000000000002 0.0328125 0.025
3 0.2171875 0.19687500000000002 0.040625 0.03125
3 0.240625 0.21015625000000002 0.037500000000000006 0.026562500000000003
3 0.32265625000000003 0.1546875 0.0578125 0.021875000000000002
3 0.33125000000000004 0.16796875 0.053125000000000006 0.0171875
3 0.35468750000000004 0.1703125 0.053125000000000006 0.021875000000000002
3 0.3765625 0.178125 0.059375000000000004 0.028125
3 0.40546875000000004 0.18203125 0.051562500000000004 0.029687500000000002
3 0.44609375 0.19921875 0.0734375 0.029687500000000002
1 0.353125 0.19609375 0.00625 0.0171875
9 0.35234375 0.20546875 0.010937500000000001 0.0171875
3 0.3328125 0.20625000000000002 0.0125 0.021875000000000002
0 0.27968750000000003 0.1703125 0.009375000000000001 0.015625
9 0.2765625 0.1796875 0.0125 0.009375000000000001
2 0.36640625000000004 0.225 0.0328125 0.018750000000000003
1 0.3921875 0.20625000000000002 0.0125 0.018750000000000003
2 0.38906250000000003 0.2234375 0.015625 0.015625
1 0.46015625000000004 0.23593750000000002 0.0140625 0.025
2 0.46171875 0.2515625 0.010937500000000001 0.018750000000000003
3 0.5796875 0.2734375 0.06875 0.040625
3 0.62265625 0.28984375 0.07968750000000001 0.051562500000000004
3 0.65 0.38593750000000004 0.046875 0.034375
0 0.7156250000000001 0.31640625 0.0125 0.0484375
0 0.73046875 0.31562500000000004 0.0171875 0.046875
0 0.721875 0.2890625 0.015625 0.034375
1 0.7578125 0.3921875 0.025 0.040625
3 0.75 0.40937500000000004 0.03125 0.043750000000000004
1 0.80625 0.39375000000000004 0.021875000000000002 0.034375
2 0.80078125 0.41250000000000003 0.0328125 0.043750000000000004
1 0.8460937500000001 0.3875 0.0234375 0.043750000000000004
2 0.8390625 0.4109375 0.03125 0.040625
0 0.8515625 0.51015625 0.025 0.08281250000000001
0 0.8765625 0.52265625 0.028125 0.0734375
1 0.93671875 0.5296875 0.0328125 0.059375000000000004
9 0.9328125 0.5476562500000001 0.037500000000000006 0.06406250000000001
1 0.97578125 0.478125 0.0328125 0.046875
9 0.9710937500000001 0.49609375 0.0390625 0.051562500000000004
1 0.9070312500000001 0.6484375 0.035937500000000004 0.06875
9 0.90625 0.6804687500000001 0.03125 0.051562500000000004
