3 0.055468750000000004 0.18671875000000002 0.11093750000000001 0.0484375
3 0.08359375000000001 0.37031250000000004 0.06406250000000001 0.08125
3 0.0734375 0.4375 0.12187500000000001 0.096875
3 0.08515625 0.5125000000000001 0.16718750000000002 0.1
3 0.1125 0.6531250000000001 0.140625 0.125
3 0.184375 0.7390625000000001 0.153125 0.1375
3 0.3515625 0.78125 0.19062500000000002 0.134375
4 0.43125 0.88203125 0.25 0.1171875
0 0.5875 0.9453125 0.037500000000000006 0.096875
1 0.246875 0.6000000000000001 0.03125 0.05625
1 0.30078125 0.603125 0.0234375 0.053125000000000006
1 0.32421875 0.48359375000000004 0.0234375 0.045312500000000006
0 0.3328125 0.5078125 0.021875000000000002 0.065625
9 0.3125 0.43515625 0.015625 0.0546875
9 0.08203125 0.29921875000000003 0.0328125 0.0390625
9 0.15390625000000002 0.17890625000000002 0.0421875 0.0328125
2 0.1625 0.18906250000000002 0.034375 0.03125
1 0.18515625000000002 0.2859375 0.0203125 0.03125
1 0.19609375 0.27578125000000003 0.0171875 0.0234375
1 0.21250000000000002 0.27968750000000003 0.015625 0.03125
1 0.22031250000000002 0.28203125 0.015625 0.026562500000000003
1 0.22031250000000002 0.29531250000000003 0.015625 0.034375
1 0.20625000000000002 0.29765625 0.015625 0.0328125
