3 0.81171875 0.28203125 0.0484375 0.0328125
3 0.5734375 0.43281250000000004 0.078125 0.043750000000000004
3 0.7578125 0.3609375 0.07500000000000001 0.034375
3 0.96484375 0.2390625 0.0421875 0.034375
3 0.7898437500000001 0.33125000000000004 0.060937500000000006 0.043750000000000004
3 0.8359375 0.31093750000000003 0.046875 0.034375
3 0.91328125 0.2859375 0.0421875 0.040625
3 0.8718750000000001 0.29609375 0.046875 0.0484375
0 0.20546875 0.34296875000000004 0.0203125 0.051562500000000004
6 0.8539062500000001 0.215625 0.026562500000000003 0.025
