3 0.2390625 0.571875 0.03125 0.021875000000000002
3 0.31328125 0.5734375 0.035937500000000004 0.015625
3 0.31953125000000004 0.5632812500000001 0.0328125 0.0140625
3 0.69921875 0.6453125000000001 0.0203125 0.018750000000000003
3 0.7093750000000001 0.625 0.015625 0.018750000000000003
0 0.75390625 0.5945312500000001 0.004687500000000001 0.0171875
3 0.7640625000000001 0.5242187500000001 0.015625 0.0171875
5 0.77890625 0.6140625000000001 0.035937500000000004 0.043750000000000004
3 0.82734375 0.5703125 0.010937500000000001 0.021875000000000002
3 0.8226562500000001 0.54453125 0.0171875 0.0234375
3 0.8093750000000001 0.48828125 0.0125 0.0140625
3 0.7609375 0.49531250000000004 0.015625 0.015625
3 0.80234375 0.465625 0.026562500000000003 0.0125
3 0.8187500000000001 0.728125 0.046875 0.021875000000000002
4 0.8757812500000001 0.821875 0.051562500000000004 0.025
5 0.9703125 0.73359375 0.021875000000000002 0.0421875
0 0.99609375 0.6976562500000001 0.004687500000000001 0.0171875
0 0.6023437500000001 0.98359375 0.004687500000000001 0.0203125
6 0.6078125000000001 0.9812500000000001 0.043750000000000004 0.018750000000000003
9 0.60859375 0.92109375 0.010937500000000001 0.0203125
9 0.6179687500000001 0.8851562500000001 0.0203125 0.010937500000000001
9 0.634375 0.84765625 0.0125 0.0203125
3 0.93671875 0.5164062500000001 0.0140625 0.0171875
3 0.93359375 0.50234375 0.010937500000000001 0.0140625
3 0.9304687500000001 0.49062500000000003 0.010937500000000001 0.015625
3 0.9343750000000001 0.48046875 0.0125 0.0140625
3 0.9382812500000001 0.46796875000000004 0.0140625 0.0140625
3 0.9484375 0.4265625 0.015625 0.009375000000000001
3 0.99140625 0.4625 0.0140625 0.015625
3 0.83125 0.421875 0.025 0.009375000000000001
4 0.7984375 0.42031250000000003 0.034375 0.015625
4 0.80390625 0.41171875 0.029687500000000002 0.0140625
4 0.7976562500000001 0.40546875000000004 0.026562500000000003 0.0140625
3 0.97421875 0.37265625 0.0171875 0.0140625
0 0.9734375000000001 0.41484375 0.00625 0.010937500000000001
0 0.7234375000000001 0.7375 0.009375000000000001 0.015625
