0 0.9773437500000001 0.54453125 0.026562500000000003 0.0421875
0 0.946875 0.53671875 0.021875000000000002 0.0546875
0 0.909375 0.5437500000000001 0.021875000000000002 0.05
3 0.43281250000000004 0.5765625 0.06875 0.065625
3 0.890625 0.46875 0.065625 0.065625
3 0.3015625 0.31093750000000003 0.03125 0.034375
9 0.8054687500000001 0.31796875 0.0328125 0.0203125
9 0.784375 0.31093750000000003 0.034375 0.018750000000000003
9 0.74609375 0.28125 0.0328125 0.018750000000000003
9 0.7406250000000001 0.27265625 0.03125 0.0203125
3 0.584375 0.28359375000000003 0.06875 0.026562500000000003
4 0.71875 0.2484375 0.07187500000000001 0.028125
4 0.70859375 0.23750000000000002 0.0671875 0.025
3 0.6960937500000001 0.18906250000000002 0.0328125 0.018750000000000003
3 0.65625 0.18828125 0.03125 0.0171875
3 0.41250000000000003 0.23828125 0.03125 0.0234375
3 0.02109375 0.30703125000000003 0.0421875 0.0328125
3 0.115625 0.20234375000000002 0.028125 0.026562500000000003
3 0.04296875 0.278125 0.0328125 0.03125
3 0.02734375 0.18984375 0.0484375 0.0171875
3 0.35625 0.22890625 0.03125 0.0234375
4 0.39687500000000003 0.22031250000000002 0.025 0.03125
3 0.3875 0.20625000000000002 0.025 0.021875000000000002
3 0.34609375000000003 0.21484375 0.026562500000000003 0.0234375
5 0.30390625000000004 0.27421875 0.045312500000000006 0.0484375
3 0.30781250000000004 0.24453125 0.03125 0.0234375
3 0.30078125 0.23125 0.026562500000000003 0.021875000000000002
3 0.2984375 0.21406250000000002 0.025 0.018750000000000003
3 0.296875 0.20234375000000002 0.025 0.0203125
3 0.34687500000000004 0.20078125000000002 0.025 0.0171875
0 0.07734375 0.26953125 0.010937500000000001 0.026562500000000003
0 0.0859375 0.27265625 0.00625 0.0171875
1 0.06484375 0.31562500000000004 0.0140625 0.025
1 0.11093750000000001 0.25546875 0.0125 0.0234375
1 0.15937500000000002 0.15156250000000002 0.00625 0.009375000000000001
3 0.31015625 0.17734375000000002 0.0484375 0.0234375
0 0.33125000000000004 0.18671875000000002 0.00625 0.0171875
0 0.0140625 0.2859375 0.009375000000000001 0.021875000000000002
6 0.1046875 0.1859375 0.025 0.021875000000000002
3 0.21640625000000002 0.153125 0.0203125 0.018750000000000003
3 0.19062500000000002 0.14765625000000002 0.018750000000000003 0.0171875
3 0.26171875 0.13359375 0.0203125 0.0171875
0 0.69921875 0.2234375 0.010937500000000001 0.018750000000000003
1 0.46718750000000003 0.2421875 0.0125 0.015625
1 0.45156250000000003 0.19453125000000002 0.009375000000000001 0.0140625
1 0.38906250000000003 0.17890625000000002 0.009375000000000001 0.0140625
3 0.1875 0.13203125000000002 0.021875000000000002 0.0140625
3 0.026562500000000003 0.13515625 0.025 0.0171875
4 0.08125 0.13125 0.021875000000000002 0.015625
4 0.06015625 0.12578125 0.0234375 0.029687500000000002
9 0.0054687500000000005 0.13671875 0.010937500000000001 0.0171875
8 0.38906250000000003 0.12421875 0.025 0.0390625
3 0.36250000000000004 0.12578125 0.015625 0.0140625
3 0.31328125 0.0546875 0.010937500000000001 0.0125
3 0.30781250000000004 0.051562500000000004 0.009375000000000001 0.0125
3 0.26796875000000003 0.08750000000000001 0.026562500000000003 0.015625
4 0.26328125 0.07109375 0.0171875 0.0140625
3 0.26406250000000003 0.0578125 0.0125 0.009375000000000001
0 0.22812500000000002 0.049218750000000006 0.00625 0.0140625
0 0.234375 0.046875 0.00625 0.0125
9 0.46640625 0.25078125 0.0140625 0.0171875
9 0.45234375000000004 0.20390625 0.0078125 0.010937500000000001
9 0.3921875 0.18671875000000002 0.009375000000000001 0.010937500000000001
1 0.58828125 0.25 0.0078125 0.025
1 0.6046875 0.25 0.009375000000000001 0.025
1 0.59609375 0.25390625 0.0078125 0.0171875
3 0.6179687500000001 0.25 0.010937500000000001 0.025
3 0.49453125000000003 0.20703125 0.026562500000000003 0.0234375
8 0.5640625 0.20468750000000002 0.065625 0.043750000000000004
0 0.6273437500000001 0.2078125 0.010937500000000001 0.025
0 0.6468750000000001 0.21015625000000002 0.00625 0.0171875
0 0.6390625000000001 0.21171875 0.00625 0.0171875
0 0.6429687500000001 0.2078125 0.010937500000000001 0.021875000000000002
