3 0.0421875 0.05390625 0.046875 0.0390625
3 0.026562500000000003 0.08984375 0.037500000000000006 0.0421875
0 0.05078125 0.19687500000000002 0.010937500000000001 0.040625
1 0.03671875 0.23750000000000002 0.0171875 0.040625
2 0.037500000000000006 0.24921875000000002 0.015625 0.035937500000000004
3 0.051562500000000004 0.5710937500000001 0.09375 0.11406250000000001
0 0.23359375000000002 0.69296875 0.0328125 0.07968750000000001
1 0.1859375 0.7984375 0.037500000000000006 0.05625
1 0.19062500000000002 0.8226562500000001 0.037500000000000006 0.051562500000000004
9 0.18281250000000002 0.8203125 0.037500000000000006 0.08750000000000001
