3 0.10078125 0.6671875 0.1703125 0.146875
3 0.7359375 0.4546875 0.12812500000000002 0.09062500000000001
3 0.759375 0.25234375000000003 0.09062500000000001 0.0671875
3 0.59765625 0.30312500000000003 0.0734375 0.084375
3 0.80234375 0.057031250000000006 0.0671875 0.051562500000000004
3 0.6179687500000001 0.1609375 0.0859375 0.065625
3 0.65390625 0.21640625000000002 0.08281250000000001 0.0734375
4 0.7203125 0.15546875000000002 0.07500000000000001 0.0703125
3 0.73046875 0.109375 0.0859375 0.065625
0 0.240625 0.55078125 0.037500000000000006 0.06406250000000001
0 0.734375 0.9 0.046875 0.06875
3 0.48984375 0.32421875 0.11093750000000001 0.0765625
3 0.8671875 0.025 0.078125 0.046875
3 0.69140625 0.7734375 0.2609375 0.115625
3 0.4296875 0.22890625 0.10625000000000001 0.060937500000000006
3 0.51875 0.09843750000000001 0.1 0.05
3 0.65546875 0.53046875 0.1640625 0.1296875
9 0.11875000000000001 0.43359375 0.03125 0.0578125
0 0.22890625 0.29140625000000003 0.0140625 0.045312500000000006
6 0.22734375 0.27890625 0.0734375 0.0578125
8 0.3171875 0.33046875000000003 0.21875 0.18281250000000002
0 0.43515625 0.30078125 0.026562500000000003 0.0546875
0 0.4609375 0.28203125 0.015625 0.051562500000000004
0 0.4765625 0.28515625 0.021875000000000002 0.0484375
9 0.24453125 0.21328125 0.026562500000000003 0.045312500000000006
9 0.26640625 0.2171875 0.026562500000000003 0.046875
0 0.3203125 0.06953125 0.028125 0.0546875
1 0.690625 0.041406250000000006 0.015625 0.026562500000000003
1 0.5265625 0.24531250000000002 0.018750000000000003 0.03125
1 0.553125 0.22890625 0.018750000000000003 0.0328125
1 0.5625 0.23359375000000002 0.021875000000000002 0.026562500000000003
9 0.64765625 0.0390625 0.0421875 0.037500000000000006
9 0.6882812500000001 0.0546875 0.026562500000000003 0.018750000000000003
9 0.55078125 0.2546875 0.029687500000000002 0.034375
9 0.40546875000000004 0.1265625 0.0328125 0.043750000000000004
9 0.30859375 0.1953125 0.0390625 0.043750000000000004
9 0.48046875 0.1015625 0.0328125 0.034375
9 0.5789062500000001 0.022656250000000003 0.035937500000000004 0.035937500000000004
9 0.86328125 0.5234375 0.07968750000000001 0.05625
9 0.9031250000000001 0.73828125 0.09062500000000001 0.06406250000000001
0 0.8382812500000001 0.7109375 0.026562500000000003 0.07500000000000001
0 0.85859375 0.7289062500000001 0.029687500000000002 0.0703125
9 0.83359375 0.7445312500000001 0.06406250000000001 0.0703125
2 0.92578125 0.6664062500000001 0.0859375 0.0578125
6 0.95078125 0.46953125 0.09531250000000001 0.051562500000000004
9 0.8812500000000001 0.43671875000000004 0.0625 0.0484375
9 0.97265625 0.6046875 0.0546875 0.07500000000000001
9 0.509375 0.7976562500000001 0.084375 0.1015625
9 0.60859375 0.6609375000000001 0.07968750000000001 0.09062500000000001
2 0.57421875 0.08515625 0.045312500000000006 0.0328125
0 0.43515625 0.039843750000000004 0.010937500000000001 0.0390625
0 0.4546875 0.041406250000000006 0.009375000000000001 0.0390625
0 0.46640625 0.06875 0.010937500000000001 0.037500000000000006
0 0.4421875 0.040625 0.0125 0.034375
0 0.43593750000000003 0.08125 0.018750000000000003 0.043750000000000004
0 0.45390625 0.08046875 0.0203125 0.045312500000000006
0 0.5984375000000001 0.032031250000000004 0.0125 0.0421875
1 0.90546875 0.15781250000000002 0.026562500000000003 0.05
6 0.90546875 0.17343750000000002 0.0578125 0.040625
