3 0.13671875 0.05 0.010937500000000001 0.018750000000000003
3 0.1046875 0.0546875 0.028125 0.009375000000000001
3 0.10859375 0.05078125 0.0203125 0.0078125
4 0.08750000000000001 0.06015625 0.037500000000000006 0.0171875
3 0.15781250000000002 0.060937500000000006 0.0125 0.009375000000000001
0 0.12578125 0.06406250000000001 0.004687500000000001 0.009375000000000001
3 0.09375 0.096875 0.015625 0.009375000000000001
3 0.030468750000000003 0.12187500000000001 0.0171875 0.015625
5 0.053125000000000006 0.10859375 0.0625 0.0203125
4 0.053125000000000006 0.13203125000000002 0.028125 0.029687500000000002
0 0.07187500000000001 0.12734375 0.00625 0.0234375
3 0.1046875 0.13359375 0.021875000000000002 0.0203125
3 0.16171875000000002 0.11406250000000001 0.0171875 0.015625
4 0.17343750000000002 0.1703125 0.021875000000000002 0.025
4 0.25390625 0.05234375 0.0078125 0.0078125
3 0.22734375 0.08046875 0.0140625 0.0140625
3 0.22968750000000002 0.1125 0.015625 0.0125
3 0.2328125 0.14453125 0.021875000000000002 0.0203125
3 0.2609375 0.11640625 0.015625 0.0171875
3 0.2703125 0.14140625 0.018750000000000003 0.0171875
6 0.29609375 0.15859375 0.0171875 0.0171875
3 0.27187500000000003 0.17734375000000002 0.025 0.0203125
3 0.27734375 0.21015625000000002 0.026562500000000003 0.026562500000000003
3 0.27968750000000003 0.05859375 0.0125 0.010937500000000001
3 0.29453125 0.060937500000000006 0.010937500000000001 0.009375000000000001
0 0.2921875 0.06640625 0.00625 0.0078125
3 0.31015625 0.06953125 0.0234375 0.0140625
5 0.3125 0.0890625 0.021875000000000002 0.018750000000000003
3 0.30703125000000003 0.10859375 0.0171875 0.0140625
5 0.31093750000000003 0.12187500000000001 0.021875000000000002 0.018750000000000003
4 0.3796875 0.109375 0.03125 0.018750000000000003
3 0.33984375 0.1078125 0.0328125 0.018750000000000003
3 0.3328125 0.1390625 0.021875000000000002 0.015625
3 0.35703125 0.14140625 0.0234375 0.0171875
3 0.36015625 0.153125 0.0203125 0.018750000000000003
0 0.34765625 0.16171875000000002 0.010937500000000001 0.0171875
3 0.39296875000000003 0.140625 0.0328125 0.018750000000000003
3 0.40468750000000003 0.125 0.015625 0.015625
3 0.42578125 0.125 0.0203125 0.015625
3 0.434375 0.140625 0.037500000000000006 0.018750000000000003
4 0.74765625 0.12265625000000001 0.0328125 0.0171875
5 0.78046875 0.1265625 0.06406250000000001 0.025
5 0.775 0.13984375000000002 0.06875 0.026562500000000003
4 0.73984375 0.14765625000000002 0.0234375 0.0171875
4 0.70078125 0.12421875 0.0203125 0.0140625
5 0.7015625000000001 0.15625 0.05 0.043750000000000004
6 0.35000000000000003 0.19140625 0.018750000000000003 0.0171875
1 0.35078125000000004 0.1921875 0.010937500000000001 0.018750000000000003
3 0.42500000000000004 0.16796875 0.037500000000000006 0.0171875
3 0.45078125 0.1796875 0.0484375 0.018750000000000003
4 0.4609375 0.17109375000000002 0.040625 0.0203125
3 0.47187500000000004 0.20546875 0.065625 0.026562500000000003
3 0.515625 0.24140625000000002 0.053125000000000006 0.026562500000000003
6 0.12890625 0.18046875 0.0171875 0.0171875
1 0.12578125 0.17734375000000002 0.010937500000000001 0.0171875
4 0.5359375000000001 0.31875000000000003 0.059375000000000004 0.05
3 0.465625 0.32421875 0.043750000000000004 0.0421875
6 0.48359375000000004 0.3796875 0.0421875 0.053125000000000006
9 0.39609375 0.34296875000000004 0.010937500000000001 0.026562500000000003
1 0.3984375 0.3375 0.009375000000000001 0.025
9 0.37031250000000004 0.2546875 0.0125 0.018750000000000003
1 0.36953125000000003 0.24765625000000002 0.010937500000000001 0.0203125
1 0.371875 0.2515625 0.00625 0.018750000000000003
4 0.5890625 0.38906250000000003 0.07500000000000001 0.043750000000000004
3 0.640625 0.40859375000000003 0.10625000000000001 0.0390625
3 0.6492187500000001 0.43515625 0.1171875 0.0484375
0 0.7484375000000001 0.42734375 0.009375000000000001 0.0328125
4 0.5437500000000001 0.4296875 0.053125000000000006 0.05625
0 0.521875 0.4453125 0.018750000000000003 0.043750000000000004
6 0.42890625000000004 0.325 0.026562500000000003 0.040625
3 0.6359375 0.60078125 0.09375 0.0734375
4 0.7445312500000001 0.5281250000000001 0.16718750000000002 0.06875
3 0.753125 0.55859375 0.134375 0.0578125
3 0.7718750000000001 0.5921875 0.12812500000000002 0.065625
4 0.8109375000000001 0.6125 0.14375000000000002 0.08125
0 0.8406250000000001 0.53671875 0.021875000000000002 0.0484375
0 0.8851562500000001 0.5632812500000001 0.0203125 0.0578125
1 0.82734375 0.5046875000000001 0.0203125 0.028125
1 0.8210937500000001 0.5085937500000001 0.0171875 0.026562500000000003
6 0.7390625000000001 0.75703125 0.053125000000000006 0.0734375
0 0.7515625 0.9070312500000001 0.03125 0.08281250000000001
3 0.08203125 0.3296875 0.0421875 0.040625
9 0.22734375 0.4921875 0.0234375 0.040625
1 0.22812500000000002 0.48359375000000004 0.025 0.0390625
