0 0.01171875 0.22421875000000002 0.0140625 0.035937500000000004
0 0.01640625 0.30234375 0.0171875 0.0484375
0 0.05625 0.30078125 0.0125 0.0421875
1 0.08984375 0.3984375 0.0203125 0.053125000000000006
2 0.08984375 0.41250000000000003 0.0421875 0.040625
3 0.24140625000000002 0.5015625 0.1703125 0.078125
9 0.31562500000000004 0.5578125 0.059375000000000004 0.065625
3 0.29140625000000003 0.23359375000000002 0.0578125 0.045312500000000006
5 0.45 0.2015625 0.1375 0.08750000000000001
9 0.38203125000000004 0.3984375 0.051562500000000004 0.03125
6 0.4109375 0.434375 0.040625 0.065625
0 0.37031250000000004 0.44609375 0.025 0.0484375
1 0.37343750000000003 0.453125 0.018750000000000003 0.03125
6 0.36875 0.46484375 0.037500000000000006 0.0578125
9 0.44843750000000004 0.49843750000000003 0.0625 0.046875
9 0.46484375 0.49375 0.0421875 0.043750000000000004
0 0.384375 0.53828125 0.021875000000000002 0.06406250000000001
0 0.453125 0.6125 0.028125 0.07500000000000001
0 0.503125 0.6000000000000001 0.021875000000000002 0.06875
3 0.19921875 0.80390625 0.1328125 0.1484375
3 0.41015625 0.83359375 0.1640625 0.1640625
1 0.484375 0.7406250000000001 0.0125 0.043750000000000004
0 0.4890625 0.7601562500000001 0.03125 0.07968750000000001
0 0.6570312500000001 0.88671875 0.0328125 0.08281250000000001
0 0.6453125000000001 0.74375 0.053125000000000006 0.08125
0 0.6796875 0.765625 0.053125000000000006 0.078125
2 0.71640625 0.6859375000000001 0.0734375 0.059375000000000004
