4 0.29609375 0.043750000000000004 0.029687500000000002 0.037500000000000006
4 0.3796875 0.057031250000000006 0.03125 0.035937500000000004
4 0.3640625 0.026562500000000003 0.053125000000000006 0.034375
4 0.65234375 0.34921875 0.1265625 0.0765625
4 0.6296875000000001 0.32109375 0.12187500000000001 0.06406250000000001
3 0.44609375 0.83125 0.2609375 0.15937500000000002
3 0.23359375000000002 0.7351562500000001 0.2390625 0.1078125
3 0.4921875 0.33984375 0.065625 0.0671875
3 0.16562500000000002 0.26328125 0.059375000000000004 0.0671875
3 0.1328125 0.4140625 0.084375 0.09062500000000001
3 0.35859375000000004 0.08515625 0.035937500000000004 0.035937500000000004
0 0.13359375 0.08046875 0.0140625 0.035937500000000004
0 0.15781250000000002 0.03515625 0.0125 0.029687500000000002
1 0.1859375 0.01953125 0.009375000000000001 0.0203125
1 0.25 0.00625 0.015625 0.009375000000000001
0 0.3359375 0.0921875 0.009375000000000001 0.034375
0 0.3828125 0.09375 0.0125 0.034375
0 0.39140625 0.15625 0.0140625 0.040625
0 0.446875 0.11953125 0.0125 0.0328125
9 0.41796875 0.17734375000000002 0.0234375 0.0328125
3 0.4890625 0.1609375 0.10312500000000001 0.043750000000000004
3 0.44375000000000003 0.05859375 0.07500000000000001 0.0328125
3 0.44140625 0.03828125 0.0578125 0.026562500000000003
3 0.36796875 0.01171875 0.029687500000000002 0.0203125
3 0.146875 0.01640625 0.025 0.029687500000000002
3 0.10703125000000001 0.032031250000000004 0.0703125 0.029687500000000002
3 0.09843750000000001 0.06015625 0.059375000000000004 0.029687500000000002
3 0.10859375 0.07734375 0.0328125 0.0390625
3 0.046875 0.08125 0.08125 0.03125
3 0.060937500000000006 0.1015625 0.084375 0.034375
3 0.07187500000000001 0.1171875 0.059375000000000004 0.040625
3 0.0734375 0.14375000000000002 0.053125000000000006 0.046875
3 0.05625 0.17109375000000002 0.053125000000000006 0.0484375
3 0.045312500000000006 0.20703125 0.053125000000000006 0.051562500000000004
0 0.015625 0.2484375 0.015625 0.05
0 0.0328125 0.2484375 0.015625 0.05
0 0.037500000000000006 0.24140625000000002 0.015625 0.051562500000000004
0 0.014843750000000001 0.0203125 0.0078125 0.028125
9 0.05390625 0.03359375 0.0140625 0.0234375
9 0.043750000000000004 0.028125 0.009375000000000001 0.025
9 0.017968750000000002 0.055468750000000004 0.0140625 0.029687500000000002
1 0.97578125 0.7000000000000001 0.0328125 0.065625
1 0.8617187500000001 0.5789062500000001 0.029687500000000002 0.045312500000000006
1 0.88203125 0.35078125000000004 0.0203125 0.0390625
1 0.90390625 0.34140625 0.0203125 0.035937500000000004
6 0.8828125 0.35703125 0.07500000000000001 0.045312500000000006
9 0.821875 0.3296875 0.037500000000000006 0.040625
9 0.77890625 0.31640625 0.045312500000000006 0.035937500000000004
9 0.7468750000000001 0.2984375 0.037500000000000006 0.034375
6 0.63828125 0.23359375000000002 0.035937500000000004 0.045312500000000006
0 0.6039062500000001 0.209375 0.0140625 0.05
0 0.5875 0.240625 0.015625 0.046875
0 0.57265625 0.2421875 0.0140625 0.040625
3 0.5906250000000001 0.29921875000000003 0.10625000000000001 0.051562500000000004
3 0.55859375 0.2578125 0.1390625 0.053125000000000006
0 0.50234375 0.03125 0.010937500000000001 0.03125
