0 0.73359375 0.5710937500000001 0.026562500000000003 0.09531250000000001
0 0.775 0.584375 0.028125 0.08750000000000001
0 0.8375 0.5859375 0.025 0.084375
0 0.78046875 0.5632812500000001 0.029687500000000002 0.09843750000000001
1 0.83359375 0.56640625 0.0171875 0.035937500000000004
0 0.7796875000000001 0.3515625 0.009375000000000001 0.03125
0 0.7859375000000001 0.3515625 0.009375000000000001 0.028125
0 0.9109375000000001 0.3375 0.00625 0.025
0 0.7992187500000001 0.31562500000000004 0.0078125 0.025
0 0.8890625000000001 0.34296875000000004 0.00625 0.0234375
