0 0.029687500000000002 0.58125 0.03125 0.09062500000000001
3 0.2515625 0.7742187500000001 0.29375 0.1421875
3 0.13046875 0.2984375 0.19843750000000002 0.10625000000000001
4 0.44843750000000004 0.11406250000000001 0.20625000000000002 0.096875
3 0.10390625 0.1765625 0.18281250000000002 0.078125
1 0.06171875 0.19296875000000002 0.0203125 0.0578125
1 0.09921875000000001 0.20234375000000002 0.0203125 0.0484375
1 0.1375 0.20390625 0.015625 0.0546875
3 0.096875 0.0171875 0.14375000000000002 0.03125
9 0.21640625000000002 0.03125 0.0421875 0.040625
1 0.22734375 0.018750000000000003 0.0234375 0.037500000000000006
3 0.9171875 0.7601562500000001 0.16562500000000002 0.15781250000000002
0 0.8210937500000001 0.7125 0.0671875 0.1
0 0.9359375000000001 0.8640625000000001 0.065625 0.109375
1 0.9734375000000001 0.78828125 0.046875 0.1078125
