4 0.057031250000000006 0.43671875000000004 0.1015625 0.1234375
8 0.28046875 0.5164062500000001 0.2734375 0.30781250000000004
8 0.46015625000000004 0.84296875 0.2390625 0.1640625
3 0.33671875 0.41875 0.0921875 0.09375
3 0.32890625 0.33906250000000004 0.0859375 0.08750000000000001
3 0.30234375 0.26171875 0.07968750000000001 0.0765625
0 0.43046875 0.4453125 0.060937500000000006 0.078125
0 0.46640625 0.50234375 0.026562500000000003 0.08281250000000001
0 0.7507812500000001 0.515625 0.0328125 0.05625
0 0.7210937500000001 0.5140625 0.0328125 0.07500000000000001
0 0.8890625000000001 0.4578125 0.028125 0.07187500000000001
0 0.64375 0.43046875 0.03125 0.0765625
0 0.596875 0.39921875 0.021875000000000002 0.0578125
0 0.60859375 0.38828125 0.0234375 0.0671875
0 0.58046875 0.384375 0.029687500000000002 0.06875
2 0.81796875 0.4 0.0234375 0.05625
1 0.821875 0.37890625 0.025 0.0578125
0 0.68125 0.33046875000000003 0.025 0.0703125
0 0.6585937500000001 0.32890625 0.0203125 0.06406250000000001
2 0.77890625 0.35781250000000003 0.0328125 0.05
1 0.78125 0.340625 0.025 0.0625
0 0.7429687500000001 0.36015625 0.0234375 0.0671875
1 0.75703125 0.371875 0.0171875 0.025
0 0.49843750000000003 0.48671875000000003 0.028125 0.0671875
1 0.4421875 0.39609375 0.028125 0.0578125
2 0.38359375 0.234375 0.0234375 0.040625
2 0.40625 0.23046875 0.021875000000000002 0.0421875
0 0.38203125000000004 0.3375 0.0171875 0.07187500000000001
2 0.4296875 0.3671875 0.018750000000000003 0.046875
1 0.43203125000000003 0.34765625 0.0234375 0.0421875
9 0.446875 0.42109375000000004 0.021875000000000002 0.051562500000000004
2 0.4078125 0.33203125 0.025 0.035937500000000004
1 0.4078125 0.31093750000000003 0.025 0.043750000000000004
0 0.2765625 0.30234375 0.021875000000000002 0.060937500000000006
0 0.24453125 0.30078125 0.0140625 0.06406250000000001
0 0.24453125 0.27890625 0.0234375 0.051562500000000004
0 0.72421875 0.33437500000000003 0.0171875 0.059375000000000004
0 0.7453125 0.33203125 0.018750000000000003 0.0546875
0 0.7703125000000001 0.29375 0.018750000000000003 0.059375000000000004
0 0.6875 0.31171875000000004 0.025 0.0484375
0 0.7039062500000001 0.309375 0.0234375 0.059375000000000004
0 0.6492187500000001 0.28515625 0.0203125 0.06406250000000001
0 0.64375 0.2734375 0.018750000000000003 0.059375000000000004
0 0.734375 0.29375 0.018750000000000003 0.05
0 0.7507812500000001 0.29296875 0.0203125 0.045312500000000006
1 0.79453125 0.28515625 0.0203125 0.051562500000000004
2 0.79609375 0.29921875000000003 0.0171875 0.0421875
0 0.7117187500000001 0.25546875 0.0140625 0.0578125
0 0.7734375 0.22421875000000002 0.021875000000000002 0.051562500000000004
0 0.7453125 0.209375 0.021875000000000002 0.053125000000000006
0 0.72265625 0.23671875 0.0234375 0.0484375
1 0.7171875000000001 0.22578125000000002 0.0125 0.026562500000000003
4 0.6796875 0.20078125000000002 0.1 0.0921875
0 0.71875 0.16796875 0.018750000000000003 0.045312500000000006
0 0.625 0.16718750000000002 0.015625 0.053125000000000006
0 0.63828125 0.16328125000000002 0.0171875 0.051562500000000004
9 0.7523437500000001 0.125 0.0203125 0.037500000000000006
1 0.7546875000000001 0.11328125 0.015625 0.035937500000000004
0 0.8070312500000001 0.11640625 0.0140625 0.051562500000000004
0 0.8109375000000001 0.11171875 0.0125 0.051562500000000004
9 0.7828125 0.08046875 0.03125 0.029687500000000002
1 0.784375 0.0671875 0.015625 0.037500000000000006
0 0.86328125 0.029687500000000002 0.0234375 0.034375
0 0.6703125000000001 0.09921875000000001 0.018750000000000003 0.051562500000000004
0 0.68671875 0.09296875 0.026562500000000003 0.051562500000000004
0 0.98203125 0.037500000000000006 0.0203125 0.046875
3 0.0328125 0.1859375 0.065625 0.0625
3 0.13984375000000002 0.10312500000000001 0.060937500000000006 0.05625
4 0.0671875 0.03359375 0.05625 0.051562500000000004
