3 0.29140625000000003 0.77734375 0.1765625 0.1859375
3 0.1859375 0.34921875 0.16875 0.060937500000000006
3 0.18671875000000002 0.56640625 0.2234375 0.07968750000000001
3 0.48281250000000003 0.2671875 0.06875 0.0625
4 0.17500000000000002 0.63828125 0.209375 0.1046875
3 0.6546875000000001 0.2390625 0.06875 0.059375000000000004
3 0.67890625 0.19687500000000002 0.0578125 0.059375000000000004
3 0.71640625 0.13125 0.0390625 0.040625
3 0.7359375 0.1046875 0.037500000000000006 0.053125000000000006
3 0.75703125 0.060937500000000006 0.0546875 0.037500000000000006
5 0.78125 0.030468750000000003 0.03125 0.0234375
0 0.3515625 0.35468750000000004 0.028125 0.05625
0 0.29140625000000003 0.6585937500000001 0.035937500000000004 0.0734375
1 0.5945312500000001 0.48203125 0.026562500000000003 0.051562500000000004
1 0.6937500000000001 0.34609375000000003 0.015625 0.026562500000000003
2 0.59140625 0.5015625 0.0203125 0.025
2 0.6976562500000001 0.375 0.0171875 0.025
0 0.40625 0.30000000000000004 0.018750000000000003 0.043750000000000004
0 0.46015625000000004 0.31015625 0.0140625 0.0328125
0 0.47421875 0.30078125 0.0203125 0.0421875
3 0.037500000000000006 0.33671875 0.07187500000000001 0.060937500000000006
