3 0.9164062500000001 0.91328125 0.060937500000000006 0.15781250000000002
0 0.8921875 0.828125 0.06875 0.12187500000000001
0 0.9765625 0.8390625 0.043750000000000004 0.14375000000000002
0 0.83984375 0.58125 0.0484375 0.1125
0 0.63671875 0.60703125 0.0421875 0.11406250000000001
0 0.6015625 0.60859375 0.03125 0.1078125
0 0.56640625 0.6023437500000001 0.0390625 0.1171875
0 0.43593750000000003 0.5945312500000001 0.046875 0.11093750000000001
0 0.6484375 0.4609375 0.053125000000000006 0.1
0 0.43515625 0.4578125 0.0390625 0.10625000000000001
0 0.7140625 0.23593750000000002 0.03125 0.08125
1 0.48750000000000004 0.37734375000000003 0.037500000000000006 0.0671875
9 0.47968750000000004 0.4 0.043750000000000004 0.06875
3 0.2734375 0.35546875 0.134375 0.11093750000000001
0 0.30703125000000003 0.3046875 0.0234375 0.06875
0 0.33906250000000004 0.309375 0.03125 0.09062500000000001
0 0.478125 0.184375 0.03125 0.078125
0 0.415625 0.19140625 0.018750000000000003 0.0671875
0 0.37421875000000004 0.21406250000000002 0.029687500000000002 0.07500000000000001
0 0.36171875000000003 0.18125000000000002 0.026562500000000003 0.053125000000000006
0 0.28984375 0.25078125 0.0171875 0.0734375
0 0.321875 0.23671875 0.025 0.0765625
0 0.3296875 0.19375 0.025 0.059375000000000004
2 0.56640625 0.16796875 0.0390625 0.0421875
2 0.5828125000000001 0.15859375 0.046875 0.0484375
9 0.51171875 0.15078125 0.060937500000000006 0.0328125
9 0.5242187500000001 0.13515625 0.051562500000000004 0.029687500000000002
2 0.45156250000000003 0.15546875000000002 0.05 0.026562500000000003
0 0.44375000000000003 0.12734375 0.018750000000000003 0.0484375
9 0.46484375 0.125 0.026562500000000003 0.037500000000000006
9 0.434375 0.1171875 0.021875000000000002 0.05
3 0.3671875 0.115625 0.09062500000000001 0.07187500000000001
1 0.2828125 0.12812500000000002 0.03125 0.028125
2 0.30312500000000003 0.08984375 0.053125000000000006 0.0390625
1 0.28828125 0.051562500000000004 0.0328125 0.037500000000000006
0 0.23750000000000002 0.13671875 0.0125 0.0421875
0 0.215625 0.1234375 0.021875000000000002 0.0625
0 0.17578125 0.1640625 0.0328125 0.053125000000000006
0 0.1703125 0.1078125 0.025 0.06875
0 0.14609375 0.09375 0.0203125 0.065625
0 0.153125 0.05390625 0.018750000000000003 0.051562500000000004
0 0.13671875 0.060937500000000006 0.0140625 0.053125000000000006
0 0.12109375 0.06328125 0.0171875 0.0546875
0 0.07265625 0.043750000000000004 0.0203125 0.053125000000000006
0 0.04609375 0.06015625 0.0171875 0.051562500000000004
0 0.20390625 0.026562500000000003 0.0203125 0.053125000000000006
2 0.025781250000000002 0.01953125 0.0171875 0.0390625
