4 0.06406250000000001 0.17265625 0.084375 0.035937500000000004
3 0.1625 0.1265625 0.034375 0.03125
3 0.17890625000000002 0.09609375 0.029687500000000002 0.026562500000000003
3 0.17109375000000002 0.08359375000000001 0.060937500000000006 0.026562500000000003
3 0.19296875000000002 0.07734375 0.0421875 0.0234375
3 0.32734375000000004 0.12265625000000001 0.045312500000000006 0.0328125
3 0.3359375 0.08203125 0.03125 0.026562500000000003
5 0.37109375 0.07421875 0.026562500000000003 0.026562500000000003
3 0.38125000000000003 0.08984375 0.06875 0.0328125
3 0.384375 0.10078125 0.0625 0.0234375
3 0.19687500000000002 0.19765625 0.046875 0.0421875
3 0.171875 0.24140625000000002 0.053125000000000006 0.0484375
3 0.15078125 0.27265625 0.0578125 0.0484375
3 0.140625 0.31093750000000003 0.059375000000000004 0.07187500000000001
3 0.10546875 0.35468750000000004 0.0734375 0.08125
3 0.08750000000000001 0.41796875 0.08125 0.08281250000000001
1 0.13515625 0.6687500000000001 0.0421875 0.08125
9 0.13359375 0.68671875 0.0484375 0.0734375
0 0.030468750000000003 0.33515625000000004 0.0140625 0.0484375
0 0.04296875 0.34140625 0.0234375 0.0546875
0 0.05859375 0.28125 0.0171875 0.05
0 0.0765625 0.27968750000000003 0.015625 0.046875
1 0.06406250000000001 0.32109375 0.0125 0.0390625
1 0.0703125 0.31562500000000004 0.015625 0.03125
9 0.065625 0.33203125 0.015625 0.035937500000000004
0 0.22890625 0.31640625 0.0234375 0.051562500000000004
1 0.28046875 0.2546875 0.0171875 0.040625
2 0.27890625 0.26484375 0.010937500000000001 0.0328125
1 0.23593750000000002 0.21640625000000002 0.015625 0.0328125
9 0.23515625 0.22421875000000002 0.010937500000000001 0.026562500000000003
1 0.33671875 0.59140625 0.035937500000000004 0.0734375
9 0.3375 0.6000000000000001 0.078125 0.05625
0 0.36875 0.58203125 0.028125 0.0578125
0 0.36875 0.55703125 0.021875000000000002 0.0578125
6 0.33359375 0.55390625 0.0734375 0.11093750000000001
3 0.59375 0.53515625 0.21875 0.1078125
3 0.5765625 0.4734375 0.1875 0.084375
4 0.584375 0.34375 0.12812500000000002 0.07187500000000001
4 0.58359375 0.328125 0.1203125 0.065625
4 0.56875 0.309375 0.125 0.059375000000000004
0 0.6101562500000001 0.390625 0.026562500000000003 0.053125000000000006
0 0.6179687500000001 0.40468750000000003 0.026562500000000003 0.05
3 0.31875000000000003 0.24140625000000002 0.053125000000000006 0.0578125
3 0.10312500000000001 0.12890625 0.0625 0.026562500000000003
4 0.109375 0.10625000000000001 0.0625 0.03125
