3 0.88828125 0.8609375 0.15156250000000002 0.115625
3 0.5546875 0.66953125 0.10625000000000001 0.07968750000000001
3 0.02734375 0.35234375 0.0234375 0.0171875
3 0.010937500000000001 0.34296875000000004 0.015625 0.0171875
5 0.1078125 0.42421875000000003 0.09375 0.0703125
8 0.12265625000000001 0.47421875 0.0765625 0.0671875
4 0.2078125 0.5015625 0.043750000000000004 0.040625
5 0.3296875 0.6156250000000001 0.2 0.16562500000000002
3 0.06171875 0.37265625 0.0234375 0.0171875
1 0.2078125 0.47187500000000004 0.0125 0.015625
9 0.20546875 0.47734375 0.0203125 0.0140625
1 0.032031250000000004 0.36328125 0.0078125 0.0078125
1 0.017968750000000002 0.36250000000000004 0.0078125 0.00625
9 0.032031250000000004 0.37109375 0.010937500000000001 0.010937500000000001
9 0.017968750000000002 0.37031250000000004 0.010937500000000001 0.0125
0 0.4546875 0.43046875 0.015625 0.026562500000000003
0 0.2109375 0.34687500000000004 0.009375000000000001 0.018750000000000003
0 0.225 0.35078125000000004 0.009375000000000001 0.0140625
0 0.2421875 0.3484375 0.009375000000000001 0.015625
0 0.22031250000000002 0.34765625 0.00625 0.0171875
5 0.7445312500000001 0.7703125000000001 0.1421875 0.09062500000000001
1 0.017968750000000002 0.546875 0.010937500000000001 0.015625
2 0.018750000000000003 0.5554687500000001 0.0125 0.0203125
