3 0.240625 0.6117187500000001 0.18125000000000002 0.15781250000000002
8 0.23515625 0.30312500000000003 0.2859375 0.325
8 0.53671875 0.6390625000000001 0.5265625 0.515625
0 0.72265625 0.07578125000000001 0.0234375 0.06406250000000001
0 0.70078125 0.06875 0.026562500000000003 0.08125
2 0.35703125 0.026562500000000003 0.026562500000000003 0.043750000000000004
0 0.85546875 0.30546875 0.029687500000000002 0.09531250000000001
0 0.8265625000000001 0.29296875 0.028125 0.09531250000000001
0 0.88203125 0.22734375 0.0234375 0.08281250000000001
0 0.85546875 0.22578125000000002 0.029687500000000002 0.0859375
