3 0.21875 0.9085937500000001 0.15625 0.1015625
0 0.34296875000000004 0.67890625 0.029687500000000002 0.0203125
0 0.43125 0.7171875000000001 0.034375 0.025
0 0.49296875 0.7359375 0.0390625 0.025
9 0.65234375 0.6937500000000001 0.0421875 0.05
3 0.7195312500000001 0.6687500000000001 0.1640625 0.146875
4 0.83359375 0.64609375 0.1421875 0.1390625
3 0.2765625 0.178125 0.11875000000000001 0.15000000000000002
3 0.3015625 0.0421875 0.15937500000000002 0.08125
9 0.8031250000000001 0.48359375000000004 0.1125 0.0578125
