3 0.8226562500000001 0.953125 0.0484375 0.040625
3 0.5203125000000001 0.946875 0.05 0.053125000000000006
3 0.45625000000000004 0.94140625 0.053125000000000006 0.051562500000000004
0 0.95859375 0.80234375 0.0140625 0.0328125
3 0.91953125 0.77109375 0.0578125 0.029687500000000002
3 0.925 0.7406250000000001 0.0625 0.021875000000000002
4 0.925 0.7250000000000001 0.07187500000000001 0.028125
0 0.053125000000000006 0.9281250000000001 0.015625 0.037500000000000006
0 0.09296875 0.8953125000000001 0.0171875 0.03125
0 0.09296875 0.91953125 0.0140625 0.0390625
0 0.109375 0.8914062500000001 0.021875000000000002 0.0390625
0 0.1203125 0.8500000000000001 0.0125 0.040625
0 0.21796875000000002 0.84765625 0.0171875 0.0390625
0 0.28203125 0.8453125 0.0171875 0.037500000000000006
0 0.359375 0.8406250000000001 0.018750000000000003 0.037500000000000006
0 0.42109375000000004 0.84765625 0.0140625 0.0328125
0 0.40468750000000003 0.8375 0.009375000000000001 0.034375
0 0.5234375 0.846875 0.018750000000000003 0.034375
0 0.521875 0.83515625 0.018750000000000003 0.035937500000000004
0 0.5765625 0.8445312500000001 0.018750000000000003 0.035937500000000004
0 0.8921875 0.86640625 0.018750000000000003 0.035937500000000004
0 0.68515625 0.8546875 0.0140625 0.034375
0 0.728125 0.8500000000000001 0.015625 0.037500000000000006
0 0.6156250000000001 0.859375 0.0125 0.034375
0 0.6218750000000001 0.8421875000000001 0.0125 0.03125
0 0.6359375 0.8546875 0.0125 0.03125
0 0.64375 0.846875 0.0125 0.028125
0 0.753125 0.859375 0.015625 0.025
0 0.7640625000000001 0.8617187500000001 0.0125 0.0234375
0 0.775 0.8523437500000001 0.0125 0.0234375
0 0.78828125 0.84921875 0.010937500000000001 0.0234375
3 0.8835937500000001 0.9234375 0.0203125 0.021875000000000002
3 0.9171875 0.9242187500000001 0.018750000000000003 0.0234375
0 0.20703125 0.9867187500000001 0.0171875 0.0234375
2 0.24296875 0.9390625 0.0171875 0.025
0 0.26328125 0.92734375 0.0140625 0.0328125
1 0.32343750000000004 0.9187500000000001 0.0125 0.025
9 0.32343750000000004 0.9328125 0.018750000000000003 0.025
8 0.7718750000000001 0.884375 0.07187500000000001 0.10625000000000001
3 0.7898437500000001 0.83515625 0.0390625 0.035937500000000004
3 0.7828125 0.7921875 0.03125 0.034375
3 0.8578125000000001 0.7453125 0.03125 0.028125
3 0.60078125 0.8054687500000001 0.0328125 0.0328125
3 0.6273437500000001 0.74609375 0.035937500000000004 0.035937500000000004
3 0.6796875 0.8140625 0.040625 0.03125
3 0.67578125 0.790625 0.0328125 0.03125
3 0.69453125 0.74921875 0.0328125 0.029687500000000002
3 0.48984375 0.7515625 0.0390625 0.037500000000000006
8 0.540625 0.7445312500000001 0.05625 0.0703125
3 0.6078125000000001 0.7210937500000001 0.037500000000000006 0.0234375
3 0.6921875000000001 0.76953125 0.03125 0.026562500000000003
3 0.7000000000000001 0.728125 0.03125 0.025
8 0.80859375 0.73828125 0.0390625 0.0578125
1 0.44843750000000004 0.7992187500000001 0.0125 0.010937500000000001
1 0.44140625 0.76484375 0.010937500000000001 0.0140625
1 0.46953125 0.775 0.010937500000000001 0.015625
9 0.446875 0.8109375000000001 0.0125 0.018750000000000003
9 0.46953125 0.7875000000000001 0.010937500000000001 0.0125
9 0.44375000000000003 0.77734375 0.009375000000000001 0.0171875
0 0.48828125 0.78125 0.010937500000000001 0.03125
0 0.31796875 0.7953125000000001 0.010937500000000001 0.028125
0 0.30859375 0.79453125 0.010937500000000001 0.029687500000000002
0 0.2703125 0.7796875000000001 0.009375000000000001 0.021875000000000002
0 0.2609375 0.77890625 0.009375000000000001 0.0234375
0 0.259375 0.8109375000000001 0.0125 0.025
0 0.26875 0.8125 0.0125 0.025
0 0.46406250000000004 0.7296875 0.0125 0.03125
