9 0.5671875000000001 0.02421875 0.034375 0.0171875
9 0.56484375 0.0390625 0.035937500000000004 0.021875000000000002
0 0.5671875000000001 0.041406250000000006 0.0125 0.026562500000000003
3 0.9328125 0.021875000000000002 0.06875 0.025
3 0.9476562500000001 0.037500000000000006 0.07968750000000001 0.034375
3 0.96484375 0.06015625 0.0703125 0.035937500000000004
3 0.86328125 0.06171875 0.051562500000000004 0.0484375
1 0.91953125 0.125 0.0171875 0.025
1 0.91171875 0.12812500000000002 0.0140625 0.021875000000000002
9 0.91953125 0.1421875 0.0328125 0.021875000000000002
3 0.8968750000000001 0.17500000000000002 0.065625 0.07500000000000001
1 0.828125 0.06171875 0.0125 0.0234375
9 0.828125 0.07890625000000001 0.015625 0.029687500000000002
1 0.81796875 0.08359375000000001 0.010937500000000001 0.0171875
1 0.81640625 0.078125 0.0140625 0.025
9 0.81640625 0.0890625 0.0171875 0.028125
1 0.7921875 0.08281250000000001 0.0125 0.025
9 0.7921875 0.096875 0.021875000000000002 0.03125
1 0.76953125 0.0578125 0.0171875 0.025
9 0.76953125 0.0734375 0.0203125 0.03125
1 0.7468750000000001 0.0625 0.015625 0.028125
9 0.7468750000000001 0.07890625000000001 0.015625 0.0328125
1 0.6453125000000001 0.04609375 0.0125 0.0203125
6 0.6453125000000001 0.05859375 0.021875000000000002 0.0390625
0 0.63828125 0.08359375000000001 0.0140625 0.0390625
0 0.6156250000000001 0.0765625 0.015625 0.040625
9 0.6046875 0.0859375 0.018750000000000003 0.034375
1 0.5875 0.07187500000000001 0.0125 0.028125
9 0.5859375 0.08359375000000001 0.015625 0.035937500000000004
0 0.56875 0.10390625 0.0125 0.0421875
0 0.55234375 0.1375 0.0203125 0.043750000000000004
9 0.5242187500000001 0.14765625000000002 0.0328125 0.0328125
1 0.58203125 0.15390625000000002 0.0140625 0.0234375
6 0.578125 0.1703125 0.03125 0.037500000000000006
1 0.7195312500000001 0.14375000000000002 0.0078125 0.021875000000000002
1 0.7117187500000001 0.1421875 0.0140625 0.028125
1 0.7039062500000001 0.140625 0.0171875 0.028125
9 0.7054687500000001 0.15703125 0.0390625 0.0328125
1 0.8859375 0.2390625 0.021875000000000002 0.053125000000000006
9 0.88828125 0.2484375 0.045312500000000006 0.028125
0 0.95703125 0.31328125 0.0234375 0.0546875
1 0.8859375 0.32656250000000003 0.021875000000000002 0.037500000000000006
9 0.884375 0.34218750000000003 0.018750000000000003 0.043750000000000004
3 0.7507812500000001 0.32734375000000004 0.07968750000000001 0.0859375
1 0.59140625 0.24765625000000002 0.0140625 0.0328125
9 0.5890625 0.26015625000000003 0.034375 0.0328125
0 0.5710937500000001 0.28515625 0.0171875 0.051562500000000004
9 0.52734375 0.29609375 0.0484375 0.035937500000000004
3 0.52578125 0.34375 0.06406250000000001 0.08125
1 0.64765625 0.2734375 0.0140625 0.03125
9 0.6453125000000001 0.29765625 0.018750000000000003 0.0390625
1 0.6781250000000001 0.33437500000000003 0.018750000000000003 0.037500000000000006
9 0.6781250000000001 0.35703125 0.018750000000000003 0.0484375
1 0.64375 0.33515625000000004 0.021875000000000002 0.0390625
9 0.6421875 0.35703125 0.021875000000000002 0.0390625
1 0.9046875000000001 0.6273437500000001 0.025 0.0578125
9 0.9007812500000001 0.65234375 0.0234375 0.06406250000000001
9 0.9890625000000001 0.69140625 0.021875000000000002 0.0703125
1 0.9906250000000001 0.675 0.015625 0.021875000000000002
9 0.49375 0.40156250000000004 0.05 0.025
9 0.4921875 0.41953125 0.065625 0.0328125
3 0.484375 0.46015625000000004 0.07187500000000001 0.0734375
9 0.42109375000000004 0.36015625 0.051562500000000004 0.0328125
3 0.46953125 0.546875 0.0765625 0.046875
0 0.5296875 0.5796875 0.025 0.053125000000000006
1 0.5203125000000001 0.6101562500000001 0.015625 0.026562500000000003
3 0.446875 0.66953125 0.109375 0.1234375
1 0.6664062500000001 0.93125 0.045312500000000006 0.053125000000000006
