7 0.07265625 0.48515625 0.1390625 0.1078125
0 0.08125 0.51015625 0.028125 0.0671875
0 0.19843750000000002 0.4578125 0.018750000000000003 0.043750000000000004
6 0.12265625000000001 0.44765625000000003 0.07968750000000001 0.06406250000000001
6 0.30625 0.50546875 0.09062500000000001 0.09843750000000001
7 0.2578125 0.46328125000000003 0.12812500000000002 0.1203125
7 0.02890625 0.40390625 0.0546875 0.0546875
7 0.15859375 0.38515625000000003 0.1453125 0.0734375
9 0.240625 0.38515625000000003 0.053125000000000006 0.026562500000000003
9 0.25625000000000003 0.37265625 0.053125000000000006 0.026562500000000003
9 0.2578125 0.34296875000000004 0.053125000000000006 0.0328125
2 0.29140625000000003 0.371875 0.026562500000000003 0.040625
3 0.22265625 0.33125000000000004 0.1609375 0.046875
3 0.278125 0.20703125 0.08750000000000001 0.029687500000000002
3 0.1921875 0.22578125000000002 0.096875 0.0328125
3 0.18515625000000002 0.1546875 0.0671875 0.03125
3 0.2390625 0.14140625 0.07187500000000001 0.026562500000000003
3 0.10625000000000001 0.17890625000000002 0.08750000000000001 0.0390625
3 0.03828125 0.18125000000000002 0.0734375 0.040625
3 0.38125000000000003 0.45234375000000004 0.10625000000000001 0.0734375
9 0.42890625000000004 0.41875 0.0234375 0.046875
3 0.48671875000000003 0.496875 0.07968750000000001 0.09062500000000001
3 0.57265625 0.53359375 0.1421875 0.1015625
3 0.67109375 0.54609375 0.13593750000000002 0.09531250000000001
3 0.8171875000000001 0.56015625 0.134375 0.09843750000000001
3 0.9242187500000001 0.58984375 0.1265625 0.09843750000000001
4 0.1015625 0.7679687500000001 0.2 0.1265625
3 0.18046875 0.878125 0.2515625 0.20625000000000002
3 0.4 0.76171875 0.059375000000000004 0.0578125
0 0.48046875 0.6640625 0.0328125 0.07187500000000001
0 0.8671875 0.68671875 0.03125 0.0671875
0 0.87109375 0.6570312500000001 0.0203125 0.0484375
