7 0.18515625000000002 0.7140625 0.2234375 0.1875
2 0.12578125 0.446875 0.060937500000000006 0.059375000000000004
9 0.2015625 0.4765625 0.03125 0.065625
0 0.20078125000000002 0.5640625 0.026562500000000003 0.05625
0 0.29296875 0.57578125 0.0328125 0.0546875
9 0.057031250000000006 0.44453125000000004 0.0421875 0.051562500000000004
0 0.07890625000000001 0.40234375 0.0203125 0.0765625
0 0.13515625 0.4140625 0.026562500000000003 0.07187500000000001
0 0.16718750000000002 0.41953125 0.018750000000000003 0.0921875
0 0.14140625 0.3828125 0.0203125 0.0625
0 0.18281250000000002 0.45937500000000003 0.053125000000000006 0.084375
1 0.37734375000000003 0.5484375 0.035937500000000004 0.05
1 0.3671875 0.5953125 0.037500000000000006 0.05
1 0.415625 0.5984375000000001 0.028125 0.05625
0 0.3125 0.6531250000000001 0.03125 0.084375
6 0.25546875 0.6453125000000001 0.1640625 0.084375
7 0.434375 0.7171875000000001 0.21875 0.184375
0 0.496875 0.7781250000000001 0.034375 0.07500000000000001
0 0.5140625 0.75703125 0.03125 0.08281250000000001
0 0.4625 0.60703125 0.03125 0.08281250000000001
7 0.5484375 0.6328125 0.15625 0.215625
3 0.59375 0.571875 0.265625 0.1375
9 0.4890625 0.4859375 0.078125 0.065625
7 0.7359375 0.67578125 0.1 0.1609375
9 0.6234375000000001 0.3828125 0.046875 0.07187500000000001
