0 0.14375000000000002 0.46796875000000004 0.009375000000000001 0.0234375
0 0.16796875 0.46796875000000004 0.0078125 0.0234375
0 0.18203125 0.46328125000000003 0.010937500000000001 0.0234375
0 0.29296875 0.43671875000000004 0.0140625 0.026562500000000003
3 0.18203125 0.5953125 0.09531250000000001 0.040625
5 0.2515625 0.70078125 0.17500000000000002 0.09843750000000001
7 0.41640625000000003 0.52578125 0.0421875 0.035937500000000004
9 0.52578125 0.51796875 0.0203125 0.0203125
1 0.5234375 0.5109375 0.015625 0.025
9 0.58515625 0.51015625 0.0234375 0.0234375
1 0.584375 0.503125 0.015625 0.025
9 0.6351562500000001 0.48671875000000003 0.0171875 0.0140625
1 0.6359375 0.47734375 0.0125 0.0203125
4 0.7250000000000001 0.49062500000000003 0.053125000000000006 0.040625
6 0.8562500000000001 0.43593750000000003 0.043750000000000004 0.034375
3 0.9703125 0.40390625 0.043750000000000004 0.026562500000000003
