3 0.05625 0.80859375 0.09062500000000001 0.1234375
0 0.17578125 0.821875 0.0328125 0.059375000000000004
9 0.17734375000000002 0.8375 0.0421875 0.065625
0 0.22265625 0.946875 0.0328125 0.05625
0 0.38046875 0.5921875 0.0203125 0.043750000000000004
2 0.38046875 0.6062500000000001 0.026562500000000003 0.043750000000000004
0 0.38671875 0.4390625 0.010937500000000001 0.046875
0 0.509375 0.47109375000000003 0.015625 0.0421875
3 0.0921875 0.5359375000000001 0.0625 0.07187500000000001
3 0.09296875 0.07500000000000001 0.0203125 0.015625
3 0.08046875 0.060937500000000006 0.0203125 0.0125
3 0.06484375 0.03515625 0.0140625 0.0171875
3 0.060937500000000006 0.0203125 0.015625 0.015625
3 0.12578125 0.13515625 0.026562500000000003 0.0234375
3 0.1796875 0.22890625 0.037500000000000006 0.029687500000000002
