3 0.23046875 0.35078125000000004 0.1484375 0.09843750000000001
3 0.47421875 0.296875 0.09531250000000001 0.065625
3 0.7078125000000001 0.26328125 0.140625 0.0765625
3 0.503125 0.20078125000000002 0.12812500000000002 0.0578125
3 0.57734375 0.23593750000000002 0.1390625 0.065625
3 0.6453125000000001 0.18203125 0.12812500000000002 0.0578125
3 0.62265625 0.15859375 0.1296875 0.0484375
3 0.7562500000000001 0.14375000000000002 0.1125 0.05625
3 0.8265625000000001 0.1640625 0.12187500000000001 0.059375000000000004
3 0.9164062500000001 0.12187500000000001 0.1171875 0.05625
3 0.92734375 0.184375 0.1171875 0.07187500000000001
4 0.496875 0.16015625 0.11875000000000001 0.0484375
1 0.48359375000000004 0.11640625 0.0171875 0.0328125
2 0.4859375 0.13125 0.03125 0.028125
2 0.97421875 0.065625 0.035937500000000004 0.028125
