6 0.7109375 0.69921875 0.034375 0.0546875
3 0.915625 0.7117187500000001 0.10312500000000001 0.0484375
3 0.884375 0.82421875 0.12187500000000001 0.060937500000000006
3 0.92109375 0.9539062500000001 0.1484375 0.0734375
4 0.7671875 0.27890625 0.028125 0.051562500000000004
7 0.7765625 0.60859375 0.03125 0.0484375
7 0.8656250000000001 0.4578125 0.043750000000000004 0.03125
3 0.7914062500000001 0.36875 0.0140625 0.015625
3 0.78671875 0.33984375 0.0140625 0.0203125
8 0.8 0.246875 0.018750000000000003 0.034375
3 0.8703125 0.215625 0.025 0.009375000000000001
1 0.7625000000000001 0.3609375 0.009375000000000001 0.018750000000000003
9 0.7625000000000001 0.36484375 0.0125 0.0140625
0 0.275 0.62109375 0.015625 0.035937500000000004
