3 0.8484375000000001 0.9109375000000001 0.06875 0.0625
3 0.7468750000000001 0.84921875 0.0625 0.0578125
3 0.66796875 0.790625 0.0546875 0.053125000000000006
3 0.821875 0.7921875 0.0625 0.065625
3 0.73984375 0.7578125 0.051562500000000004 0.05
3 0.67578125 0.7000000000000001 0.051562500000000004 0.043750000000000004
3 0.8070312500000001 0.7039062500000001 0.0546875 0.045312500000000006
3 0.775 0.62265625 0.043750000000000004 0.035937500000000004
4 0.7265625 0.65390625 0.046875 0.0484375
3 0.5046875000000001 0.665625 0.046875 0.046875
3 0.44140625 0.6421875 0.045312500000000006 0.040625
3 0.43046875 0.58515625 0.035937500000000004 0.035937500000000004
3 0.5296875 0.57578125 0.037500000000000006 0.035937500000000004
3 0.446875 0.55390625 0.037500000000000006 0.035937500000000004
3 0.5015625 0.54140625 0.034375 0.0328125
3 0.6609375000000001 0.63828125 0.040625 0.0390625
3 0.6609375000000001 0.58984375 0.034375 0.0328125
3 0.7117187500000001 0.5734375 0.0390625 0.037500000000000006
3 0.6664062500000001 0.55625 0.0328125 0.028125
3 0.6687500000000001 0.5140625 0.03125 0.028125
3 0.7117187500000001 0.5171875 0.029687500000000002 0.028125
3 0.7054687500000001 0.48203125 0.026562500000000003 0.0234375
3 0.6828125 0.44765625000000003 0.021875000000000002 0.0203125
8 0.6421875 0.45078125 0.040625 0.0546875
3 0.5593750000000001 0.5078125 0.025 0.03125
3 0.49531250000000004 0.48281250000000003 0.03125 0.03125
3 0.53671875 0.48046875 0.029687500000000002 0.026562500000000003
3 0.5765625 0.48359375000000004 0.03125 0.029687500000000002
3 0.521875 0.45390625 0.028125 0.0234375
3 0.5890625 0.45390625 0.028125 0.0234375
3 0.5710937500000001 0.434375 0.0234375 0.021875000000000002
3 0.55390625 0.41015625 0.0203125 0.0203125
3 0.7078125000000001 0.4578125 0.025 0.025
3 0.7132812500000001 0.43359375 0.0234375 0.0234375
3 0.44140625 0.43125 0.026562500000000003 0.028125
8 0.5296875 0.37890625 0.040625 0.035937500000000004
3 0.5609375 0.38046875 0.018750000000000003 0.0171875
3 0.5789062500000001 0.38906250000000003 0.0203125 0.018750000000000003
3 0.6046875 0.3875 0.018750000000000003 0.018750000000000003
3 0.5789062500000001 0.41484375 0.0203125 0.0203125
3 0.6125 0.41484375 0.021875000000000002 0.0171875
3 0.6179687500000001 0.3953125 0.0234375 0.018750000000000003
3 0.6328125 0.38203125000000004 0.018750000000000003 0.0140625
3 0.5953125 0.36953125000000003 0.018750000000000003 0.0171875
3 0.6156250000000001 0.37343750000000003 0.018750000000000003 0.015625
3 0.5578125 0.36015625 0.021875000000000002 0.0140625
3 0.6515625 0.3640625 0.015625 0.015625
3 0.67578125 0.37421875000000004 0.0171875 0.0140625
3 0.6101562500000001 0.359375 0.0171875 0.015625
3 0.6218750000000001 0.36875 0.0125 0.015625
3 0.7171875000000001 0.421875 0.018750000000000003 0.015625
3 0.74375 0.46484375 0.021875000000000002 0.0234375
3 0.7453125 0.453125 0.025 0.015625
3 0.7507812500000001 0.44140625 0.0234375 0.0203125
3 0.74921875 0.4265625 0.0234375 0.015625
3 0.7468750000000001 0.41484375 0.021875000000000002 0.0171875
3 0.7484375000000001 0.40390625 0.018750000000000003 0.0140625
3 0.775 0.3984375 0.021875000000000002 0.018750000000000003
3 0.78515625 0.41015625 0.0203125 0.0171875
3 0.71875 0.41015625 0.018750000000000003 0.0140625
3 0.7234375000000001 0.4 0.018750000000000003 0.015625
3 0.734375 0.39140625 0.018750000000000003 0.0171875
3 0.72421875 0.38359375 0.0171875 0.010937500000000001
3 0.728125 0.375 0.018750000000000003 0.0125
3 0.728125 0.36562500000000003 0.015625 0.0125
3 0.7054687500000001 0.36875 0.0171875 0.015625
3 0.70234375 0.3796875 0.0140625 0.0125
3 0.6984375 0.38984375000000004 0.018750000000000003 0.0171875
3 0.690625 0.3984375 0.018750000000000003 0.018750000000000003
3 0.6890625 0.41250000000000003 0.021875000000000002 0.018750000000000003
3 0.6890625 0.42265625 0.021875000000000002 0.0171875
3 0.6890625 0.35859375000000004 0.018750000000000003 0.0140625
