1 0.45703125 0.72265625 0.010937500000000001 0.0171875
9 0.45546875000000003 0.7273437500000001 0.0140625 0.0234375
5 0.55078125 0.47968750000000004 0.045312500000000006 0.05625
3 0.36640625000000004 0.35390625000000003 0.0421875 0.0171875
4 0.4109375 0.27421875 0.015625 0.0171875
4 0.16718750000000002 0.26406250000000003 0.015625 0.018750000000000003
4 0.178125 0.215625 0.015625 0.018750000000000003
4 0.19296875000000002 0.18125000000000002 0.0140625 0.015625
4 0.22265625 0.21484375 0.010937500000000001 0.0171875
3 0.21875 0.25703125 0.015625 0.0171875
3 0.26875 0.21250000000000002 0.015625 0.0125
5 0.30781250000000004 0.21250000000000002 0.015625 0.021875000000000002
5 0.26171875 0.10859375 0.0171875 0.029687500000000002
5 0.4078125 0.11015625000000001 0.015625 0.026562500000000003
4 0.39453125 0.12890625 0.0203125 0.010937500000000001
5 0.17500000000000002 0.07968750000000001 0.021875000000000002 0.028125
4 0.2421875 0.02890625 0.00625 0.0078125
4 0.26640625 0.0203125 0.0078125 0.00625
4 0.29765625 0.03828125 0.004687500000000001 0.0078125
4 0.18906250000000002 0.032031250000000004 0.00625 0.0078125
3 0.2546875 0.03359375 0.00625 0.004687500000000001
1 0.32265625000000003 0.07578125000000001 0.004687500000000001 0.0078125
9 0.32343750000000004 0.078125 0.009375000000000001 0.00625
4 0.2828125 0.00703125 0.00625 0.0078125
