3 0.09531250000000001 0.0546875 0.046875 0.034375
3 0.3640625 0.15625 0.09375 0.043750000000000004
2 0.4109375 0.0234375 0.028125 0.015625
3 0.53125 0.09843750000000001 0.096875 0.034375
3 0.5125000000000001 0.010937500000000001 0.06875 0.021875000000000002
3 0.60078125 0.013281250000000001 0.0421875 0.026562500000000003
3 0.54453125 0.1390625 0.0890625 0.034375
0 0.5109375 0.1875 0.021875000000000002 0.040625
0 0.5281250000000001 0.1875 0.015625 0.040625
0 0.59140625 0.17734375000000002 0.0140625 0.0390625
0 0.6046875 0.18671875000000002 0.009375000000000001 0.0328125
0 0.578125 0.2859375 0.015625 0.040625
0 0.58984375 0.26875 0.0140625 0.040625
3 0.77109375 0.11640625 0.0890625 0.035937500000000004
9 0.828125 0.09531250000000001 0.021875000000000002 0.021875000000000002
1 0.82578125 0.0859375 0.0140625 0.025
0 0.7937500000000001 0.2890625 0.018750000000000003 0.043750000000000004
0 0.91015625 0.41718750000000004 0.0234375 0.05
3 0.79609375 0.24765625000000002 0.09843750000000001 0.0484375
3 0.92890625 0.60546875 0.13593750000000002 0.06406250000000001
3 0.9085937500000001 0.56484375 0.1296875 0.06406250000000001
3 0.87890625 0.5359375000000001 0.11093750000000001 0.05625
3 0.8734375000000001 0.50546875 0.12187500000000001 0.0546875
3 0.8445312500000001 0.47500000000000003 0.1328125 0.053125000000000006
3 0.83125 0.44609375 0.115625 0.051562500000000004
3 0.8093750000000001 0.41484375 0.11875000000000001 0.0421875
3 0.78515625 0.390625 0.11406250000000001 0.05
3 0.7671875 0.36796875 0.1125 0.045312500000000006
3 0.7562500000000001 0.34687500000000004 0.1125 0.046875
4 0.73984375 0.31484375000000003 0.0921875 0.051562500000000004
3 0.7156250000000001 0.2625 0.09062500000000001 0.05
3 0.7210937500000001 0.29375 0.0921875 0.034375
3 0.8031250000000001 0.9359375000000001 0.125 0.11875000000000001
3 0.71484375 0.71484375 0.09843750000000001 0.0921875
1 0.55078125 0.34921875 0.0203125 0.0390625
9 0.55234375 0.35546875 0.0171875 0.0328125
3 0.43203125000000003 0.36953125000000003 0.06406250000000001 0.0578125
3 0.46406250000000004 0.46015625000000004 0.065625 0.0671875
3 0.49375 0.54296875 0.06875 0.0671875
3 0.5242187500000001 0.6492187500000001 0.07968750000000001 0.0765625
4 0.6046875 0.8359375 0.12812500000000002 0.15625
3 0.24453125 0.9226562500000001 0.0921875 0.11406250000000001
3 0.34765625 0.85546875 0.09843750000000001 0.11406250000000001
3 0.46015625000000004 0.8562500000000001 0.0890625 0.10312500000000001
3 0.43203125000000003 0.7273437500000001 0.0890625 0.09531250000000001
3 0.3140625 0.72578125 0.07187500000000001 0.07968750000000001
3 0.2109375 0.77109375 0.078125 0.0890625
3 0.20703125 0.665625 0.0734375 0.08750000000000001
3 0.29531250000000003 0.59921875 0.06875 0.07968750000000001
3 0.40078125000000003 0.6179687500000001 0.0671875 0.07968750000000001
3 0.38515625000000003 0.52578125 0.06406250000000001 0.0703125
3 0.36640625000000004 0.446875 0.060937500000000006 0.0625
3 0.3515625 0.37734375000000003 0.05625 0.051562500000000004
3 0.2671875 0.37109375 0.059375000000000004 0.060937500000000006
3 0.2765625 0.44375000000000003 0.05625 0.05625
3 0.28359375000000003 0.51875 0.0578125 0.06875
3 0.184375 0.57421875 0.065625 0.0734375
3 0.1921875 0.496875 0.05625 0.0625
3 0.1921875 0.42500000000000004 0.053125000000000006 0.05625
3 0.18828125 0.3640625 0.0578125 0.05625
