3 0.01171875 0.29765625 0.010937500000000001 0.010937500000000001
3 0.0234375 0.3015625 0.009375000000000001 0.009375000000000001
3 0.0328125 0.30625 0.0125 0.015625
3 0.041406250000000006 0.31015625 0.010937500000000001 0.010937500000000001
3 0.04609375 0.31171875000000004 0.0140625 0.0140625
3 0.051562500000000004 0.31953125000000004 0.0125 0.010937500000000001
4 0.06171875 0.32578125 0.0140625 0.0140625
3 0.06640625 0.33125000000000004 0.0140625 0.0125
3 0.07734375 0.33359375 0.010937500000000001 0.0140625
3 0.08515625 0.34140625 0.0140625 0.0140625
3 0.09609375 0.34453125 0.0171875 0.010937500000000001
3 0.1078125 0.35234375 0.015625 0.0171875
6 0.08359375000000001 0.36250000000000004 0.0140625 0.018750000000000003
5 0.05234375 0.3609375 0.0390625 0.043750000000000004
3 0.09375 0.41484375 0.021875000000000002 0.0234375
5 0.18671875000000002 0.5390625 0.0390625 0.040625
9 0.0546875 0.58828125 0.018750000000000003 0.026562500000000003
3 0.12578125 0.41015625 0.0203125 0.0171875
3 0.13125 0.36953125000000003 0.018750000000000003 0.0171875
3 0.1484375 0.38359375 0.018750000000000003 0.0171875
3 0.15937500000000002 0.39453125 0.018750000000000003 0.0171875
5 0.17734375000000002 0.40546875000000004 0.0203125 0.026562500000000003
0 0.58125 0.5476562500000001 0.0125 0.026562500000000003
0 0.59609375 0.5515625000000001 0.0140625 0.025
0 0.7921875 0.6687500000000001 0.015625 0.034375
0 0.80625 0.6671875 0.018750000000000003 0.03125
1 0.36328125 0.65625 0.010937500000000001 0.018750000000000003
9 0.3609375 0.6664062500000001 0.015625 0.0234375
1 0.028125 0.70078125 0.009375000000000001 0.0171875
9 0.025781250000000002 0.7117187500000001 0.010937500000000001 0.0203125
1 0.0484375 0.6937500000000001 0.0125 0.015625
9 0.05234375 0.71015625 0.010937500000000001 0.0203125
3 0.39375000000000004 0.7992187500000001 0.06875 0.07968750000000001
3 0.5296875 0.828125 0.05625 0.065625
3 0.60546875 0.9328125 0.09843750000000001 0.09062500000000001
