3 0.915625 0.728125 0.16562500000000002 0.08750000000000001
4 0.6351562500000001 0.6296875000000001 0.1421875 0.08125
0 0.95703125 0.39687500000000003 0.0171875 0.034375
4 0.97265625 0.35703125 0.0546875 0.045312500000000006
0 0.89765625 0.45546875000000003 0.0140625 0.0484375
5 0.86640625 0.434375 0.2484375 0.1
5 0.8140625 0.41015625 0.21250000000000002 0.0921875
0 0.603125 0.3359375 0.0125 0.03125
0 0.5242187500000001 0.3875 0.0140625 0.034375
6 0.5484375 0.37421875000000004 0.059375000000000004 0.026562500000000003
3 0.540625 0.36015625 0.07500000000000001 0.0328125
4 0.57734375 0.30234375 0.06406250000000001 0.0328125
5 0.5390625 0.32890625 0.12187500000000001 0.0578125
4 0.465625 0.3375 0.07500000000000001 0.037500000000000006
3 0.4109375 0.32421875 0.06875 0.0328125
3 0.37734375000000003 0.3125 0.0734375 0.03125
4 0.35078125000000004 0.24296875 0.060937500000000006 0.0390625
3 0.32109375 0.2921875 0.06406250000000001 0.03125
3 0.28671875 0.28203125 0.06406250000000001 0.029687500000000002
4 0.26171875 0.27578125000000003 0.0578125 0.029687500000000002
3 0.037500000000000006 0.20703125 0.05 0.0234375
3 0.07500000000000001 0.21171875 0.046875 0.0234375
