3 0.96640625 0.25078125 0.0234375 0.0203125
0 0.925 0.30390625000000004 0.00625 0.0234375
3 0.90546875 0.26328125 0.026562500000000003 0.026562500000000003
3 0.9554687500000001 0.3203125 0.0328125 0.028125
3 0.875 0.29921875000000003 0.053125000000000006 0.026562500000000003
3 0.81796875 0.38046875 0.035937500000000004 0.0390625
3 0.9015625 0.4453125 0.046875 0.046875
3 0.88828125 0.884375 0.11093750000000001 0.13125
3 0.8125 0.24375000000000002 0.040625 0.015625
3 0.81796875 0.25390625 0.0234375 0.0171875
3 0.80390625 0.26171875 0.035937500000000004 0.0171875
3 0.75 0.28828125 0.043750000000000004 0.026562500000000003
3 0.7468750000000001 0.309375 0.037500000000000006 0.025
3 0.784375 0.27734375 0.03125 0.0234375
3 0.6976562500000001 0.34453125 0.045312500000000006 0.0328125
3 0.6703125000000001 0.36484375 0.046875 0.0390625
9 0.6234375000000001 0.33671875 0.015625 0.0234375
3 0.58359375 0.37734375000000003 0.0921875 0.035937500000000004
9 0.60546875 0.36015625 0.0328125 0.0171875
3 0.6171875 0.4078125 0.053125000000000006 0.034375
3 0.609375 0.43046875 0.059375000000000004 0.0421875
3 0.5398437500000001 0.46796875000000004 0.0734375 0.0484375
9 0.5015625 0.43203125000000003 0.021875000000000002 0.0171875
2 0.5085937500000001 0.421875 0.0328125 0.018750000000000003
3 0.16640625 0.51328125 0.1390625 0.0578125
3 0.24453125 0.5859375 0.1859375 0.065625
9 0.45859375 0.49843750000000003 0.0171875 0.03125
1 0.4140625 0.50546875 0.0125 0.0203125
6 0.41250000000000003 0.5171875 0.09062500000000001 0.03125
3 0.08828125 0.8054687500000001 0.1703125 0.1265625
6 0.659375 0.7507812500000001 0.053125000000000006 0.0671875
1 0.65 0.7273437500000001 0.028125 0.045312500000000006
3 0.7601562500000001 0.45 0.0578125 0.043750000000000004
