0 0.91796875 0.6609375000000001 0.1078125 0.109375
1 0.8515625 0.47421875 0.07500000000000001 0.11093750000000001
1 0.81640625 0.4453125 0.0703125 0.1
9 0.8304687500000001 0.26171875 0.07968750000000001 0.1234375
9 0.92890625 0.20468750000000002 0.1265625 0.07500000000000001
0 0.7828125 0.21171875 0.059375000000000004 0.1078125
0 0.76953125 0.16328125000000002 0.0703125 0.11406250000000001
0 0.84921875 0.16953125000000002 0.0734375 0.1015625
0 0.83359375 0.12265625000000001 0.0734375 0.09843750000000001
0 0.9148437500000001 0.12812500000000002 0.0703125 0.10625000000000001
9 0.97265625 0.051562500000000004 0.0546875 0.09375
