3 0.171875 0.87421875 0.18125000000000002 0.0734375
3 0.16640625 0.84765625 0.17343750000000002 0.0546875
3 0.1265625 0.81796875 0.15937500000000002 0.0546875
3 0.08046875 0.7984375 0.15781250000000002 0.059375000000000004
3 0.19062500000000002 0.7296875 0.09375 0.0625
3 0.26796875000000003 0.7718750000000001 0.1171875 0.07187500000000001
0 0.50390625 0.89765625 0.0234375 0.060937500000000006
0 0.53046875 0.8968750000000001 0.0203125 0.0625
0 0.33671875 0.7625000000000001 0.0234375 0.053125000000000006
0 0.36171875000000003 0.7679687500000001 0.0203125 0.0546875
2 0.06406250000000001 0.9656250000000001 0.028125 0.040625
1 0.06328125 0.9390625 0.029687500000000002 0.037500000000000006
9 0.19843750000000002 0.67578125 0.05 0.0328125
0 0.25078125 0.7093750000000001 0.0203125 0.046875
0 0.26406250000000003 0.72578125 0.015625 0.0421875
0 0.059375000000000004 0.6570312500000001 0.015625 0.0421875
0 0.0484375 0.6585937500000001 0.015625 0.0390625
0 0.025781250000000002 0.6828125 0.0140625 0.034375
0 0.03515625 0.67578125 0.0171875 0.045312500000000006
