0 0.06796875000000001 0.39921875 0.029687500000000002 0.0578125
9 0.0734375 0.4375 0.05 0.065625
3 0.2765625 0.50390625 0.1 0.1203125
3 0.6507812500000001 0.47500000000000003 0.11093750000000001 0.09375
3 0.3203125 0.27578125000000003 0.07187500000000001 0.0671875
1 0.2328125 0.35703125 0.034375 0.0484375
1 0.40625 0.4390625 0.040625 0.059375000000000004
1 0.4265625 0.30234375 0.03125 0.0421875
1 0.5554687500000001 0.21953125 0.029687500000000002 0.026562500000000003
1 0.3125 0.3296875 0.021875000000000002 0.025
9 0.23515625 0.375 0.0328125 0.046875
9 0.31171875000000004 0.35468750000000004 0.0328125 0.040625
9 0.40468750000000003 0.45546875000000003 0.037500000000000006 0.0484375
9 0.42890625000000004 0.31796875 0.035937500000000004 0.0421875
6 0.21796875000000002 0.140625 0.0421875 0.043750000000000004
4 0.15859375 0.25078125 0.07968750000000001 0.1046875
3 0.48281250000000003 0.041406250000000006 0.043750000000000004 0.0421875
3 0.553125 0.017968750000000002 0.037500000000000006 0.035937500000000004
3 0.6234375000000001 0.017968750000000002 0.08750000000000001 0.035937500000000004
6 0.6328125 0.28046875 0.03125 0.0484375
9 0.7132812500000001 0.21484375 0.026562500000000003 0.0390625
9 0.7234375000000001 0.11953125 0.043750000000000004 0.029687500000000002
9 0.71484375 0.09296875 0.0421875 0.029687500000000002
3 0.33828125000000003 0.215625 0.0734375 0.06875
3 0.35703125 0.15625 0.06406250000000001 0.059375000000000004
3 0.37109375 0.11875000000000001 0.051562500000000004 0.040625
1 0.27890625 0.1390625 0.0203125 0.025
1 0.2765625 0.16562500000000002 0.018750000000000003 0.037500000000000006
9 0.27890625 0.1796875 0.0234375 0.034375
9 0.27968750000000003 0.14921875 0.021875000000000002 0.029687500000000002
3 0.3640625 0.08281250000000001 0.053125000000000006 0.040625
3 0.37031250000000004 0.051562500000000004 0.046875 0.034375
3 0.37812500000000004 0.02890625 0.043750000000000004 0.0390625
3 0.26953125 0.0734375 0.0484375 0.05625
4 0.29296875 0.02890625 0.0578125 0.0578125
0 0.33437500000000003 0.034375 0.0125 0.037500000000000006
6 0.553125 0.240625 0.037500000000000006 0.040625
1 0.7546875000000001 0.6273437500000001 0.034375 0.0671875
1 0.7468750000000001 0.60703125 0.037500000000000006 0.0671875
1 0.7468750000000001 0.9085937500000001 0.053125000000000006 0.0703125
9 0.7468750000000001 0.625 0.053125000000000006 0.07187500000000001
9 0.74375 0.92734375 0.05625 0.0921875
1 0.95859375 0.46953125 0.026562500000000003 0.0328125
