1 0.059375000000000004 0.909375 0.015625 0.03125
2 0.057031250000000006 0.92890625 0.0140625 0.0328125
3 0.0734375 0.9015625 0.084375 0.034375
3 0.16171875000000002 0.8757812500000001 0.026562500000000003 0.0203125
8 0.29140625000000003 0.88671875 0.2390625 0.0921875
3 0.22187500000000002 0.921875 0.05 0.040625
1 0.3140625 0.9148437500000001 0.015625 0.0390625
2 0.31171875000000004 0.9304687500000001 0.010937500000000001 0.026562500000000003
5 0.13359375 0.9187500000000001 0.051562500000000004 0.053125000000000006
3 0.13203125000000002 0.9304687500000001 0.060937500000000006 0.051562500000000004
3 0.13046875 0.94140625 0.060937500000000006 0.045312500000000006
3 0.10390625 0.9640625 0.07968750000000001 0.0625
1 0.35703125 0.9609375 0.0328125 0.059375000000000004
4 0.8406250000000001 0.9476562500000001 0.12812500000000002 0.051562500000000004
3 0.875 0.9640625 0.12812500000000002 0.053125000000000006
