4 0.5953125 0.44375000000000003 0.08125 0.05
3 0.25546875 0.33828125000000003 0.010937500000000001 0.0390625
6 0.30781250000000004 0.44140625 0.043750000000000004 0.0578125
3 0.040625 0.28046875 0.03125 0.026562500000000003
3 0.08046875 0.27109375 0.029687500000000002 0.0234375
3 0.04609375 0.209375 0.0203125 0.015625
8 0.0390625 0.18359375 0.021875000000000002 0.029687500000000002
4 0.045312500000000006 0.1625 0.00625 0.009375000000000001
5 0.0328125 0.14453125 0.021875000000000002 0.0328125
9 0.14453125 0.28750000000000003 0.010937500000000001 0.015625
1 0.14453125 0.28203125 0.010937500000000001 0.0171875
3 0.8859375 0.38984375000000004 0.059375000000000004 0.0390625
6 0.71796875 0.49609375 0.0921875 0.0421875
6 0.7585937500000001 0.48828125 0.0890625 0.0421875
6 0.67734375 0.4703125 0.07968750000000001 0.034375
6 0.7117187500000001 0.45937500000000003 0.0859375 0.037500000000000006
5 0.2890625 0.14375000000000002 0.06875 0.028125
5 0.33203125 0.18984375 0.07968750000000001 0.0390625
5 0.35703125 0.19140625 0.0765625 0.0390625
5 0.37578125 0.1875 0.0859375 0.037500000000000006
5 0.48515625 0.17890625000000002 0.0734375 0.029687500000000002
5 0.496875 0.17734375000000002 0.07500000000000001 0.0328125
5 0.5281250000000001 0.17578125 0.07500000000000001 0.026562500000000003
5 0.5593750000000001 0.17109375000000002 0.084375 0.026562500000000003
9 0.52109375 0.3328125 0.0203125 0.018750000000000003
