1 0.940625 0.7000000000000001 0.0125 0.021875000000000002
9 0.940625 0.70625 0.0125 0.028125
5 0.79453125 0.58203125 0.07968750000000001 0.1203125
3 0.853125 0.50703125 0.025 0.0234375
5 0.8148437500000001 0.46796875000000004 0.0546875 0.0734375
4 0.90390625 0.44921875 0.0234375 0.0203125
5 0.92109375 0.41250000000000003 0.0234375 0.03125
3 0.90234375 0.390625 0.0171875 0.015625
3 0.9328125 0.390625 0.021875000000000002 0.015625
3 0.878125 0.38359375 0.015625 0.0140625
3 0.91171875 0.37890625 0.0171875 0.0140625
4 0.7484375000000001 0.38046875 0.021875000000000002 0.0203125
1 0.77109375 0.41015625 0.004687500000000001 0.0171875
9 0.77109375 0.4140625 0.004687500000000001 0.0125
1 0.7765625 0.41015625 0.00625 0.0140625
9 0.77734375 0.4140625 0.004687500000000001 0.009375000000000001
4 0.6648437500000001 0.48359375000000004 0.0234375 0.0234375
3 0.68671875 0.46484375 0.026562500000000003 0.0203125
4 0.70625 0.384375 0.021875000000000002 0.018750000000000003
3 0.71640625 0.375 0.0234375 0.0125
1 0.59921875 0.5609375 0.010937500000000001 0.021875000000000002
9 0.60078125 0.565625 0.010937500000000001 0.018750000000000003
1 0.0734375 0.47968750000000004 0.00625 0.015625
9 0.07421875 0.484375 0.0140625 0.015625
0 0.030468750000000003 0.4296875 0.0078125 0.015625
6 0.2890625 0.4140625 0.018750000000000003 0.018750000000000003
0 0.30390625000000004 0.3765625 0.004687500000000001 0.0125
1 0.8187500000000001 0.38359375 0.00625 0.0140625
9 0.8187500000000001 0.384375 0.00625 0.0125
4 0.78671875 0.33515625000000004 0.0234375 0.0171875
0 0.790625 0.34609375000000003 0.003125 0.0140625
4 0.7976562500000001 0.34140625 0.0171875 0.0140625
1 0.81796875 0.3515625 0.004687500000000001 0.0125
9 0.81796875 0.353125 0.004687500000000001 0.009375000000000001
7 0.8328125000000001 0.34765625 0.0125 0.0140625
0 0.8523437500000001 0.3453125 0.004687500000000001 0.009375000000000001
5 0.91953125 0.30859375 0.010937500000000001 0.010937500000000001
3 0.9125000000000001 0.3125 0.0125 0.009375000000000001
3 0.940625 0.30703125000000003 0.0125 0.0078125
0 0.98203125 0.36015625 0.004687500000000001 0.010937500000000001
