9 0.51484375 0.84296875 0.1171875 0.0671875
6 0.7046875 0.80078125 0.171875 0.1453125
1 0.9695312500000001 0.74609375 0.0421875 0.0578125
6 0.88203125 0.7796875000000001 0.1640625 0.12812500000000002
1 0.9328125 0.6125 0.028125 0.065625
1 0.9242187500000001 0.60703125 0.026562500000000003 0.0703125
1 0.7898437500000001 0.6046875 0.0421875 0.07187500000000001
1 0.61875 0.6109375 0.046875 0.059375000000000004
6 0.6781250000000001 0.6328125 0.16875 0.09375
1 0.7117187500000001 0.6000000000000001 0.029687500000000002 0.046875
1 0.7078125000000001 0.58046875 0.025 0.0328125
1 0.7195312500000001 0.57578125 0.0328125 0.0421875
0 0.56171875 0.56484375 0.035937500000000004 0.0859375
1 0.51484375 0.5625 0.0328125 0.05
2 0.59375 0.5078125 0.07500000000000001 0.05
3 0.18671875000000002 0.521875 0.1234375 0.13125
0 0.178125 0.33828125000000003 0.021875000000000002 0.06406250000000001
9 0.23359375000000002 0.38359375 0.07968750000000001 0.0421875
9 0.2328125 0.37421875000000004 0.06875 0.0484375
0 0.30000000000000004 0.2609375 0.021875000000000002 0.05
9 0.31093750000000003 0.19140625 0.046875 0.026562500000000003
2 0.27421875 0.08828125 0.0203125 0.035937500000000004
9 0.215625 0.09609375 0.021875000000000002 0.035937500000000004
9 0.19140625 0.09453125000000001 0.0171875 0.0328125
0 0.15937500000000002 0.11953125 0.015625 0.051562500000000004
0 0.08281250000000001 0.1125 0.015625 0.037500000000000006
0 0.1 0.1046875 0.015625 0.043750000000000004
0 0.18671875000000002 0.05390625 0.0171875 0.0421875
0 0.125 0.05390625 0.015625 0.0421875
0 0.14296875 0.051562500000000004 0.0171875 0.043750000000000004
0 0.1625 0.05078125 0.015625 0.045312500000000006
0 0.16484375 0.04609375 0.010937500000000001 0.0421875
0 0.15390625000000002 0.041406250000000006 0.0140625 0.0421875
