0 0.8984375 0.8265625000000001 0.025 0.053125000000000006
0 0.8703125 0.8359375 0.0125 0.03125
0 0.96796875 0.7523437500000001 0.0203125 0.051562500000000004
1 0.78046875 0.6796875 0.0140625 0.021875000000000002
1 0.91796875 0.6609375000000001 0.0203125 0.025
0 0.6492187500000001 0.9328125 0.0203125 0.05
0 0.63984375 0.9125000000000001 0.0140625 0.037500000000000006
0 0.5945312500000001 0.9539062500000001 0.0234375 0.045312500000000006
0 0.5710937500000001 0.9554687500000001 0.0234375 0.060937500000000006
1 0.50546875 0.95234375 0.029687500000000002 0.0546875
0 0.41953125 0.83515625 0.0203125 0.0484375
0 0.375 0.81953125 0.015625 0.035937500000000004
0 0.18125000000000002 0.91953125 0.025 0.045312500000000006
1 0.18984375 0.91015625 0.0171875 0.051562500000000004
0 0.16875 0.88046875 0.03125 0.0390625
0 0.5046875000000001 0.74765625 0.009375000000000001 0.029687500000000002
1 0.35468750000000004 0.728125 0.015625 0.015625
1 0.403125 0.71015625 0.015625 0.0234375
0 0.44921875 0.70078125 0.0140625 0.035937500000000004
1 0.42421875000000003 0.69453125 0.010937500000000001 0.0171875
0 0.415625 0.68671875 0.0125 0.0203125
1 0.43828125 0.68515625 0.0078125 0.0171875
0 0.43359375 0.675 0.0171875 0.037500000000000006
0 0.56953125 0.6765625000000001 0.010937500000000001 0.028125
2 0.6195312500000001 0.6882812500000001 0.0203125 0.029687500000000002
9 0.6046875 0.6804687500000001 0.021875000000000002 0.026562500000000003
1 0.07421875 0.7914062500000001 0.026562500000000003 0.026562500000000003
1 0.02109375 0.8171875000000001 0.026562500000000003 0.03125
1 0.01953125 0.80625 0.0171875 0.03125
0 0.153125 0.721875 0.015625 0.018750000000000003
1 0.171875 0.7125 0.018750000000000003 0.028125
0 0.60703125 0.6578125 0.010937500000000001 0.03125
0 0.5945312500000001 0.65234375 0.010937500000000001 0.026562500000000003
0 0.6203125 0.6507812500000001 0.009375000000000001 0.0328125
0 0.6265625 0.6468750000000001 0.009375000000000001 0.037500000000000006
0 0.63671875 0.63671875 0.0140625 0.035937500000000004
0 0.675 0.6203125 0.0125 0.037500000000000006
0 0.7679687500000001 0.6015625 0.010937500000000001 0.021875000000000002
0 0.82734375 0.58359375 0.0140625 0.029687500000000002
0 0.74375 0.5632812500000001 0.0125 0.026562500000000003
0 0.6312500000000001 0.55625 0.009375000000000001 0.03125
0 0.22734375 0.625 0.010937500000000001 0.021875000000000002
0 0.22578125000000002 0.61328125 0.010937500000000001 0.029687500000000002
0 0.19453125000000002 0.61640625 0.0140625 0.0328125
0 0.1296875 0.634375 0.0125 0.028125
0 0.15546875000000002 0.603125 0.0171875 0.034375
1 0.153125 0.59921875 0.00625 0.0171875
0 0.56953125 0.54453125 0.010937500000000001 0.029687500000000002
0 0.57578125 0.54296875 0.010937500000000001 0.029687500000000002
0 0.21484375 0.521875 0.0140625 0.025
0 0.3328125 0.5421875 0.021875000000000002 0.03125
0 0.31640625 0.58359375 0.0140625 0.0328125
0 0.33125000000000004 0.584375 0.0125 0.034375
0 0.3453125 0.58359375 0.0125 0.029687500000000002
0 0.3375 0.5953125 0.00625 0.018750000000000003
1 0.38515625000000003 0.521875 0.010937500000000001 0.018750000000000003
0 0.6875 0.5109375 0.009375000000000001 0.028125
0 0.6195312500000001 0.5593750000000001 0.010937500000000001 0.025
0 0.9539062500000001 0.625 0.010937500000000001 0.025
0 0.9593750000000001 0.58359375 0.0125 0.029687500000000002
0 0.6078125000000001 0.9109375000000001 0.025 0.059375000000000004
1 0.62109375 0.86875 0.0234375 0.03125
0 0.971875 0.5632812500000001 0.0125 0.026562500000000003
1 0.7914062500000001 0.51171875 0.0078125 0.0171875
1 0.77890625 0.51484375 0.010937500000000001 0.0171875
0 0.8562500000000001 0.509375 0.009375000000000001 0.028125
0 0.8835937500000001 0.51328125 0.0078125 0.029687500000000002
1 0.8640625000000001 0.5234375 0.00625 0.018750000000000003
1 0.87421875 0.52578125 0.0078125 0.0171875
0 0.40156250000000004 0.51015625 0.0125 0.026562500000000003
1 0.40468750000000003 0.52265625 0.018750000000000003 0.010937500000000001
0 0.01953125 0.628125 0.0171875 0.037500000000000006
0 0.034375 0.63671875 0.009375000000000001 0.0171875
