3 0.11406250000000001 0.6585937500000001 0.084375 0.0421875
3 0.20390625 0.60078125 0.0765625 0.029687500000000002
3 0.1796875 0.5906250000000001 0.08125 0.03125
3 0.084375 0.59921875 0.09375 0.029687500000000002
3 0.0390625 0.58515625 0.078125 0.029687500000000002
3 0.16796875 0.54921875 0.035937500000000004 0.0328125
0 0.2 0.5281250000000001 0.009375000000000001 0.028125
0 0.16328125000000002 0.51875 0.010937500000000001 0.028125
3 0.078125 0.54453125 0.025 0.026562500000000003
3 0.029687500000000002 0.515625 0.03125 0.028125
0 0.06328125 0.5242187500000001 0.010937500000000001 0.026562500000000003
0 0.1328125 0.53671875 0.009375000000000001 0.029687500000000002
0 0.1234375 0.53828125 0.0125 0.029687500000000002
0 0.10859375 0.54140625 0.010937500000000001 0.026562500000000003
0 0.09921875000000001 0.5476562500000001 0.004687500000000001 0.026562500000000003
0 0.10625000000000001 0.5265625 0.00625 0.028125
0 0.08750000000000001 0.52265625 0.009375000000000001 0.026562500000000003
3 0.029687500000000002 0.546875 0.03125 0.028125
