1 0.22812500000000002 0.57734375 0.053125000000000006 0.06406250000000001
9 0.2265625 0.6000000000000001 0.05625 0.10312500000000001
3 0.27890625 0.38046875 0.09531250000000001 0.0921875
3 0.22265625 0.30312500000000003 0.0890625 0.08125
5 0.521875 0.403125 0.275 0.15625
9 0.41484375 0.29453125 0.08281250000000001 0.0484375
3 0.1390625 0.23515625 0.12187500000000001 0.0765625
3 0.1234375 0.17734375000000002 0.10312500000000001 0.0765625
3 0.09453125000000001 0.13515625 0.06406250000000001 0.0421875
3 0.11328125 0.06875 0.06406250000000001 0.040625
9 0.20546875 0.10625000000000001 0.0328125 0.03125
0 0.22421875000000002 0.20234375000000002 0.0234375 0.045312500000000006
9 0.28671875 0.19140625 0.051562500000000004 0.035937500000000004
9 0.2703125 0.1765625 0.046875 0.034375
1 0.010937500000000001 0.059375000000000004 0.015625 0.028125
2 0.009375000000000001 0.07187500000000001 0.015625 0.028125
