9 0.10625000000000001 0.5437500000000001 0.059375000000000004 0.040625
0 0.18828125 0.5234375 0.0234375 0.05
1 0.30390625000000004 0.5859375 0.0328125 0.05
3 0.24375000000000002 0.65625 0.115625 0.1
2 0.13046875 0.6351562500000001 0.035937500000000004 0.026562500000000003
9 0.14765625000000002 0.6687500000000001 0.0859375 0.05
0 0.05078125 0.72421875 0.0421875 0.0859375
0 0.1453125 0.7273437500000001 0.046875 0.0734375
0 0.34296875000000004 0.7203125 0.0390625 0.07500000000000001
0 0.3765625 0.6921875000000001 0.03125 0.06875
4 0.43125 0.6140625000000001 0.15000000000000002 0.1
4 0.56640625 0.5554687500000001 0.1328125 0.08281250000000001
4 0.8984375 0.55859375 0.18125000000000002 0.0859375
4 0.7601562500000001 0.45 0.09531250000000001 0.07500000000000001
0 0.8671875 0.53125 0.03125 0.05625
0 0.7578125 0.640625 0.046875 0.059375000000000004
0 0.67890625 0.65625 0.026562500000000003 0.07500000000000001
0 0.6515625 0.6609375000000001 0.021875000000000002 0.065625
3 0.234375 0.90390625 0.21250000000000002 0.1546875
4 0.7601562500000001 0.88046875 0.1921875 0.1703125
0 0.95078125 0.41718750000000004 0.0234375 0.05
0 0.96640625 0.35781250000000003 0.0203125 0.043750000000000004
0 0.98203125 0.35625 0.010937500000000001 0.021875000000000002
2 0.925 0.3140625 0.037500000000000006 0.025
3 0.9375 0.34140625 0.10312500000000001 0.051562500000000004
0 0.9476562500000001 0.3671875 0.0140625 0.018750000000000003
