5 0.04296875 0.36796875 0.07968750000000001 0.1015625
5 0.27265625 0.36015625 0.06406250000000001 0.08281250000000001
5 0.1484375 0.36953125000000003 0.06875 0.07968750000000001
5 0.19453125000000002 0.3359375 0.0765625 0.065625
5 0.27578125000000003 0.44609375 0.07968750000000001 0.07968750000000001
0 0.1859375 0.48281250000000003 0.021875000000000002 0.05625
0 0.5320312500000001 0.46640625 0.0203125 0.051562500000000004
3 0.275 0.40468750000000003 0.046875 0.03125
3 0.45234375000000004 0.46796875000000004 0.0734375 0.0578125
3 0.4265625 0.4375 0.046875 0.043750000000000004
3 0.415625 0.41718750000000004 0.046875 0.043750000000000004
3 0.6125 0.46953125 0.07187500000000001 0.0578125
3 0.4 0.4 0.046875 0.043750000000000004
3 0.57734375 0.44062500000000004 0.0546875 0.040625
3 0.5625 0.41875 0.05 0.03125
3 0.55390625 0.34687500000000004 0.0421875 0.03125
8 0.6125 0.35703125 0.09062500000000001 0.06406250000000001
3 0.534375 0.39453125 0.053125000000000006 0.0328125
0 0.89375 0.3671875 0.015625 0.03125
5 0.7984375 0.35859375000000004 0.12812500000000002 0.0703125
5 0.84765625 0.33437500000000003 0.1265625 0.040625
