3 0.32734375000000004 0.0765625 0.0421875 0.043750000000000004
3 0.4078125 0.0625 0.08125 0.03125
3 0.37890625 0.09375 0.0421875 0.040625
3 0.4234375 0.16328125000000002 0.12187500000000001 0.035937500000000004
3 0.43046875 0.18671875000000002 0.11093750000000001 0.0484375
3 0.40078125000000003 0.21406250000000002 0.11093750000000001 0.05
3 0.41171875 0.26015625000000003 0.07968750000000001 0.06406250000000001
3 0.45859375 0.37031250000000004 0.06406250000000001 0.08125
3 0.44843750000000004 0.4375 0.12187500000000001 0.096875
3 0.46015625000000004 0.5125000000000001 0.16718750000000002 0.1
3 0.48750000000000004 0.6531250000000001 0.140625 0.125
3 0.5593750000000001 0.7390625000000001 0.153125 0.1375
3 0.7265625 0.78125 0.19062500000000002 0.134375
4 0.80625 0.88203125 0.25 0.1171875
0 0.9625 0.9453125 0.037500000000000006 0.096875
1 0.6218750000000001 0.6000000000000001 0.03125 0.05625
1 0.67578125 0.603125 0.0234375 0.053125000000000006
1 0.69921875 0.48359375000000004 0.0234375 0.045312500000000006
0 0.7078125000000001 0.5078125 0.021875000000000002 0.065625
9 0.6875 0.43515625 0.015625 0.0546875
9 0.45703125 0.29921875000000003 0.0328125 0.0390625
9 0.52890625 0.17890625000000002 0.0421875 0.0328125
2 0.5375 0.18906250000000002 0.034375 0.03125
1 0.56015625 0.2859375 0.0203125 0.03125
1 0.5710937500000001 0.27578125000000003 0.0171875 0.0234375
1 0.5875 0.27968750000000003 0.015625 0.03125
1 0.5953125 0.28203125 0.015625 0.026562500000000003
1 0.5953125 0.29531250000000003 0.015625 0.034375
1 0.58125 0.29765625 0.015625 0.0328125
3 0.06171875 0.05078125 0.0484375 0.0484375
3 0.19687500000000002 0.1296875 0.043750000000000004 0.05625
3 0.11093750000000001 0.14765625000000002 0.053125000000000006 0.0578125
3 0.08125 0.28750000000000003 0.07187500000000001 0.065625
