3 0.10703125000000001 0.696875 0.0421875 0.07500000000000001
3 0.09062500000000001 0.59296875 0.034375 0.045312500000000006
3 0.24765625000000002 0.55625 0.0328125 0.025
6 0.15937500000000002 0.53125 0.025 0.03125
3 0.1421875 0.48984375 0.040625 0.026562500000000003
3 0.09843750000000001 0.45703125 0.021875000000000002 0.0234375
3 0.09140625000000001 0.49453125000000003 0.0203125 0.029687500000000002
3 0.041406250000000006 0.5109375 0.026562500000000003 0.03125
3 0.109375 0.42421875000000003 0.021875000000000002 0.0203125
3 0.19921875 0.3828125 0.0171875 0.015625
0 0.11796875000000001 0.49765625 0.0078125 0.0171875
9 0.1171875 0.5015625 0.0125 0.015625
6 0.259375 0.5085937500000001 0.03125 0.0203125
0 0.26796875000000003 0.5046875000000001 0.010937500000000001 0.018750000000000003
0 0.2984375 0.4734375 0.009375000000000001 0.015625
2 0.29921875000000003 0.47890625000000003 0.0078125 0.0171875
4 0.18203125 0.33906250000000004 0.0078125 0.009375000000000001
3 0.18828125 0.30781250000000004 0.004687500000000001 0.00625
0 0.1921875 0.36015625 0.003125 0.0078125
9 0.19296875000000002 0.36250000000000004 0.0078125 0.009375000000000001
5 0.20078125000000002 0.33828125000000003 0.0078125 0.010937500000000001
0 0.27187500000000003 0.46484375 0.00625 0.010937500000000001
9 0.27109375 0.46796875000000004 0.0078125 0.010937500000000001
3 0.43203125000000003 0.43593750000000003 0.0421875 0.015625
3 0.5109375 0.43046875 0.043750000000000004 0.0171875
3 0.578125 0.4265625 0.025 0.021875000000000002
0 0.40859375000000003 0.7015625000000001 0.0140625 0.028125
2 0.40859375000000003 0.7117187500000001 0.0171875 0.0328125
0 0.6882812500000001 0.9304687500000001 0.026562500000000003 0.0484375
