3 0.03671875 0.5765625 0.0734375 0.03125
3 0.24375000000000002 0.43203125000000003 0.046875 0.026562500000000003
3 0.34218750000000003 0.5234375 0.053125000000000006 0.028125
3 0.38828125 0.5 0.051562500000000004 0.025
3 0.47109375000000003 0.48750000000000004 0.0546875 0.025
3 0.46328125000000003 0.4703125 0.0546875 0.018750000000000003
3 0.5671875000000001 0.4859375 0.05625 0.025
3 0.56953125 0.4703125 0.0484375 0.018750000000000003
3 0.31796875 0.42421875000000003 0.0484375 0.0171875
3 0.59765625 0.3984375 0.0390625 0.015625
3 0.94453125 0.5320312500000001 0.035937500000000004 0.045312500000000006
3 0.96015625 0.38828125 0.0390625 0.0171875
3 0.98359375 0.39375000000000004 0.0328125 0.018750000000000003
4 0.9890625000000001 0.38203125000000004 0.021875000000000002 0.0203125
0 0.7195312500000001 0.46171875 0.0078125 0.0171875
1 0.5234375 0.5109375 0.009375000000000001 0.0125
9 0.5242187500000001 0.5203125000000001 0.0171875 0.015625
0 0.6820312500000001 0.38984375000000004 0.0078125 0.0171875
5 0.22031250000000002 0.51015625 0.19687500000000002 0.08281250000000001
5 0.33125000000000004 0.4765625 0.184375 0.05625
5 0.4265625 0.503125 0.06875 0.046875
4 0.30390625000000004 0.43671875000000004 0.051562500000000004 0.029687500000000002
9 0.49140625000000004 0.40546875000000004 0.0140625 0.010937500000000001
1 0.4890625 0.403125 0.00625 0.0125
9 0.5125000000000001 0.41484375 0.015625 0.010937500000000001
1 0.51171875 0.41015625 0.0078125 0.0171875
9 0.534375 0.41250000000000003 0.0125 0.0125
1 0.534375 0.4078125 0.00625 0.0125
4 0.61640625 0.38906250000000003 0.035937500000000004 0.025
0 0.6359375 0.39375000000000004 0.009375000000000001 0.015625
9 0.84375 0.45937500000000003 0.0125 0.0125
1 0.846875 0.45703125 0.009375000000000001 0.0140625
