3 0.2171875 0.8093750000000001 0.09062500000000001 0.12187500000000001
3 0.19375 0.68515625 0.084375 0.1078125
3 0.16718750000000002 0.5906250000000001 0.084375 0.09062500000000001
3 0.047656250000000004 0.16796875 0.029687500000000002 0.026562500000000003
3 0.1296875 0.38593750000000004 0.046875 0.046875
3 0.11796875000000001 0.3328125 0.051562500000000004 0.05
3 0.10625000000000001 0.2890625 0.037500000000000006 0.05
3 0.08359375000000001 0.23125 0.035937500000000004 0.040625
3 0.037500000000000006 0.07578125000000001 0.059375000000000004 0.0234375
3 0.03671875 0.05078125 0.051562500000000004 0.026562500000000003
3 0.06328125 0.03515625 0.0421875 0.026562500000000003
3 0.08671875000000001 0.17890625000000002 0.0328125 0.0328125
3 0.08828125 0.20546875 0.0328125 0.0390625
3 0.06406250000000001 0.11484375000000001 0.07187500000000001 0.0234375
3 0.07265625 0.1046875 0.0546875 0.028125
3 0.08828125 0.08828125 0.051562500000000004 0.0328125
3 0.03671875 0.0140625 0.035937500000000004 0.018750000000000003
3 0.021875000000000002 0.01015625 0.034375 0.0171875
4 0.08359375000000001 0.025 0.0578125 0.025
5 0.33125000000000004 0.46328125000000003 0.19062500000000002 0.09843750000000001
0 0.0734375 0.33984375 0.015625 0.045312500000000006
0 0.26328125 0.3375 0.0203125 0.037500000000000006
0 0.19375 0.2265625 0.0125 0.03125
0 0.209375 0.19765625 0.0125 0.026562500000000003
9 0.19453125000000002 0.234375 0.029687500000000002 0.018750000000000003
9 0.19375 0.2703125 0.037500000000000006 0.021875000000000002
9 0.17578125 0.33046875000000003 0.0421875 0.0234375
9 0.16328125000000002 0.16328125000000002 0.026562500000000003 0.0203125
3 0.10312500000000001 0.15625 0.06875 0.037500000000000006
0 0.037500000000000006 0.14765625000000002 0.009375000000000001 0.026562500000000003
2 0.184375 0.30312500000000003 0.034375 0.018750000000000003
2 0.18671875000000002 0.29140625000000003 0.0390625 0.0234375
9 0.29609375 0.3671875 0.029687500000000002 0.025
3 0.1078125 0.08046875 0.05625 0.0203125
3 0.1078125 0.07265625 0.05625 0.0203125
6 0.44843750000000004 0.8992187500000001 0.115625 0.0578125
9 0.39765625000000004 0.6515625 0.026562500000000003 0.05
2 0.18359375 0.34296875000000004 0.035937500000000004 0.0234375
