3 0.9546875 0.7703125000000001 0.09062500000000001 0.15625
1 0.8851562500000001 0.41640625000000003 0.0328125 0.051562500000000004
2 0.88671875 0.42812500000000003 0.026562500000000003 0.05625
0 0.8343750000000001 0.23593750000000002 0.028125 0.046875
3 0.27421875 0.7054687500000001 0.1265625 0.1421875
3 0.384375 0.371875 0.08125 0.08125
3 0.51484375 0.19296875000000002 0.06406250000000001 0.0578125
3 0.46875 0.10078125 0.053125000000000006 0.051562500000000004
3 0.5484375 0.035937500000000004 0.043750000000000004 0.040625
1 0.59296875 0.060937500000000006 0.0140625 0.025
9 0.5921875 0.06640625 0.015625 0.0328125
3 0.43203125000000003 0.040625 0.0421875 0.040625
3 0.22968750000000002 0.15546875000000002 0.07187500000000001 0.06406250000000001
3 0.09609375 0.25703125 0.13593750000000002 0.0578125
1 0.034375 0.3453125 0.025 0.040625
1 0.03828125 0.33046875000000003 0.0203125 0.0328125
6 0.045312500000000006 0.35234375 0.05625 0.0578125
3 0.04609375 0.13125 0.0703125 0.05
3 0.09765625 0.096875 0.0578125 0.043750000000000004
3 0.1640625 0.04296875 0.046875 0.0390625
3 0.2 0.025 0.046875 0.037500000000000006
1 0.025 0.19921875 0.021875000000000002 0.035937500000000004
9 0.025 0.21250000000000002 0.028125 0.034375
1 0.32421875 0.039843750000000004 0.010937500000000001 0.026562500000000003
9 0.325 0.04296875 0.015625 0.0234375
1 0.359375 0.03125 0.0125 0.025
9 0.359375 0.037500000000000006 0.015625 0.028125
