3 0.34609375000000003 0.8054687500000001 0.0765625 0.07968750000000001
5 0.12109375 0.7000000000000001 0.1171875 0.134375
4 0.1390625 0.6335937500000001 0.08750000000000001 0.0671875
5 0.09765625 0.596875 0.1484375 0.09375
3 0.01953125 0.32890625 0.035937500000000004 0.0390625
4 0.1046875 0.32109375 0.040625 0.045312500000000006
1 0.060937500000000006 0.34296875000000004 0.015625 0.0171875
3 0.5515625000000001 0.25 0.06875 0.025
8 0.6796875 0.31093750000000003 0.15937500000000002 0.065625
8 0.6390625000000001 0.22578125000000002 0.096875 0.07968750000000001
4 0.6117187500000001 0.11406250000000001 0.0328125 0.025
3 0.6414062500000001 0.11484375000000001 0.029687500000000002 0.0234375
