4 0.36328125 0.73828125 0.2484375 0.15781250000000002
0 0.25703125 0.7546875000000001 0.0328125 0.08125
0 0.22265625 0.7609375 0.029687500000000002 0.06875
0 0.19375 0.8132812500000001 0.028125 0.0703125
3 0.43281250000000004 0.61640625 0.21875 0.1046875
3 0.52265625 0.5320312500000001 0.22968750000000002 0.1015625
3 0.50390625 0.41015625 0.22031250000000002 0.060937500000000006
3 0.32343750000000004 0.41718750000000004 0.12812500000000002 0.14375000000000002
3 0.5710937500000001 0.21640625000000002 0.1453125 0.0578125
3 0.94921875 0.18984375 0.06406250000000001 0.0578125
3 0.859375 0.16328125000000002 0.09062500000000001 0.0390625
3 0.909375 0.15000000000000002 0.09062500000000001 0.034375
4 0.83125 0.11484375000000001 0.078125 0.0421875
3 0.9734375000000001 0.040625 0.025 0.025
3 0.9640625 0.06953125 0.028125 0.026562500000000003
1 0.9500000000000001 0.0328125 0.009375000000000001 0.015625
2 0.9500000000000001 0.04296875 0.009375000000000001 0.0171875
4 0.45625000000000004 0.10390625 0.09062500000000001 0.0390625
9 0.61875 0.08203125 0.078125 0.0390625
