3 0.13593750000000002 0.57734375 0.25 0.1203125
3 0.4265625 0.49609375 0.125 0.09843750000000001
0 0.4734375 0.49609375 0.028125 0.06406250000000001
0 0.32734375000000004 0.48750000000000004 0.026562500000000003 0.065625
0 0.24453125 0.3765625 0.026562500000000003 0.046875
0 0.01953125 0.9539062500000001 0.0328125 0.0859375
3 0.51484375 0.30234375 0.1046875 0.0546875
3 0.8343750000000001 0.12109375 0.034375 0.029687500000000002
0 0.8187500000000001 0.09921875000000001 0.00625 0.0234375
3 0.8578125000000001 0.09531250000000001 0.037500000000000006 0.03125
3 0.8968750000000001 0.0625 0.028125 0.025
3 0.8304687500000001 0.0765625 0.0484375 0.028125
3 0.87265625 0.0578125 0.026562500000000003 0.021875000000000002
3 0.93515625 0.0203125 0.0203125 0.015625
3 0.95859375 0.022656250000000003 0.0203125 0.0171875
3 0.91328125 0.30000000000000004 0.0578125 0.05625
9 0.90625 0.19609375 0.015625 0.0234375
1 0.9046875000000001 0.1875 0.0125 0.025
0 0.9242187500000001 0.17265625 0.0171875 0.0328125
9 0.9296875 0.1765625 0.009375000000000001 0.025
6 0.3359375 0.38984375000000004 0.053125000000000006 0.0421875
