3 0.246875 0.8718750000000001 0.09062500000000001 0.1125
3 0.38046875 0.89609375 0.1390625 0.0703125
0 0.41328125000000004 0.83984375 0.0203125 0.0421875
4 0.20625000000000002 0.6976562500000001 0.07500000000000001 0.0765625
9 0.3328125 0.71875 0.046875 0.034375
4 0.30390625000000004 0.6515625 0.1078125 0.0625
9 0.03671875 0.5085937500000001 0.0203125 0.0328125
1 0.034375 0.49609375 0.018750000000000003 0.026562500000000003
9 0.31015625 0.6039062500000001 0.026562500000000003 0.029687500000000002
4 0.2265625 0.5359375000000001 0.08750000000000001 0.053125000000000006
4 0.21406250000000002 0.4703125 0.09375 0.05
3 0.1875 0.43281250000000004 0.09062500000000001 0.043750000000000004
3 0.171875 0.41718750000000004 0.06875 0.040625
0 0.07421875 0.40625 0.0140625 0.03125
0 0.08984375 0.40625 0.0171875 0.03125
3 0.12265625000000001 0.39765625000000004 0.0921875 0.0390625
4 0.07187500000000001 0.35078125000000004 0.043750000000000004 0.0546875
4 0.0765625 0.3203125 0.0625 0.040625
3 0.10703125000000001 0.30390625000000004 0.06406250000000001 0.0328125
6 0.07890625000000001 0.265625 0.0421875 0.025
0 0.01015625 0.23203125000000002 0.010937500000000001 0.0234375
0 0.05078125 0.23750000000000002 0.010937500000000001 0.025
0 0.03125 0.225 0.009375000000000001 0.025
0 0.018750000000000003 0.2171875 0.009375000000000001 0.025
0 0.04609375 0.2171875 0.010937500000000001 0.025
3 0.078125 0.22734375 0.065625 0.026562500000000003
0 0.0125 0.16171875000000002 0.009375000000000001 0.0203125
3 0.06171875 0.14140625 0.0578125 0.026562500000000003
4 0.010937500000000001 0.09453125000000001 0.021875000000000002 0.026562500000000003
3 0.0390625 0.06484375 0.043750000000000004 0.0171875
