3 0.6453125000000001 0.66171875 0.12187500000000001 0.051562500000000004
8 0.79609375 0.47734375 0.2015625 0.0734375
0 0.690625 0.6375000000000001 0.0125 0.040625
0 0.62890625 0.6359375 0.010937500000000001 0.05
0 0.6179687500000001 0.6421875 0.0171875 0.043750000000000004
6 0.565625 0.6625000000000001 0.078125 0.037500000000000006
5 0.5296875 0.62265625 0.16562500000000002 0.0734375
5 0.5203125000000001 0.6015625 0.184375 0.08125
3 0.07187500000000001 0.4078125 0.028125 0.018750000000000003
5 0.03828125 0.41875 0.0484375 0.043750000000000004
3 0.09062500000000001 0.51328125 0.084375 0.029687500000000002
0 0.16953125000000002 0.640625 0.0171875 0.046875
0 0.14140625 0.61875 0.010937500000000001 0.05
0 0.1 0.61484375 0.0125 0.045312500000000006
0 0.00625 0.58984375 0.0125 0.0421875
