3 0.9375 0.14453125 0.09062500000000001 0.0765625
4 0.48515625 0.23515625 0.08281250000000001 0.1296875
4 0.60859375 0.23671875 0.07968750000000001 0.1078125
1 0.36250000000000004 0.32343750000000004 0.034375 0.078125
1 0.0421875 0.953125 0.05625 0.07187500000000001
9 0.36328125 0.34375 0.0484375 0.06875
0 0.29453125 0.07968750000000001 0.029687500000000002 0.05625
0 0.38515625000000003 0.1765625 0.035937500000000004 0.065625
0 0.4109375 0.17343750000000002 0.03125 0.078125
3 0.5945312500000001 0.12734375 0.09531250000000001 0.09843750000000001
3 0.596875 0.034375 0.06875 0.0625
3 0.484375 0.10312500000000001 0.09062500000000001 0.07500000000000001
