1 0.15078125 0.85078125 0.0921875 0.2171875
3 0.3359375 0.6976562500000001 0.215625 0.1921875
3 0.278125 0.578125 0.19687500000000002 0.1625
3 0.2390625 0.5007812500000001 0.14375000000000002 0.09531250000000001
3 0.2109375 0.45703125 0.12812500000000002 0.09843750000000001
3 0.19375 0.41718750000000004 0.109375 0.078125
3 0.18828125 0.37812500000000004 0.0890625 0.0625
3 0.15078125 0.32578125 0.0703125 0.0578125
3 0.04609375 0.30781250000000004 0.0671875 0.059375000000000004
2 0.06640625 0.37890625 0.029687500000000002 0.0546875
1 0.06796875000000001 0.35859375000000004 0.026562500000000003 0.06406250000000001
9 0.1 0.29531250000000003 0.025 0.034375
1 0.1 0.28828125 0.021875000000000002 0.0421875
2 0.10390625 0.37109375 0.0234375 0.0546875
1 0.10625000000000001 0.35390625000000003 0.025 0.06406250000000001
2 0.09843750000000001 0.3375 0.025 0.040625
1 0.1 0.32265625000000003 0.018750000000000003 0.0328125
