5 0.8390625 0.634375 0.27187500000000003 0.421875
9 0.6046875 0.32578125 0.018750000000000003 0.0390625
0 0.60703125 0.3171875 0.0203125 0.03125
5 0.60859375 0.1296875 0.0890625 0.109375
3 0.5750000000000001 0.026562500000000003 0.037500000000000006 0.034375
4 0.37109375 0.10390625 0.0421875 0.0546875
3 0.17734375000000002 0.86328125 0.07968750000000001 0.1609375
3 0.1953125 0.6960937500000001 0.078125 0.1328125
3 0.41640625000000003 0.6859375000000001 0.0765625 0.1125
3 0.325 0.48359375000000004 0.0625 0.08281250000000001
3 0.43281250000000004 0.46640625 0.0625 0.0890625
5 0.32578125 0.21796875000000002 0.0421875 0.0671875
3 0.18046875 0.1265625 0.0421875 0.05
