0 0.08359375000000001 0.5765625 0.0140625 0.040625
0 0.096875 0.5789062500000001 0.015625 0.035937500000000004
0 0.10078125 0.6234375000000001 0.0171875 0.037500000000000006
0 0.11015625000000001 0.62265625 0.0140625 0.0421875
0 0.18515625000000002 0.6875 0.0203125 0.043750000000000004
4 0.096875 0.8 0.1625 0.065625
3 0.11796875000000001 0.815625 0.17343750000000002 0.0625
3 0.11171875 0.84140625 0.15781250000000002 0.06406250000000001
3 0.1453125 0.8578125000000001 0.15937500000000002 0.0625
3 0.1609375 0.890625 0.17500000000000002 0.06875
3 0.20390625 0.92890625 0.1953125 0.0734375
3 0.2546875 0.9593750000000001 0.171875 0.07500000000000001
0 0.3015625 0.8390625 0.021875000000000002 0.0625
0 0.309375 0.8484375000000001 0.025 0.0625
0 0.33671875 0.8445312500000001 0.0234375 0.0578125
0 0.3125 0.7976562500000001 0.021875000000000002 0.060937500000000006
0 0.32578125 0.7984375 0.0171875 0.053125000000000006
0 0.45937500000000003 0.77109375 0.021875000000000002 0.0546875
3 0.9015625 0.92890625 0.109375 0.0921875
0 0.753125 0.8625 0.03125 0.053125000000000006
0 0.7289062500000001 0.8640625000000001 0.0203125 0.0625
0 0.7234375000000001 0.8625 0.034375 0.059375000000000004
0 0.51875 0.9500000000000001 0.03125 0.06875
0 0.56796875 0.96484375 0.0328125 0.0671875
0 0.5789062500000001 0.9328125 0.0328125 0.0625
0 0.59765625 0.95703125 0.029687500000000002 0.0671875
0 0.63671875 0.9437500000000001 0.0328125 0.065625
