4 0.28359375000000003 0.89375 0.09531250000000001 0.096875
5 0.6828125 0.759375 0.096875 0.153125
3 0.44140625 0.58515625 0.0421875 0.0390625
3 0.65546875 0.61328125 0.0390625 0.0328125
3 0.60078125 0.53046875 0.0328125 0.0328125
3 0.65546875 0.546875 0.0328125 0.028125
3 0.540625 0.5 0.028125 0.025
3 0.46953125 0.51171875 0.06406250000000001 0.0234375
1 0.3984375 0.5109375 0.009375000000000001 0.018750000000000003
1 0.415625 0.5109375 0.009375000000000001 0.021875000000000002
5 0.125 0.5015625 0.12812500000000002 0.05625
0 0.10625000000000001 0.51953125 0.0125 0.026562500000000003
4 0.19375 0.5125000000000001 0.05625 0.028125
3 0.33125000000000004 0.5109375 0.053125000000000006 0.021875000000000002
5 0.37421875000000004 0.48750000000000004 0.07968750000000001 0.040625
9 0.7039062500000001 0.5046875000000001 0.010937500000000001 0.021875000000000002
1 0.7039062500000001 0.5007812500000001 0.0078125 0.0171875
3 0.46015625000000004 0.48203125 0.0421875 0.0234375
3 0.5203125000000001 0.47500000000000003 0.025 0.021875000000000002
3 0.5593750000000001 0.45625000000000004 0.021875000000000002 0.021875000000000002
3 0.640625 0.4453125 0.018750000000000003 0.015625
0 0.7265625 0.4546875 0.00625 0.021875000000000002
9 0.6742187500000001 0.4375 0.004687500000000001 0.0125
1 0.6742187500000001 0.43359375 0.004687500000000001 0.010937500000000001
4 0.6953125 0.43046875 0.018750000000000003 0.0234375
3 0.6492187500000001 0.415625 0.0171875 0.015625
3 0.5109375 0.41875 0.021875000000000002 0.015625
4 0.55390625 0.4078125 0.0140625 0.021875000000000002
3 0.5484375 0.3953125 0.0125 0.0125
3 0.53359375 0.38046875 0.0140625 0.010937500000000001
3 0.64765625 0.40078125000000003 0.0140625 0.010937500000000001
3 0.6101562500000001 0.37734375000000003 0.010937500000000001 0.010937500000000001
3 0.6421875 0.38125000000000003 0.0125 0.009375000000000001
3 0.63671875 0.3765625 0.010937500000000001 0.009375000000000001
3 0.63828125 0.39140625 0.0140625 0.010937500000000001
3 0.6796875 0.3765625 0.0125 0.009375000000000001
