3 0.06796875000000001 0.753125 0.1015625 0.15625
3 0.3296875 0.25625000000000003 0.078125 0.059375000000000004
3 0.19296875000000002 0.03828125 0.0328125 0.0328125
0 0.26406250000000003 0.0625 0.009375000000000001 0.025
0 0.18515625000000002 0.1703125 0.0140625 0.034375
0 0.43046875 0.43046875 0.026562500000000003 0.06406250000000001
2 0.503125 0.79609375 0.05 0.07968750000000001
0 0.5085937500000001 0.77265625 0.0421875 0.09843750000000001
9 0.71484375 0.86875 0.1046875 0.05
0 0.71796875 0.846875 0.060937500000000006 0.07187500000000001
0 0.9 0.91015625 0.043750000000000004 0.1046875
