9 0.09921875000000001 0.78828125 0.06406250000000001 0.09843750000000001
9 0.030468750000000003 0.7585937500000001 0.0578125 0.051562500000000004
1 0.10703125000000001 0.5765625 0.0484375 0.06875
6 0.1171875 0.6257812500000001 0.22812500000000002 0.1296875
0 0.0671875 0.5554687500000001 0.046875 0.0734375
1 0.11015625000000001 0.5015625 0.0421875 0.037500000000000006
0 0.134375 0.44062500000000004 0.03125 0.06875
1 0.09765625 0.44375000000000003 0.0390625 0.046875
1 0.08750000000000001 0.43515625 0.046875 0.045312500000000006
1 0.09921875000000001 0.42578125 0.0484375 0.0390625
9 0.20234375000000002 0.4609375 0.0328125 0.0625
9 0.21406250000000002 0.37812500000000004 0.0625 0.046875
0 0.296875 0.51875 0.034375 0.046875
9 0.28671875 0.246875 0.0546875 0.034375
9 0.30312500000000003 0.2328125 0.046875 0.034375
0 0.26015625000000003 0.13359375 0.0328125 0.0421875
0 0.28046875 0.1234375 0.026562500000000003 0.046875
3 0.36875 0.18906250000000002 0.10625000000000001 0.053125000000000006
3 0.41015625 0.12734375 0.09531250000000001 0.0390625
3 0.5390625 0.22421875000000002 0.109375 0.060937500000000006
1 0.6414062500000001 0.9 0.051562500000000004 0.096875
1 0.7125 0.76328125 0.043750000000000004 0.0734375
1 0.43515625 0.665625 0.0421875 0.07187500000000001
9 0.37265625 0.8390625 0.0890625 0.07187500000000001
9 0.35000000000000003 0.8210937500000001 0.1 0.0578125
9 0.45625000000000004 0.80625 0.09375 0.059375000000000004
9 0.4625 0.753125 0.09375 0.059375000000000004
9 0.41250000000000003 0.78125 0.09062500000000001 0.0625
9 0.41718750000000004 0.6585937500000001 0.07500000000000001 0.051562500000000004
9 0.5710937500000001 0.6140625000000001 0.0421875 0.06875
2 0.41953125 0.40078125000000003 0.0328125 0.06406250000000001
2 0.478125 0.4078125 0.034375 0.0625
9 0.48515625 0.35781250000000003 0.0546875 0.043750000000000004
0 0.3359375 0.33125000000000004 0.03125 0.059375000000000004
0 0.31875000000000003 0.33437500000000003 0.021875000000000002 0.043750000000000004
3 0.784375 0.43125 0.1 0.125
3 0.7523437500000001 0.32265625000000003 0.0703125 0.0765625
3 0.62421875 0.515625 0.1703125 0.125
3 0.5796875 0.45937500000000003 0.084375 0.1
3 0.571875 0.37890625 0.084375 0.0890625
3 0.5765625 0.30390625000000004 0.06875 0.0734375
3 0.5859375 0.19296875000000002 0.05625 0.051562500000000004
3 0.8640625000000001 0.61484375 0.1125 0.1390625
1 0.6703125000000001 0.40156250000000004 0.037500000000000006 0.059375000000000004
1 0.9703125 0.31640625 0.03125 0.051562500000000004
1 0.9046875000000001 0.26406250000000003 0.025 0.040625
1 0.8679687500000001 0.21328125 0.026562500000000003 0.045312500000000006
1 0.82734375 0.178125 0.0234375 0.040625
1 0.83125 0.25625000000000003 0.025 0.034375
1 0.6609375000000001 0.2109375 0.018750000000000003 0.034375
1 0.6335937500000001 0.19687500000000002 0.0203125 0.034375
1 0.6484375 0.1203125 0.018750000000000003 0.034375
3 0.69140625 0.09921875000000001 0.0484375 0.0484375
3 0.878125 0.15000000000000002 0.053125000000000006 0.046875
9 0.66015625 0.2265625 0.0203125 0.034375
9 0.67109375 0.41718750000000004 0.0328125 0.05
9 0.7125 0.79453125 0.043750000000000004 0.06406250000000001
9 0.64609375 0.9398437500000001 0.0578125 0.0890625
9 0.90625 0.278125 0.021875000000000002 0.040625
9 0.8296875 0.27265625 0.021875000000000002 0.0328125
9 0.8671875 0.22968750000000002 0.021875000000000002 0.034375
9 0.8304687500000001 0.1953125 0.0203125 0.028125
1 0.915625 0.35546875 0.03125 0.0421875
1 0.90390625 0.3515625 0.0328125 0.040625
6 0.91171875 0.37265625 0.0578125 0.0671875
4 0.721875 0.19765625 0.05625 0.0671875
3 0.5789062500000001 0.08984375 0.0578125 0.045312500000000006
4 0.64453125 0.040625 0.0390625 0.05
3 0.8375 0.09140625000000001 0.046875 0.0421875
3 0.81796875 0.06406250000000001 0.045312500000000006 0.034375
3 0.81015625 0.05078125 0.0484375 0.0328125
3 0.7765625 0.01953125 0.043750000000000004 0.035937500000000004
0 0.7765625 0.06015625 0.015625 0.0328125
2 0.96640625 0.33046875000000003 0.0203125 0.0484375
