0 0.10390625 0.36796875 0.010937500000000001 0.0171875
3 0.057031250000000006 0.265625 0.08281250000000001 0.043750000000000004
9 0.11953125 0.17265625 0.010937500000000001 0.026562500000000003
5 0.4265625 0.80625 0.05 0.109375
3 0.36640625000000004 0.60546875 0.0421875 0.0859375
3 0.64765625 0.6078125000000001 0.0703125 0.05625
3 0.7265625 0.6734375 0.046875 0.078125
6 0.75703125 0.62890625 0.0421875 0.0390625
3 0.9546875 0.71484375 0.037500000000000006 0.07968750000000001
0 0.696875 0.5554687500000001 0.015625 0.010937500000000001
0 0.68125 0.53125 0.018750000000000003 0.009375000000000001
3 0.690625 0.39296875000000003 0.059375000000000004 0.0328125
4 0.5320312500000001 0.38203125000000004 0.0671875 0.0328125
3 0.384375 0.4140625 0.03125 0.05625
7 0.4734375 0.46484375 0.03125 0.0671875
3 0.38828125 0.21328125 0.0484375 0.06406250000000001
4 0.45078125 0.10234375000000001 0.035937500000000004 0.0890625
3 0.40078125000000003 0.04296875 0.0328125 0.0734375
