3 0.05625 0.6828125 0.078125 0.05
3 0.06406250000000001 0.7601562500000001 0.084375 0.0578125
3 0.05078125 0.34218750000000003 0.0921875 0.059375000000000004
3 0.06406250000000001 0.5078125 0.09375 0.040625
3 0.04453125 0.0765625 0.07968750000000001 0.043750000000000004
3 0.496875 0.371875 0.084375 0.043750000000000004
3 0.48984375 0.421875 0.07968750000000001 0.043750000000000004
3 0.48750000000000004 0.55625 0.084375 0.040625
3 0.609375 0.38125000000000003 0.043750000000000004 0.078125
3 0.6570312500000001 0.38203125000000004 0.045312500000000006 0.0765625
3 0.7468750000000001 0.3953125 0.046875 0.084375
3 0.7921875 0.3875 0.040625 0.078125
3 0.84296875 0.38046875 0.0421875 0.0859375
3 0.9515625000000001 0.38828125 0.043750000000000004 0.07968750000000001
3 0.5828125000000001 0.6046875 0.043750000000000004 0.07500000000000001
3 0.6359375 0.59765625 0.043750000000000004 0.0734375
3 0.72578125 0.5859375 0.0421875 0.07500000000000001
9 0.853125 0.6023437500000001 0.021875000000000002 0.0390625
5 0.7781250000000001 0.5828125000000001 0.043750000000000004 0.08125
4 0.58359375 0.49453125000000003 0.0734375 0.035937500000000004
4 0.68515625 0.59375 0.0421875 0.065625
9 0.010937500000000001 0.775 0.015625 0.040625
