5 0.2703125 0.4 0.14375000000000002 0.178125
5 0.0234375 0.14609375 0.03125 0.035937500000000004
4 0.37812500000000004 0.25078125 0.034375 0.0328125
3 0.30312500000000003 0.26015625000000003 0.037500000000000006 0.026562500000000003
3 0.33515625000000004 0.203125 0.029687500000000002 0.021875000000000002
3 0.2671875 0.23984375000000002 0.03125 0.026562500000000003
3 0.25234375000000003 0.22421875000000002 0.0328125 0.0234375
3 0.234375 0.21484375 0.034375 0.0203125
3 0.21796875000000002 0.20390625 0.029687500000000002 0.0203125
3 0.31328125 0.240625 0.0328125 0.021875000000000002
3 0.290625 0.22734375 0.03125 0.0234375
3 0.275 0.21250000000000002 0.03125 0.018750000000000003
3 0.32265625000000003 0.22031250000000002 0.029687500000000002 0.018750000000000003
3 0.29765625 0.20468750000000002 0.029687500000000002 0.018750000000000003
3 0.09453125000000001 0.14375000000000002 0.0203125 0.015625
3 0.20390625 0.19140625 0.026562500000000003 0.0203125
3 0.19453125000000002 0.17890625000000002 0.029687500000000002 0.0203125
3 0.18359375 0.17109375000000002 0.029687500000000002 0.0203125
4 0.17421875 0.1609375 0.029687500000000002 0.025
3 0.1640625 0.153125 0.03125 0.018750000000000003
4 0.13671875 0.1421875 0.0203125 0.015625
3 0.27890625 0.2109375 0.026562500000000003 0.018750000000000003
3 0.25625000000000003 0.20390625 0.028125 0.0171875
3 0.24453125 0.19140625 0.026562500000000003 0.0171875
3 0.23046875 0.18359375 0.026562500000000003 0.0171875
3 0.21953125 0.17734375000000002 0.026562500000000003 0.0171875
3 0.20703125 0.16484375 0.026562500000000003 0.0171875
3 0.18906250000000002 0.15546875000000002 0.028125 0.0171875
3 0.28046875 0.19609375 0.026562500000000003 0.0171875
3 0.26953125 0.18828125 0.026562500000000003 0.0171875
3 0.253125 0.17890625000000002 0.025 0.0171875
3 0.24453125 0.1703125 0.026562500000000003 0.015625
3 0.23359375000000002 0.16484375 0.026562500000000003 0.0171875
3 0.20468750000000002 0.15390625000000002 0.025 0.0171875
3 0.1625 0.14296875 0.021875000000000002 0.0078125
3 0.15625 0.1375 0.021875000000000002 0.009375000000000001
4 0.18906250000000002 0.14140625 0.025 0.0171875
4 0.29375 0.17578125 0.025 0.0171875
4 0.27890625 0.17109375000000002 0.026562500000000003 0.0171875
4 0.30781250000000004 0.1609375 0.021875000000000002 0.015625
4 0.2703125 0.15703125 0.021875000000000002 0.0140625
5 0.32265625000000003 0.18203125 0.0390625 0.0328125
5 0.34375 0.16484375 0.046875 0.051562500000000004
5 0.403125 0.17890625000000002 0.037500000000000006 0.045312500000000006
5 0.37421875000000004 0.16171875000000002 0.0421875 0.0484375
5 0.3375 0.13046875 0.046875 0.0328125
5 0.30312500000000003 0.1234375 0.018750000000000003 0.025
5 0.2765625 0.11640625 0.018750000000000003 0.0234375
5 0.23593750000000002 0.11406250000000001 0.028125 0.025
5 0.2015625 0.11406250000000001 0.03125 0.03125
5 0.24531250000000002 0.140625 0.059375000000000004 0.034375
3 0.0171875 0.10234375000000001 0.015625 0.0140625
