0 0.9859375 0.7820312500000001 0.028125 0.0703125
9 0.56875 0.86640625 0.084375 0.0671875
9 0.2765625 0.6843750000000001 0.07500000000000001 0.043750000000000004
0 0.36640625000000004 0.53671875 0.0203125 0.0484375
0 0.33359375 0.53125 0.026562500000000003 0.05625
0 0.184375 0.59375 0.021875000000000002 0.065625
0 0.17578125 0.55625 0.0171875 0.046875
0 0.17421875 0.5867187500000001 0.0203125 0.0390625
9 0.035937500000000004 0.6117187500000001 0.037500000000000006 0.051562500000000004
1 0.035937500000000004 0.5921875 0.03125 0.05625
9 0.15390625000000002 0.47500000000000003 0.0421875 0.05
9 0.12578125 0.45234375000000004 0.051562500000000004 0.0390625
9 0.09140625000000001 0.42734375 0.0484375 0.0328125
9 0.039843750000000004 0.5078125 0.0578125 0.040625
