3 0.8539062500000001 0.571875 0.07968750000000001 0.09375
3 0.859375 0.340625 0.1125 0.040625
3 0.2328125 0.36250000000000004 0.12812500000000002 0.05
3 0.9695312500000001 0.26406250000000003 0.0390625 0.043750000000000004
3 0.2421875 0.31640625 0.10625000000000001 0.0390625
0 0.49921875000000004 0.2921875 0.010937500000000001 0.034375
0 0.525 0.2921875 0.015625 0.034375
4 0.5281250000000001 0.25546875 0.09375 0.0421875
0 0.7585937500000001 0.22812500000000002 0.0078125 0.025
0 0.7484375000000001 0.22968750000000002 0.009375000000000001 0.028125
0 0.7328125000000001 0.22421875000000002 0.009375000000000001 0.0234375
9 0.728125 0.2328125 0.015625 0.021875000000000002
3 0.7578125 0.20390625 0.037500000000000006 0.035937500000000004
3 0.8265625000000001 0.13125 0.03125 0.025
3 0.9085937500000001 0.2609375 0.0421875 0.040625
3 0.87890625 0.23828125 0.0421875 0.0421875
3 0.93125 0.20859375000000002 0.034375 0.035937500000000004
3 0.95078125 0.1453125 0.029687500000000002 0.025
3 0.9828125000000001 0.23046875 0.034375 0.035937500000000004
6 0.9796875 0.1015625 0.015625 0.021875000000000002
3 0.8523437500000001 0.10703125000000001 0.0234375 0.0234375
5 0.86484375 0.08984375 0.035937500000000004 0.026562500000000003
0 0.99375 0.03671875 0.00625 0.010937500000000001
9 0.99140625 0.039843750000000004 0.010937500000000001 0.010937500000000001
0 0.9734375000000001 0.057031250000000006 0.00625 0.0140625
9 0.97421875 0.06015625 0.010937500000000001 0.0140625
0 0.93359375 0.03359375 0.004687500000000001 0.0171875
0 0.9109375000000001 0.03828125 0.00625 0.0171875
0 0.89765625 0.0578125 0.0078125 0.015625
0 0.9398437500000001 0.15937500000000002 0.0078125 0.018750000000000003
3 0.9398437500000001 0.16718750000000002 0.010937500000000001 0.018750000000000003
9 0.8703125 0.39687500000000003 0.046875 0.025
0 0.8671875 0.38671875 0.025 0.0390625
0 0.8500000000000001 0.45156250000000003 0.015625 0.046875
0 0.26484375 0.43671875000000004 0.0234375 0.0484375
