3 0.6664062500000001 0.8921875 0.1203125 0.12187500000000001
3 0.59296875 0.7820312500000001 0.11093750000000001 0.1015625
3 0.4296875 0.80390625 0.10625000000000001 0.1171875
3 0.38515625000000003 0.6976562500000001 0.0890625 0.08281250000000001
3 0.52578125 0.68359375 0.0921875 0.0890625
3 0.35546875 0.6023437500000001 0.0765625 0.0671875
4 0.50234375 0.59296875 0.0921875 0.0890625
3 0.45234375000000004 0.52734375 0.0703125 0.0578125
3 0.33125000000000004 0.5320312500000001 0.07500000000000001 0.0671875
5 0.4296875 0.44765625000000003 0.08750000000000001 0.1015625
3 0.38984375000000004 0.42109375000000004 0.0578125 0.0421875
3 0.29765625 0.46406250000000004 0.06406250000000001 0.053125000000000006
3 0.2890625 0.41015625 0.059375000000000004 0.045312500000000006
3 0.253125 0.35468750000000004 0.059375000000000004 0.05
3 0.31171875000000004 0.30859375 0.0421875 0.035937500000000004
5 0.3453125 0.34296875000000004 0.07500000000000001 0.08281250000000001
3 0.2265625 0.29921875000000003 0.046875 0.0421875
3 0.20390625 0.24765625000000002 0.0421875 0.0328125
3 0.26406250000000003 0.23046875 0.037500000000000006 0.0328125
4 0.2765625 0.26328125 0.037500000000000006 0.0390625
5 0.23671875 0.17734375000000002 0.0703125 0.0890625
3 0.17890625000000002 0.171875 0.0328125 0.025
8 0.15390625000000002 0.125 0.0484375 0.059375000000000004
5 0.1875 0.08984375 0.034375 0.0390625
8 0.134375 0.0859375 0.037500000000000006 0.043750000000000004
3 0.13125 0.06015625 0.021875000000000002 0.0171875
3 0.12812500000000002 0.049218750000000006 0.021875000000000002 0.0171875
3 0.12734375 0.029687500000000002 0.0203125 0.015625
3 0.12812500000000002 0.034375 0.015625 0.018750000000000003
8 0.12421875 0.0140625 0.026562500000000003 0.025
3 0.16171875000000002 0.0078125 0.0234375 0.0125
3 0.17343750000000002 0.07734375 0.021875000000000002 0.0171875
3 0.1703125 0.06796875000000001 0.021875000000000002 0.0171875
3 0.16953125000000002 0.05859375 0.0203125 0.0171875
4 0.16640625 0.049218750000000006 0.0171875 0.0171875
3 0.1609375 0.04453125 0.018750000000000003 0.0171875
3 0.16328125000000002 0.034375 0.0203125 0.015625
3 0.16171875000000002 0.0171875 0.0203125 0.015625
4 0.16015625 0.025781250000000002 0.0203125 0.0171875
