1 0.36796875 0.66953125 0.010937500000000001 0.0234375
1 0.35625 0.6664062500000001 0.015625 0.0234375
1 0.4140625 0.5609375 0.0125 0.025
1 0.22968750000000002 0.51796875 0.009375000000000001 0.0171875
1 0.23984375000000002 0.5171875 0.010937500000000001 0.015625
1 0.30312500000000003 0.47265625 0.0125 0.0171875
1 0.31875000000000003 0.47734375 0.009375000000000001 0.0140625
1 0.52265625 0.521875 0.0078125 0.0125
1 0.5320312500000001 0.52265625 0.010937500000000001 0.010937500000000001
1 0.58203125 0.5078125 0.010937500000000001 0.015625
0 0.5242187500000001 0.46718750000000003 0.010937500000000001 0.03125
0 0.6109375 0.4234375 0.009375000000000001 0.025
0 0.6023437500000001 0.41875 0.010937500000000001 0.025
0 0.5796875 0.415625 0.009375000000000001 0.021875000000000002
0 0.57265625 0.4140625 0.0078125 0.025
0 0.6062500000000001 0.3984375 0.00625 0.018750000000000003
0 0.625 0.41250000000000003 0.00625 0.015625
0 0.64453125 0.384375 0.0078125 0.015625
0 0.59140625 0.37890625 0.0078125 0.0234375
0 0.59375 0.36562500000000003 0.009375000000000001 0.018750000000000003
0 0.57578125 0.36484375 0.0078125 0.0234375
0 0.546875 0.3765625 0.00625 0.018750000000000003
0 0.53515625 0.37421875000000004 0.0078125 0.0203125
0 0.534375 0.36015625 0.00625 0.0171875
0 0.52890625 0.3609375 0.004687500000000001 0.018750000000000003
0 0.5085937500000001 0.38906250000000003 0.0078125 0.021875000000000002
0 0.5078125 0.36640625000000004 0.00625 0.0203125
0 0.4890625 0.36953125000000003 0.00625 0.0234375
0 0.50625 0.34687500000000004 0.00625 0.015625
0 0.4609375 0.36171875000000003 0.009375000000000001 0.0203125
0 0.434375 0.3609375 0.009375000000000001 0.018750000000000003
0 0.35078125000000004 0.3875 0.004687500000000001 0.021875000000000002
0 0.328125 0.4265625 0.00625 0.03125
0 0.3515625 0.4140625 0.009375000000000001 0.028125
0 0.3671875 0.42109375000000004 0.009375000000000001 0.026562500000000003
0 0.37734375000000003 0.41796875 0.010937500000000001 0.029687500000000002
0 0.384375 0.41484375 0.00625 0.026562500000000003
0 0.49375 0.40859375000000003 0.009375000000000001 0.0234375
0 0.46875 0.41015625 0.009375000000000001 0.0234375
0 0.46640625 0.41171875 0.010937500000000001 0.026562500000000003
0 0.45859375 0.41484375 0.0078125 0.0234375
0 0.446875 0.42031250000000003 0.00625 0.015625
0 0.3640625 0.35468750000000004 0.00625 0.018750000000000003
0 0.3359375 0.35703125 0.00625 0.0203125
0 0.38593750000000004 0.37890625 0.009375000000000001 0.0234375
0 0.4 0.37734375000000003 0.00625 0.0171875
0 0.41015625 0.37812500000000004 0.010937500000000001 0.018750000000000003
3 0.9765625 0.37812500000000004 0.034375 0.018750000000000003
4 0.97265625 0.3640625 0.026562500000000003 0.018750000000000003
3 0.9453125 0.37031250000000004 0.025 0.015625
3 0.9015625 0.3671875 0.040625 0.018750000000000003
3 0.8609375 0.36484375 0.037500000000000006 0.0140625
3 0.8140625 0.36328125 0.028125 0.0171875
3 0.78828125 0.359375 0.0328125 0.015625
3 0.7523437500000001 0.35703125 0.026562500000000003 0.0140625
3 0.7265625 0.35546875 0.021875000000000002 0.0171875
3 0.6820312500000001 0.35390625000000003 0.026562500000000003 0.0171875
3 0.64609375 0.36328125 0.0234375 0.0171875
3 0.6156250000000001 0.36250000000000004 0.021875000000000002 0.018750000000000003
4 0.58828125 0.35859375000000004 0.026562500000000003 0.0234375
3 0.5593750000000001 0.36250000000000004 0.018750000000000003 0.015625
3 0.5546875 0.353125 0.03125 0.015625
3 0.5320312500000001 0.35078125000000004 0.0328125 0.0171875
3 0.8984375 0.33359375 0.021875000000000002 0.0140625
3 0.93515625 0.32343750000000004 0.0328125 0.015625
3 0.9703125 0.32265625000000003 0.0125 0.0171875
3 0.86328125 0.31875000000000003 0.0328125 0.015625
3 0.6328125 0.32343750000000004 0.028125 0.015625
4 0.5859375 0.328125 0.043750000000000004 0.015625
3 0.53046875 0.325 0.0328125 0.0125
3 0.47578125000000004 0.35546875 0.0203125 0.0171875
3 0.44609375 0.35546875 0.0203125 0.0171875
3 0.49843750000000003 0.34765625 0.025 0.0234375
4 0.46328125000000003 0.34609375000000003 0.0328125 0.0140625
3 0.42812500000000003 0.34296875000000004 0.03125 0.0171875
4 0.41250000000000003 0.3515625 0.021875000000000002 0.018750000000000003
3 0.3875 0.353125 0.015625 0.015625
3 0.40078125000000003 0.340625 0.0328125 0.015625
3 0.38125000000000003 0.340625 0.021875000000000002 0.0125
3 0.34765625 0.3484375 0.0203125 0.015625
3 0.33125000000000004 0.34375 0.015625 0.0125
3 0.33984375 0.3359375 0.026562500000000003 0.009375000000000001
3 0.45703125 0.32578125 0.0421875 0.0140625
3 0.37265625 0.32109375 0.0328125 0.0140625
3 0.31640625 0.3203125 0.0328125 0.0125
3 0.24765625000000002 0.3171875 0.026562500000000003 0.015625
3 0.30859375 0.33828125000000003 0.026562500000000003 0.0140625
3 0.30546875 0.34687500000000004 0.0171875 0.015625
3 0.28046875 0.34921875 0.0171875 0.0203125
3 0.284375 0.33515625000000004 0.015625 0.0140625
3 0.2703125 0.33515625000000004 0.021875000000000002 0.0140625
3 0.26328125 0.34140625 0.0234375 0.0140625
3 0.25703125 0.34453125 0.0203125 0.0171875
3 0.23750000000000002 0.35078125000000004 0.021875000000000002 0.0171875
3 0.21484375 0.353125 0.026562500000000003 0.018750000000000003
3 0.2265625 0.34687500000000004 0.018750000000000003 0.015625
4 0.2390625 0.33984375 0.015625 0.0171875
3 0.24296875 0.3328125 0.0171875 0.015625
3 0.1875 0.35078125000000004 0.03125 0.0171875
3 0.15937500000000002 0.3484375 0.028125 0.018750000000000003
3 0.13125 0.35000000000000003 0.021875000000000002 0.015625
3 0.2109375 0.34140625 0.018750000000000003 0.0171875
3 0.19062500000000002 0.34140625 0.025 0.0171875
3 0.16171875000000002 0.33906250000000004 0.026562500000000003 0.015625
3 0.13671875 0.33515625000000004 0.026562500000000003 0.0140625
3 0.19687500000000002 0.33359375 0.03125 0.0171875
3 0.16796875 0.33046875000000003 0.026562500000000003 0.0234375
3 0.1390625 0.32890625 0.028125 0.0140625
3 0.1078125 0.32890625 0.025 0.010937500000000001
3 0.08203125 0.33203125 0.026562500000000003 0.0140625
3 0.060937500000000006 0.33359375 0.037500000000000006 0.0171875
3 0.0484375 0.340625 0.015625 0.018750000000000003
3 0.030468750000000003 0.3375 0.0328125 0.015625
3 0.045312500000000006 0.31093750000000003 0.03125 0.015625
3 0.21250000000000002 0.30078125 0.015625 0.0140625
3 0.13515625 0.30000000000000004 0.0203125 0.0125
3 0.253125 0.29609375 0.021875000000000002 0.010937500000000001
3 0.26640625 0.2921875 0.026562500000000003 0.0125
3 0.278125 0.29296875 0.021875000000000002 0.0078125
3 0.29921875000000003 0.29140625000000003 0.0234375 0.010937500000000001
3 0.31328125 0.28671875 0.0203125 0.010937500000000001
3 0.32421875 0.28828125 0.0203125 0.010937500000000001
3 0.328125 0.28828125 0.03125 0.0140625
3 0.33671875 0.2890625 0.0234375 0.009375000000000001
