0 0.8539062500000001 0.9859375 0.0421875 0.025
1 0.60859375 0.7351562500000001 0.0484375 0.0546875
1 0.925 0.66171875 0.053125000000000006 0.0484375
6 0.9031250000000001 0.7195312500000001 0.1 0.16718750000000002
0 0.7703125000000001 0.521875 0.028125 0.065625
0 0.790625 0.5171875 0.037500000000000006 0.084375
1 0.9382812500000001 0.50390625 0.0421875 0.0546875
2 0.8640625000000001 0.46953125 0.059375000000000004 0.08281250000000001
0 0.8765625 0.3125 0.03125 0.07500000000000001
0 0.8296875 0.25546875 0.03125 0.0671875
3 0.8015625000000001 0.33515625000000004 0.1 0.1953125
9 0.73046875 0.12890625 0.035937500000000004 0.0546875
0 0.7429687500000001 0.11484375000000001 0.029687500000000002 0.0734375
0 0.79453125 0.10312500000000001 0.0171875 0.040625
0 0.95625 0.203125 0.018750000000000003 0.05
0 0.9375 0.14453125 0.021875000000000002 0.0671875
6 0.95234375 0.12734375 0.07968750000000001 0.08281250000000001
0 0.9765625 0.1875 0.021875000000000002 0.0625
0 0.98046875 0.2171875 0.0203125 0.065625
