3 0.503125 0.63203125 0.26875 0.2234375
2 0.146875 0.47265625 0.10625000000000001 0.09531250000000001
2 0.24453125 0.43359375 0.051562500000000004 0.0859375
3 0.58359375 0.49453125000000003 0.1859375 0.1546875
3 0.4453125 0.42500000000000004 0.17500000000000002 0.125
3 0.49765625 0.38046875 0.13593750000000002 0.0890625
3 0.6101562500000001 0.3125 0.0921875 0.06875
0 0.503125 0.29375 0.021875000000000002 0.07187500000000001
1 0.51875 0.29140625000000003 0.025 0.0703125
3 0.6984375 0.42812500000000003 0.146875 0.12812500000000002
3 0.7132812500000001 0.3609375 0.1078125 0.078125
3 0.7296875 0.32578125 0.09375 0.0734375
4 0.74140625 0.29375 0.07968750000000001 0.09062500000000001
3 0.89765625 0.359375 0.11093750000000001 0.09062500000000001
4 0.8578125000000001 0.27421875 0.07187500000000001 0.06406250000000001
3 0.765625 0.2671875 0.0625 0.05
3 0.78828125 0.2421875 0.051562500000000004 0.037500000000000006
3 0.8140625 0.22890625 0.053125000000000006 0.0421875
3 0.86328125 0.24296875 0.051562500000000004 0.035937500000000004
3 0.8671875 0.2171875 0.043750000000000004 0.034375
0 0.7156250000000001 0.23046875 0.0125 0.035937500000000004
3 0.7195312500000001 0.2265625 0.08281250000000001 0.037500000000000006
0 0.8929687500000001 0.1953125 0.0078125 0.03125
3 0.89375 0.18906250000000002 0.028125 0.021875000000000002
3 0.93125 0.20859375000000002 0.043750000000000004 0.0328125
3 0.921875 0.1953125 0.034375 0.03125
1 0.9773437500000001 0.2890625 0.0203125 0.043750000000000004
2 0.9734375000000001 0.31171875000000004 0.018750000000000003 0.0484375
1 0.9515625000000001 0.25859375 0.021875000000000002 0.045312500000000006
2 0.9500000000000001 0.2765625 0.015625 0.037500000000000006
1 0.9234375 0.24375000000000002 0.015625 0.034375
9 0.921875 0.259375 0.0125 0.03125
1 0.93671875 0.23203125000000002 0.0140625 0.029687500000000002
9 0.93671875 0.24453125 0.010937500000000001 0.0328125
1 0.96484375 0.24765625000000002 0.0140625 0.029687500000000002
2 0.9625 0.2625 0.0125 0.03125
