5 0.68671875 0.1875 0.035937500000000004 0.043750000000000004
8 0.7289062500000001 0.37343750000000003 0.0734375 0.08750000000000001
3 0.91953125 0.33359375 0.07968750000000001 0.0328125
3 0.6546875000000001 0.2328125 0.018750000000000003 0.0125
3 0.7093750000000001 0.22812500000000002 0.015625 0.021875000000000002
3 0.48515625 0.31796875 0.0671875 0.0234375
3 0.33359375 0.29375 0.0578125 0.021875000000000002
3 0.07421875 0.3046875 0.0734375 0.025
3 0.08671875000000001 0.28750000000000003 0.0484375 0.025
3 0.19687500000000002 0.30078125 0.059375000000000004 0.0234375
3 0.23125 0.2921875 0.053125000000000006 0.025
9 0.2765625 0.28203125 0.015625 0.0140625
4 0.446875 0.30234375 0.07187500000000001 0.029687500000000002
4 0.49375 0.278125 0.053125000000000006 0.028125
4 0.8718750000000001 0.24140625000000002 0.040625 0.0171875
0 0.32656250000000003 0.55859375 0.00625 0.0390625
3 0.7117187500000001 0.19453125000000002 0.0203125 0.0234375
0 0.74765625 0.20546875 0.0078125 0.0171875
3 0.7914062500000001 0.19843750000000002 0.0203125 0.018750000000000003
3 0.83203125 0.1859375 0.029687500000000002 0.015625
5 0.82421875 0.16171875000000002 0.0765625 0.0390625
3 0.80078125 0.1875 0.0328125 0.018750000000000003
8 0.73359375 0.24375000000000002 0.0328125 0.037500000000000006
