0 0.6875 0.8500000000000001 0.03125 0.0625
0 0.353125 0.55 0.018750000000000003 0.05
0 0.0328125 0.46953125 0.018750000000000003 0.0328125
7 0.02890625 0.4234375 0.035937500000000004 0.046875
7 0.025 0.39296875000000003 0.025 0.035937500000000004
3 0.4546875 0.88984375 0.203125 0.0734375
3 0.4296875 0.84765625 0.178125 0.0546875
4 0.42812500000000003 0.7976562500000001 0.18125000000000002 0.07968750000000001
3 0.42265625 0.77109375 0.17343750000000002 0.060937500000000006
3 0.41171875 0.74140625 0.18281250000000002 0.06406250000000001
4 0.38203125000000004 0.6984375 0.1609375 0.084375
1 0.43359375 0.6687500000000001 0.0171875 0.03125
4 0.8968750000000001 0.9007812500000001 0.16562500000000002 0.0765625
4 0.86484375 0.8640625000000001 0.1765625 0.084375
3 0.8125 0.8375 0.184375 0.065625
3 0.7921875 0.80625 0.16875 0.053125000000000006
3 0.8031250000000001 0.784375 0.17500000000000002 0.059375000000000004
3 0.7679687500000001 0.7562500000000001 0.17343750000000002 0.0625
4 0.7429687500000001 0.7117187500000001 0.13593750000000002 0.060937500000000006
3 0.69140625 0.69296875 0.11093750000000001 0.051562500000000004
3 0.6195312500000001 0.65390625 0.09843750000000001 0.0671875
3 0.54609375 0.60703125 0.1015625 0.08281250000000001
6 0.48984375 0.54609375 0.11093750000000001 0.051562500000000004
3 0.33828125000000003 0.65 0.1453125 0.059375000000000004
3 0.31015625 0.634375 0.1328125 0.046875
4 0.32109375 0.61328125 0.1265625 0.0546875
