9 0.36484375 0.45546875000000003 0.0484375 0.0421875
9 0.9710937500000001 0.5328125 0.045312500000000006 0.078125
5 0.671875 0.43125 0.3875 0.2
4 0.884375 0.4296875 0.17500000000000002 0.109375
2 0.8671875 0.26171875 0.053125000000000006 0.0421875
2 0.73046875 0.25 0.0546875 0.034375
2 0.61328125 0.2390625 0.045312500000000006 0.03125
2 0.9773437500000001 0.22265625 0.029687500000000002 0.0390625
2 0.30625 0.21406250000000002 0.046875 0.040625
0 0.7757812500000001 0.55703125 0.026562500000000003 0.0703125
0 0.8390625 0.5320312500000001 0.028125 0.0703125
0 0.8640625000000001 0.58203125 0.03125 0.0765625
0 0.8968750000000001 0.578125 0.03125 0.07500000000000001
0 0.8757812500000001 0.5671875000000001 0.026562500000000003 0.07187500000000001
