0 0.21328125 0.92890625 0.0484375 0.0765625
3 0.16562500000000002 0.61484375 0.096875 0.1640625
4 0.434375 0.59296875 0.09375 0.1390625
0 0.43515625 0.65234375 0.026562500000000003 0.0578125
1 0.26953125 0.371875 0.026562500000000003 0.040625
9 0.26953125 0.38828125 0.026562500000000003 0.0390625
0 0.48281250000000003 0.34375 0.021875000000000002 0.043750000000000004
0 0.48750000000000004 0.35234375 0.015625 0.0390625
9 0.54296875 0.38828125 0.035937500000000004 0.0421875
3 0.3453125 0.026562500000000003 0.059375000000000004 0.053125000000000006
0 0.38906250000000003 0.14765625000000002 0.018750000000000003 0.0421875
1 0.28750000000000003 0.18359375 0.021875000000000002 0.0484375
9 0.29140625000000003 0.184375 0.0484375 0.040625
1 0.29375 0.13515625 0.018750000000000003 0.0390625
9 0.29375 0.14609375 0.025 0.0328125
