0 0.004687500000000001 0.146875 0.009375000000000001 0.025
0 0.02734375 0.21328125 0.010937500000000001 0.0328125
1 0.04453125 0.20546875 0.0171875 0.0234375
3 0.1640625 0.92578125 0.22812500000000002 0.1046875
3 0.234375 0.8234375 0.19375 0.115625
3 0.18828125 0.753125 0.2078125 0.09062500000000001
3 0.20859375000000002 0.65234375 0.1859375 0.0765625
3 0.14375000000000002 0.61328125 0.15625 0.0734375
3 0.125 0.56875 0.15937500000000002 0.059375000000000004
3 0.1609375 0.5281250000000001 0.15000000000000002 0.059375000000000004
9 0.0765625 0.3140625 0.037500000000000006 0.025
0 0.08281250000000001 0.37343750000000003 0.0125 0.03125
1 0.08750000000000001 0.39453125 0.021875000000000002 0.0328125
6 0.1015625 0.36328125 0.07500000000000001 0.0421875
2 0.13359375 0.37812500000000004 0.0421875 0.034375
9 0.15781250000000002 0.4265625 0.043750000000000004 0.025
9 0.15156250000000002 0.41484375 0.037500000000000006 0.0328125
2 0.375 0.784375 0.06875 0.05
9 0.3671875 0.75390625 0.07187500000000001 0.0390625
