3 0.07187500000000001 0.71875 0.043750000000000004 0.037500000000000006
3 0.18125000000000002 0.9031250000000001 0.053125000000000006 0.05625
5 0.18671875000000002 0.8453125 0.0578125 0.053125000000000006
3 0.18281250000000002 0.7984375 0.043750000000000004 0.040625
3 0.18984375 0.759375 0.045312500000000006 0.037500000000000006
3 0.19375 0.7312500000000001 0.034375 0.037500000000000006
3 0.18281250000000002 0.703125 0.040625 0.037500000000000006
3 0.1921875 0.671875 0.034375 0.040625
9 0.14375000000000002 0.72578125 0.0125 0.0234375
1 0.1453125 0.71796875 0.009375000000000001 0.026562500000000003
3 0.19609375 0.58359375 0.0328125 0.0390625
3 0.19375 0.5609375 0.021875000000000002 0.025
9 0.14765625000000002 0.58125 0.010937500000000001 0.015625
1 0.14765625000000002 0.57578125 0.0078125 0.0171875
