3 0.08359375000000001 0.8523437500000001 0.08281250000000001 0.09843750000000001
3 0.1453125 0.7109375 0.0625 0.07187500000000001
3 0.0625 0.7093750000000001 0.06875 0.07187500000000001
3 0.11796875000000001 0.6125 0.0546875 0.046875
3 0.25546875 0.6101562500000001 0.045312500000000006 0.0484375
8 0.18906250000000002 0.5828125000000001 0.06875 0.09375
3 0.1265625 0.51015625 0.059375000000000004 0.0421875
3 0.04609375 0.521875 0.0546875 0.046875
3 0.22031250000000002 0.45078125 0.0625 0.0328125
3 0.12890625 0.4734375 0.0578125 0.037500000000000006
3 0.13359375 0.446875 0.0578125 0.03125
3 0.60859375 0.375 0.0484375 0.021875000000000002
3 0.7117187500000001 0.309375 0.0484375 0.018750000000000003
3 0.665625 0.31171875000000004 0.046875 0.0171875
4 0.5906250000000001 0.2984375 0.040625 0.021875000000000002
3 0.571875 0.30546875 0.037500000000000006 0.0171875
3 0.7992187500000001 0.30078125 0.0390625 0.0171875
8 0.89375 0.31562500000000004 0.109375 0.05
8 0.64375 0.2890625 0.078125 0.03125
8 0.5242187500000001 0.27968750000000003 0.060937500000000006 0.034375
3 0.50234375 0.2890625 0.0390625 0.015625
6 0.25234375000000003 0.48281250000000003 0.0234375 0.03125
1 0.24609375 0.484375 0.010937500000000001 0.015625
1 0.253125 0.47968750000000004 0.0125 0.0125
1 0.25234375000000003 0.47734375 0.010937500000000001 0.0140625
0 0.421875 0.278125 0.00625 0.0125
3 0.225 0.26640625 0.015625 0.0171875
3 0.18281250000000002 0.2671875 0.018750000000000003 0.015625
3 0.15937500000000002 0.26640625 0.018750000000000003 0.0140625
3 0.17734375000000002 0.2515625 0.0140625 0.015625
0 0.18828125 0.24921875000000002 0.004687500000000001 0.0140625
3 0.21484375 0.24609375 0.0140625 0.010937500000000001
3 0.2578125 0.25625000000000003 0.0125 0.0125
5 0.2765625 0.25234375000000003 0.021875000000000002 0.026562500000000003
7 0.29531250000000003 0.22421875000000002 0.00625 0.010937500000000001
3 0.31875000000000003 0.2078125 0.009375000000000001 0.0125
5 0.3375 0.21406250000000002 0.015625 0.025
3 0.27187500000000003 0.17890625000000002 0.015625 0.004687500000000001
4 0.33906250000000004 0.184375 0.00625 0.009375000000000001
3 0.328125 0.18046875 0.009375000000000001 0.0078125
3 0.30546875 0.18046875 0.0171875 0.0078125
6 0.31796875 0.19453125000000002 0.0078125 0.010937500000000001
3 0.30390625000000004 0.19453125000000002 0.010937500000000001 0.0078125
3 0.3046875 0.19062500000000002 0.009375000000000001 0.009375000000000001
3 0.290625 0.1875 0.0125 0.00625
3 0.2859375 0.19296875000000002 0.015625 0.0078125
3 0.27187500000000003 0.19921875 0.009375000000000001 0.0078125
3 0.23203125000000002 0.22578125000000002 0.010937500000000001 0.010937500000000001
3 0.2390625 0.21640625000000002 0.0125 0.010937500000000001
3 0.25078125 0.209375 0.0078125 0.00625
6 0.2390625 0.25 0.00625 0.0125
4 0.24296875 0.23828125 0.010937500000000001 0.0140625
3 0.26406250000000003 0.246875 0.0125 0.015625
4 0.25703125 0.23750000000000002 0.010937500000000001 0.0125
3 0.27187500000000003 0.234375 0.0125 0.0125
3 0.29453125 0.20468750000000002 0.010937500000000001 0.009375000000000001
3 0.2859375 0.21250000000000002 0.009375000000000001 0.009375000000000001
3 0.2828125 0.215625 0.0125 0.009375000000000001
3 0.278125 0.22421875000000002 0.0125 0.010937500000000001
3 0.27187500000000003 0.21250000000000002 0.009375000000000001 0.009375000000000001
3 0.2671875 0.21875 0.009375000000000001 0.009375000000000001
3 0.2609375 0.22578125000000002 0.009375000000000001 0.0078125
3 0.3125 0.20390625 0.009375000000000001 0.010937500000000001
0 0.5640625 0.2828125 0.00625 0.015625
0 0.76875 0.4390625 0.0125 0.018750000000000003
2 0.7679687500000001 0.446875 0.0203125 0.015625
