0 0.8914062500000001 0.6234375000000001 0.0203125 0.05625
0 0.96015625 0.6351562500000001 0.026562500000000003 0.0484375
0 0.9609375 0.5945312500000001 0.021875000000000002 0.0484375
0 0.978125 0.5828125000000001 0.015625 0.046875
0 0.96484375 0.5828125000000001 0.0140625 0.043750000000000004
0 0.95234375 0.58046875 0.0203125 0.0421875
0 0.9125000000000001 0.58203125 0.018750000000000003 0.051562500000000004
0 0.9015625 0.56875 0.018750000000000003 0.040625
1 0.8828125 0.57265625 0.018750000000000003 0.0328125
0 0.85546875 0.5796875 0.0203125 0.046875
0 0.7859375000000001 0.55703125 0.015625 0.0484375
0 0.65546875 0.54921875 0.0140625 0.0421875
0 0.6296875000000001 0.54921875 0.015625 0.0421875
0 0.578125 0.5421875 0.015625 0.040625
0 0.6117187500000001 0.54140625 0.0234375 0.0484375
0 0.634375 0.5320312500000001 0.015625 0.035937500000000004
0 0.67734375 0.5242187500000001 0.0171875 0.035937500000000004
0 0.5359375000000001 0.5398437500000001 0.015625 0.0421875
0 0.5421875 0.5359375000000001 0.018750000000000003 0.043750000000000004
0 0.4921875 0.5390625 0.021875000000000002 0.05
0 0.47109375000000003 0.53515625 0.0234375 0.0421875
0 0.4546875 0.53515625 0.015625 0.0421875
1 0.44921875 0.52265625 0.010937500000000001 0.0171875
0 0.37031250000000004 0.55078125 0.025 0.0421875
0 0.3828125 0.51796875 0.015625 0.0390625
0 0.34765625 0.47890625000000003 0.0140625 0.029687500000000002
0 0.32265625000000003 0.525 0.010937500000000001 0.043750000000000004
0 0.29921875000000003 0.51953125 0.0140625 0.0390625
0 0.26015625000000003 0.52890625 0.010937500000000001 0.029687500000000002
0 0.253125 0.53125 0.0125 0.040625
0 0.33437500000000003 0.5234375 0.015625 0.034375
0 0.3375 0.51328125 0.015625 0.0390625
0 0.109375 0.5140625 0.015625 0.040625
1 0.1875 0.51015625 0.018750000000000003 0.0328125
6 0.06015625 0.48671875000000003 0.0703125 0.0328125
3 0.23984375000000002 0.4890625 0.06406250000000001 0.043750000000000004
3 0.26640625 0.45390625 0.07968750000000001 0.029687500000000002
3 0.29609375 0.44765625000000003 0.0484375 0.0234375
3 0.34687500000000004 0.44375000000000003 0.059375000000000004 0.025
3 0.40625 0.4390625 0.06875 0.040625
3 0.45156250000000003 0.4390625 0.06875 0.028125
3 0.5125000000000001 0.43593750000000003 0.07500000000000001 0.03125
4 0.3359375 0.4734375 0.059375000000000004 0.05
3 0.4375 0.49843750000000003 0.06875 0.05
3 0.49375 0.509375 0.07500000000000001 0.040625
3 0.553125 0.51953125 0.08125 0.0484375
3 0.62265625 0.525 0.0859375 0.043750000000000004
3 0.6882812500000001 0.53828125 0.06406250000000001 0.0390625
3 0.74609375 0.5476562500000001 0.0734375 0.051562500000000004
3 0.8601562500000001 0.55390625 0.0859375 0.051562500000000004
3 0.9070312500000001 0.53828125 0.1015625 0.051562500000000004
3 0.8851562500000001 0.51171875 0.045312500000000006 0.0484375
3 0.9515625000000001 0.51796875 0.053125000000000006 0.051562500000000004
0 0.915625 0.5078125 0.015625 0.040625
0 0.9203125000000001 0.4765625 0.015625 0.034375
0 0.8851562500000001 0.45937500000000003 0.0140625 0.03125
0 0.875 0.4625 0.0125 0.034375
3 0.9625 0.46953125 0.05625 0.0328125
3 0.9148437500000001 0.45859375 0.0484375 0.035937500000000004
3 0.8679687500000001 0.45390625 0.051562500000000004 0.035937500000000004
3 0.82578125 0.50234375 0.0578125 0.0484375
3 0.7453125 0.5007812500000001 0.05 0.0421875
3 0.6882812500000001 0.48984375 0.06406250000000001 0.0421875
3 0.61875 0.4890625 0.059375000000000004 0.040625
3 0.7859375000000001 0.47734375 0.043750000000000004 0.0484375
3 0.7328125000000001 0.4765625 0.046875 0.034375
3 0.6664062500000001 0.4734375 0.051562500000000004 0.040625
3 0.60859375 0.46875 0.06406250000000001 0.034375
3 0.55234375 0.4578125 0.0578125 0.034375
1 0.55859375 0.47578125000000004 0.0171875 0.029687500000000002
9 0.55859375 0.48671875000000003 0.0328125 0.0203125
3 0.5859375 0.4421875 0.05 0.025
0 0.565625 0.4234375 0.009375000000000001 0.025
0 0.6156250000000001 0.43515625 0.0125 0.026562500000000003
0 0.60078125 0.4296875 0.0203125 0.034375
0 0.6515625 0.42812500000000003 0.053125000000000006 0.03125
0 0.7015625000000001 0.44140625 0.065625 0.029687500000000002
0 0.8132812500000001 0.46171875 0.0578125 0.029687500000000002
0 0.8296875 0.4390625 0.059375000000000004 0.03125
3 0.94921875 0.41875 0.0921875 0.028125
3 0.96015625 0.4140625 0.0671875 0.025
3 0.7898437500000001 0.40390625 0.0671875 0.026562500000000003
0 0.81796875 0.41015625 0.010937500000000001 0.029687500000000002
0 0.80078125 0.4109375 0.010937500000000001 0.025
1 0.8054687500000001 0.40234375 0.010937500000000001 0.0171875
3 0.96640625 0.325 0.0421875 0.015625
3 0.91328125 0.32890625 0.0421875 0.0171875
4 0.8968750000000001 0.33203125 0.021875000000000002 0.0171875
3 0.81015625 0.34375 0.0328125 0.021875000000000002
3 0.74609375 0.33046875000000003 0.026562500000000003 0.0140625
3 0.70234375 0.33828125000000003 0.035937500000000004 0.0171875
3 0.65546875 0.33828125000000003 0.029687500000000002 0.0171875
0 0.675 0.33984375 0.009375000000000001 0.0140625
0 0.6687500000000001 0.35703125 0.009375000000000001 0.0171875
0 0.7156250000000001 0.35390625000000003 0.00625 0.0171875
0 0.7132812500000001 0.35859375000000004 0.0078125 0.0171875
0 0.6984375 0.35859375000000004 0.00625 0.0171875
0 0.69140625 0.35859375000000004 0.010937500000000001 0.0234375
3 0.5515625000000001 0.328125 0.03125 0.015625
3 0.5328125 0.32656250000000003 0.034375 0.018750000000000003
3 0.51796875 0.328125 0.035937500000000004 0.015625
3 0.5015625 0.328125 0.03125 0.015625
3 0.5296875 0.31796875 0.028125 0.0140625
3 0.50625 0.31640625 0.021875000000000002 0.0140625
3 0.48828125 0.3140625 0.026562500000000003 0.0125
3 0.46953125 0.31093750000000003 0.026562500000000003 0.0125
3 0.43828125 0.3140625 0.026562500000000003 0.0125
3 0.415625 0.309375 0.021875000000000002 0.009375000000000001
3 0.37031250000000004 0.30859375 0.028125 0.0140625
3 0.3171875 0.31328125 0.021875000000000002 0.010937500000000001
4 0.36171875000000003 0.31640625 0.026562500000000003 0.0140625
3 0.3828125 0.3203125 0.025 0.015625
3 0.021875000000000002 0.3171875 0.034375 0.015625
3 0.0171875 0.30703125000000003 0.018750000000000003 0.010937500000000001
3 0.022656250000000003 0.29453125 0.026562500000000003 0.0140625
