1 0.18281250000000002 0.87421875 0.037500000000000006 0.0578125
9 0.18046875 0.89765625 0.029687500000000002 0.0734375
3 0.6414062500000001 0.8718750000000001 0.1390625 0.12812500000000002
3 0.8835937500000001 0.81796875 0.2234375 0.0921875
3 0.8296875 0.75546875 0.234375 0.0890625
3 0.32734375000000004 0.51875 0.0671875 0.05625
3 0.421875 0.64609375 0.096875 0.0765625
3 0.51171875 0.6875 0.1484375 0.078125
3 0.7765625 0.7125 0.20625000000000002 0.084375
3 0.690625 0.6765625000000001 0.19062500000000002 0.07500000000000001
3 0.7585937500000001 0.6171875 0.1078125 0.078125
3 0.9070312500000001 0.5578125 0.1328125 0.05625
3 0.8703125 0.534375 0.12812500000000002 0.05
3 0.88984375 0.51484375 0.1390625 0.051562500000000004
3 0.8523437500000001 0.48750000000000004 0.1390625 0.040625
0 0.03125 0.31484375000000003 0.00625 0.026562500000000003
0 0.026562500000000003 0.31093750000000003 0.00625 0.025
3 0.25 0.43359375 0.059375000000000004 0.0578125
3 0.22031250000000002 0.40625 0.05625 0.053125000000000006
3 0.1875 0.3828125 0.05 0.034375
6 0.7546875000000001 0.48203125 0.037500000000000006 0.051562500000000004
6 0.77109375 0.45937500000000003 0.1015625 0.059375000000000004
6 0.42421875000000003 0.384375 0.035937500000000004 0.05
6 0.7140625 0.44140625 0.025 0.0421875
1 0.690625 0.4453125 0.015625 0.034375
0 0.734375 0.42812500000000003 0.009375000000000001 0.037500000000000006
0 0.7445312500000001 0.43125 0.010937500000000001 0.040625
0 0.72421875 0.43046875 0.010937500000000001 0.0328125
1 0.7054687500000001 0.38203125000000004 0.0140625 0.0234375
0 0.85078125 0.4109375 0.0078125 0.034375
0 0.8601562500000001 0.40156250000000004 0.010937500000000001 0.034375
0 0.878125 0.4109375 0.0125 0.034375
0 0.8914062500000001 0.40625 0.010937500000000001 0.037500000000000006
9 0.85859375 0.45390625 0.0421875 0.0234375
9 0.8500000000000001 0.44843750000000004 0.037500000000000006 0.015625
6 0.76171875 0.42031250000000003 0.0734375 0.046875
3 0.91171875 0.40937500000000004 0.11093750000000001 0.034375
3 0.8265625000000001 0.384375 0.10312500000000001 0.03125
0 0.48984375 0.3875 0.010937500000000001 0.03125
6 0.50625 0.38671875 0.046875 0.026562500000000003
4 0.43593750000000003 0.34609375000000003 0.065625 0.0328125
4 0.59140625 0.33984375 0.06406250000000001 0.0328125
3 0.15546875000000002 0.33437500000000003 0.0328125 0.03125
3 0.1703125 0.31953125000000004 0.06875 0.026562500000000003
3 0.12578125 0.27421875 0.0421875 0.0203125
3 0.1015625 0.2671875 0.028125 0.018750000000000003
3 0.0890625 0.25234375000000003 0.03125 0.0234375
3 0.0765625 0.22812500000000002 0.03125 0.015625
0 0.0703125 0.2390625 0.00625 0.025
3 0.03671875 0.19296875000000002 0.0203125 0.0140625
3 0.0546875 0.1953125 0.025 0.015625
3 0.029687500000000002 0.17734375000000002 0.0125 0.0078125
0 0.01640625 0.17578125 0.004687500000000001 0.0140625
3 0.00859375 0.14609375 0.010937500000000001 0.0140625
3 0.01640625 0.16171875000000002 0.010937500000000001 0.0171875
4 0.34765625 0.4 0.0859375 0.034375
4 0.353125 0.42421875000000003 0.109375 0.029687500000000002
