6 0.67109375 0.696875 0.0734375 0.08125
0 0.8210937500000001 0.73046875 0.0734375 0.08281250000000001
0 0.759375 0.7015625000000001 0.03125 0.065625
0 0.8250000000000001 0.6570312500000001 0.046875 0.0671875
2 0.6953125 0.6179687500000001 0.046875 0.06406250000000001
2 0.6140625000000001 0.58515625 0.043750000000000004 0.0421875
0 0.48671875000000003 0.51796875 0.0234375 0.060937500000000006
4 0.40078125000000003 0.5578125 0.07968750000000001 0.096875
4 0.44453125000000004 0.42734375 0.0703125 0.0765625
3 0.31562500000000004 0.43359375 0.096875 0.0734375
3 0.05078125 0.7984375 0.1015625 0.125
3 0.1625 0.5554687500000001 0.09062500000000001 0.0921875
3 0.08828125 0.43046875 0.0671875 0.060937500000000006
9 0.14453125 0.33984375 0.0203125 0.0328125
1 0.1484375 0.3328125 0.015625 0.028125
1 0.14765625000000002 0.32265625000000003 0.0203125 0.0328125
9 0.25546875 0.33046875000000003 0.0484375 0.0328125
9 0.34218750000000003 0.31484375000000003 0.046875 0.0328125
3 0.21796875000000002 0.31015625 0.060937500000000006 0.0484375
6 0.15625 0.278125 0.037500000000000006 0.037500000000000006
1 0.16640625 0.27421875 0.0203125 0.0390625
5 0.2921875 0.27734375 0.1125 0.051562500000000004
3 0.27890625 0.246875 0.09531250000000001 0.037500000000000006
0 0.36640625000000004 0.2625 0.0171875 0.043750000000000004
3 0.2546875 0.2171875 0.09062500000000001 0.034375
4 0.2109375 0.2015625 0.08125 0.043750000000000004
0 0.30859375 0.1921875 0.0203125 0.028125
4 0.1046875 0.22812500000000002 0.040625 0.05
6 0.11093750000000001 0.15078125 0.021875000000000002 0.026562500000000003
3 0.21875 0.15078125 0.07500000000000001 0.0390625
4 0.1703125 0.11875000000000001 0.06875 0.034375
3 0.15781250000000002 0.11328125 0.0625 0.026562500000000003
3 0.15625 0.10703125000000001 0.06875 0.0234375
4 0.15859375 0.10078125 0.07968750000000001 0.0328125
3 0.09375 0.11875000000000001 0.037500000000000006 0.03125
6 0.034375 0.11406250000000001 0.028125 0.037500000000000006
0 0.0578125 0.0859375 0.015625 0.028125
3 0.13515625 0.08046875 0.06406250000000001 0.029687500000000002
3 0.13593750000000002 0.06953125 0.0625 0.0234375
3 0.11328125 0.0625 0.0421875 0.03125
6 0.03671875 0.04296875 0.026562500000000003 0.026562500000000003
4 0.09531250000000001 0.0390625 0.03125 0.03125
