5 0.87890625 0.039843750000000004 0.0859375 0.0734375
5 0.7640625000000001 0.041406250000000006 0.09062500000000001 0.0765625
5 0.64609375 0.040625 0.0734375 0.078125
5 0.37734375000000003 0.03125 0.07968750000000001 0.059375000000000004
0 0.07734375 0.032031250000000004 0.0234375 0.045312500000000006
5 0.3828125 0.44375000000000003 0.1625 0.23750000000000002
0 0.46640625 0.039843750000000004 0.0203125 0.051562500000000004
0 0.47890625000000003 0.045312500000000006 0.0140625 0.059375000000000004
0 0.7976562500000001 0.40156250000000004 0.0328125 0.084375
0 0.8125 0.47187500000000004 0.053125000000000006 0.09062500000000001
0 0.73828125 0.45625000000000004 0.035937500000000004 0.08750000000000001
0 0.74375 0.4375 0.03125 0.084375
