2 0.09062500000000001 0.73359375 0.046875 0.0578125
9 0.18046875 0.7132812500000001 0.0578125 0.0421875
2 0.1421875 0.796875 0.037500000000000006 0.03125
2 0.18671875000000002 0.78828125 0.0484375 0.035937500000000004
9 0.26953125 0.7273437500000001 0.0484375 0.08281250000000001
1 0.23046875 0.86640625 0.026562500000000003 0.0328125
9 0.22421875000000002 0.8773437500000001 0.0484375 0.051562500000000004
0 0.253125 0.8929687500000001 0.021875000000000002 0.0328125
0 0.5789062500000001 0.96796875 0.0421875 0.0421875
0 0.565625 0.859375 0.043750000000000004 0.03125
0 0.71875 0.90625 0.037500000000000006 0.034375
3 0.85859375 0.9320312500000001 0.18281250000000002 0.1296875
9 0.953125 0.8539062500000001 0.07500000000000001 0.0546875
9 0.7937500000000001 0.80078125 0.028125 0.0671875
9 0.8203125 0.8015625000000001 0.028125 0.059375000000000004
2 0.8484375000000001 0.80078125 0.028125 0.06406250000000001
9 0.721875 0.7507812500000001 0.046875 0.06406250000000001
9 0.696875 0.7468750000000001 0.037500000000000006 0.06875
9 0.6703125000000001 0.7250000000000001 0.043750000000000004 0.059375000000000004
9 0.6109375 0.675 0.037500000000000006 0.05625
9 0.58359375 0.675 0.026562500000000003 0.065625
9 0.53828125 0.6375000000000001 0.0421875 0.065625
9 0.5593750000000001 0.6648437500000001 0.03125 0.0671875
9 0.68125 0.6117187500000001 0.043750000000000004 0.06406250000000001
2 0.6414062500000001 0.6078125000000001 0.0328125 0.0625
2 0.6117187500000001 0.5945312500000001 0.035937500000000004 0.06406250000000001
2 0.71484375 0.64765625 0.045312500000000006 0.06406250000000001
9 0.81171875 0.60078125 0.051562500000000004 0.0578125
9 0.96484375 0.5484375 0.045312500000000006 0.06875
9 0.91328125 0.50625 0.051562500000000004 0.05
4 0.50625 0.52109375 0.10625000000000001 0.15781250000000002
3 0.58046875 0.13125 0.1796875 0.1
9 0.25625000000000003 0.83359375 0.0625 0.029687500000000002
2 0.7156250000000001 0.95625 0.078125 0.025
