1 0.78515625 0.95859375 0.0578125 0.0671875
1 0.53359375 0.8343750000000001 0.035937500000000004 0.065625
1 0.33437500000000003 0.06171875 0.009375000000000001 0.0171875
1 0.51484375 0.10312500000000001 0.010937500000000001 0.018750000000000003
0 0.50625 0.06796875000000001 0.009375000000000001 0.0234375
0 0.52578125 0.11015625000000001 0.004687500000000001 0.026562500000000003
0 0.5398437500000001 0.10390625 0.010937500000000001 0.0234375
0 0.54140625 0.109375 0.004687500000000001 0.021875000000000002
0 0.55625 0.10703125000000001 0.00625 0.0234375
0 0.55625 0.12734375 0.00625 0.0203125
0 0.6265625 0.11875000000000001 0.00625 0.025
0 0.8640625000000001 0.51796875 0.025 0.0578125
0 0.8828125 0.52109375 0.018750000000000003 0.045312500000000006
9 0.8210937500000001 0.39375000000000004 0.0390625 0.034375
9 0.8562500000000001 0.39375000000000004 0.046875 0.03125
9 0.77109375 0.28046875 0.0390625 0.0234375
9 0.78125 0.2890625 0.037500000000000006 0.025
9 0.33437500000000003 0.0671875 0.009375000000000001 0.015625
2 0.5265625 0.846875 0.059375000000000004 0.059375000000000004
3 0.7679687500000001 0.8078125 0.2171875 0.084375
3 0.7429687500000001 0.73359375 0.1921875 0.08281250000000001
3 0.7015625000000001 0.5625 0.15937500000000002 0.065625
3 0.52890625 0.62890625 0.07968750000000001 0.0890625
3 0.15156250000000002 0.65 0.084375 0.115625
3 0.45546875000000003 0.52734375 0.0921875 0.0734375
3 0.48984375 0.46796875000000004 0.0578125 0.0703125
3 0.40937500000000004 0.26796875000000003 0.043750000000000004 0.0421875
3 0.13046875 0.5234375 0.0765625 0.09062500000000001
3 0.3046875 0.48203125 0.059375000000000004 0.0671875
3 0.13046875 0.4390625 0.06406250000000001 0.08125
3 0.6429687500000001 0.45546875000000003 0.1171875 0.0578125
3 0.78515625 0.33203125 0.1171875 0.051562500000000004
3 0.5421875 0.26015625000000003 0.096875 0.0421875
3 0.5125000000000001 0.21484375 0.09062500000000001 0.0328125
3 0.63828125 0.16328125000000002 0.07968750000000001 0.029687500000000002
3 0.38359375 0.15781250000000002 0.0328125 0.034375
3 0.47265625 0.16484375 0.0734375 0.026562500000000003
3 0.275 0.09765625 0.025 0.026562500000000003
3 0.37734375000000003 0.12578125 0.0328125 0.026562500000000003
3 0.3015625 0.060937500000000006 0.025 0.028125
3 0.5203125000000001 0.041406250000000006 0.043750000000000004 0.0171875
3 0.44921875 0.04453125 0.029687500000000002 0.0203125
3 0.49843750000000003 0.021875000000000002 0.05 0.018750000000000003
3 0.59296875 0.3484375 0.11406250000000001 0.043750000000000004
3 0.5710937500000001 0.32656250000000003 0.09531250000000001 0.040625
3 0.5640625 0.30078125 0.1125 0.0421875
3 0.50703125 0.19765625 0.0734375 0.026562500000000003
3 0.46406250000000004 0.14921875 0.06875 0.0234375
3 0.4453125 0.10859375 0.059375000000000004 0.026562500000000003
3 0.4609375 0.11484375000000001 0.06875 0.026562500000000003
3 0.48984375 0.009375000000000001 0.045312500000000006 0.015625
4 0.2734375 0.6468750000000001 0.07500000000000001 0.1
4 0.06875 0.415625 0.065625 0.08750000000000001
4 0.46015625000000004 0.140625 0.07968750000000001 0.034375
4 0.6179687500000001 0.3828125 0.1390625 0.065625
4 0.58125 0.11093750000000001 0.07500000000000001 0.034375
4 0.39921875 0.0765625 0.0703125 0.03125
5 0.27734375 0.0234375 0.0328125 0.043750000000000004
5 0.17109375000000002 0.36562500000000003 0.045312500000000006 0.1
5 0.46484375 0.12421875 0.0890625 0.0390625
3 0.0734375 0.7734375 0.10625000000000001 0.140625
5 0.28203125 0.29140625000000003 0.0734375 0.1796875
