3 0.140625 0.80390625 0.1125 0.18281250000000002
3 0.6820312500000001 0.47968750000000004 0.08281250000000001 0.07187500000000001
3 0.88046875 0.38203125000000004 0.0921875 0.08281250000000001
3 0.87109375 0.2546875 0.1015625 0.05625
3 0.24921875000000002 0.146875 0.0328125 0.040625
0 0.025781250000000002 0.18515625000000002 0.010937500000000001 0.0328125
0 0.04453125 0.18203125 0.010937500000000001 0.035937500000000004
5 0.06796875000000001 0.12421875 0.045312500000000006 0.0546875
5 0.115625 0.07500000000000001 0.025 0.03125
0 0.078125 0.07734375 0.00625 0.0234375
3 0.31171875000000004 0.06875 0.026562500000000003 0.03125
3 0.321875 0.0484375 0.021875000000000002 0.025
3 0.31015625 0.02734375 0.026562500000000003 0.026562500000000003
0 0.49375 0.11953125 0.00625 0.0234375
0 0.50625 0.11875000000000001 0.009375000000000001 0.025
0 0.52734375 0.0171875 0.0078125 0.018750000000000003
1 0.26953125 0.0390625 0.0078125 0.0125
9 0.26953125 0.045312500000000006 0.0078125 0.018750000000000003
1 0.4546875 0.1 0.00625 0.018750000000000003
9 0.4546875 0.10312500000000001 0.00625 0.021875000000000002
