3 0.26640625 0.39765625000000004 0.0328125 0.0421875
3 0.22734375 0.33984375 0.0328125 0.0390625
3 0.19062500000000002 0.27578125000000003 0.03125 0.0390625
3 0.36640625000000004 0.5789062500000001 0.0421875 0.0484375
3 0.40625 0.63828125 0.037500000000000006 0.0484375
3 0.43828125 0.69140625 0.0421875 0.0484375
3 0.47890625000000003 0.7523437500000001 0.0421875 0.051562500000000004
3 0.5164062500000001 0.81953125 0.0421875 0.060937500000000006
3 0.5789062500000001 0.8484375000000001 0.0484375 0.05625
3 0.5398437500000001 0.78671875 0.0484375 0.060937500000000006
3 0.5625 0.8992187500000001 0.05 0.0578125
3 0.6203125 0.9070312500000001 0.046875 0.0734375
3 0.49843750000000003 0.7125 0.043750000000000004 0.05625
3 0.3765625 0.51796875 0.040625 0.045312500000000006
3 0.7265625 0.36484375 0.043750000000000004 0.0390625
3 0.16015625 0.21015625000000002 0.0328125 0.035937500000000004
3 0.0890625 0.1296875 0.028125 0.034375
3 0.12109375 0.10234375000000001 0.026562500000000003 0.035937500000000004
4 0.36015625 0.23828125 0.029687500000000002 0.0390625
4 0.44453125000000004 0.63828125 0.0421875 0.0546875
4 0.40468750000000003 0.571875 0.037500000000000006 0.043750000000000004
3 0.34609375000000003 0.4625 0.0328125 0.040625
3 0.31484375000000003 0.41718750000000004 0.035937500000000004 0.040625
3 0.2921875 0.37343750000000003 0.03125 0.040625
0 0.09296875 0.059375000000000004 0.010937500000000001 0.018750000000000003
3 0.0703125 0.08359375000000001 0.028125 0.0328125
3 0.09453125000000001 0.08281250000000001 0.026562500000000003 0.03125
3 0.039843750000000004 0.0703125 0.026562500000000003 0.025
4 0.047656250000000004 0.046875 0.026562500000000003 0.034375
4 0.02734375 0.0140625 0.0328125 0.025
0 0.02421875 0.9625 0.010937500000000001 0.018750000000000003
0 0.01171875 0.95703125 0.0078125 0.0171875
0 0.1078125 0.8757812500000001 0.0125 0.026562500000000003
0 0.12265625000000001 0.8718750000000001 0.010937500000000001 0.025
0 0.06171875 0.75703125 0.0078125 0.0203125
3 0.04453125 0.6843750000000001 0.0578125 0.034375
3 0.05625 0.7109375 0.059375000000000004 0.034375
3 0.06953125 0.74140625 0.0578125 0.0390625
3 0.08046875 0.76875 0.0578125 0.037500000000000006
3 0.09140625000000001 0.7953125000000001 0.0578125 0.037500000000000006
3 0.10312500000000001 0.82734375 0.06875 0.0390625
3 0.10703125000000001 0.8625 0.060937500000000006 0.040625
3 0.13515625 0.88984375 0.0578125 0.0390625
3 0.14609375 0.915625 0.06406250000000001 0.040625
3 0.15546875000000002 0.95078125 0.060937500000000006 0.045312500000000006
