0 0.67734375 0.6062500000000001 0.0578125 0.153125
0 0.6078125000000001 0.5750000000000001 0.05625 0.140625
0 0.7312500000000001 0.51015625 0.040625 0.1171875
0 0.7953125000000001 0.45859375 0.037500000000000006 0.1046875
0 0.5421875 0.4421875 0.037500000000000006 0.1
0 0.36796875 0.48984375 0.035937500000000004 0.11093750000000001
0 0.1921875 0.52734375 0.059375000000000004 0.1265625
0 0.48828125 0.31796875 0.029687500000000002 0.0703125
0 0.06796875000000001 0.38359375 0.0421875 0.0859375
0 0.5859375 0.484375 0.040625 0.1
0 0.7203125 0.44375000000000003 0.037500000000000006 0.1
0 0.74765625 0.47968750000000004 0.0390625 0.10312500000000001
0 0.63046875 0.52265625 0.08281250000000001 0.0921875
0 0.8679687500000001 0.39296875000000003 0.029687500000000002 0.08281250000000001
0 0.6765625000000001 0.3375 0.028125 0.06875
0 0.29921875000000003 0.37109375 0.0484375 0.08281250000000001
0 0.2515625 0.3765625 0.037500000000000006 0.065625
0 0.278125 0.39609375 0.028125 0.060937500000000006
0 0.2890625 0.38671875 0.025 0.0546875
0 0.23359375000000002 0.25625000000000003 0.026562500000000003 0.037500000000000006
0 0.48984375 0.26640625 0.0171875 0.0390625
0 0.6453125000000001 0.32109375 0.021875000000000002 0.0671875
0 0.6062500000000001 0.31796875 0.028125 0.06406250000000001
0 0.58203125 0.31796875 0.0203125 0.06406250000000001
0 0.6125 0.27187500000000003 0.018750000000000003 0.037500000000000006
0 0.5710937500000001 0.29921875000000003 0.026562500000000003 0.0578125
0 0.59296875 0.30234375 0.026562500000000003 0.06406250000000001
0 0.14296875 0.246875 0.0203125 0.043750000000000004
1 0.03671875 0.290625 0.0421875 0.028125
0 0.026562500000000003 0.24531250000000002 0.028125 0.040625
0 0.0125 0.26875 0.021875000000000002 0.05
0 0.07421875 0.2484375 0.0203125 0.043750000000000004
0 0.047656250000000004 0.2515625 0.0203125 0.046875
0 0.06484375 0.246875 0.0171875 0.040625
0 0.049218750000000006 0.24609375 0.0203125 0.045312500000000006
0 0.08984375 0.23203125000000002 0.0203125 0.0421875
1 0.1078125 0.24140625000000002 0.015625 0.0171875
0 0.01171875 0.22578125000000002 0.0234375 0.035937500000000004
9 0.54609375 0.2328125 0.0390625 0.03125
9 0.584375 0.23359375000000002 0.034375 0.0234375
9 0.66171875 0.23046875 0.045312500000000006 0.026562500000000003
9 0.62265625 0.234375 0.035937500000000004 0.021875000000000002
0 0.6328125 0.246875 0.021875000000000002 0.040625
0 0.64609375 0.30000000000000004 0.0234375 0.0625
0 0.66015625 0.29921875000000003 0.0234375 0.051562500000000004
0 0.6726562500000001 0.26640625 0.0203125 0.0484375
0 0.6585937500000001 0.25703125 0.0140625 0.0328125
1 0.6960937500000001 0.25703125 0.0203125 0.026562500000000003
1 0.696875 0.26015625000000003 0.0125 0.0171875
1 0.70625 0.27890625 0.028125 0.0203125
1 0.7046875 0.278125 0.018750000000000003 0.018750000000000003
1 0.7312500000000001 0.28984375 0.021875000000000002 0.0328125
1 0.7250000000000001 0.2890625 0.025 0.021875000000000002
0 0.78046875 0.29296875 0.026562500000000003 0.0578125
9 0.7546875000000001 0.29921875000000003 0.03125 0.0421875
1 0.8226562500000001 0.35781250000000003 0.0328125 0.059375000000000004
1 0.80859375 0.35078125000000004 0.0328125 0.0578125
1 0.875 0.35078125000000004 0.034375 0.045312500000000006
0 0.8609375 0.371875 0.018750000000000003 0.07187500000000001
0 0.8375 0.3328125 0.021875000000000002 0.06875
0 0.81796875 0.31953125000000004 0.0234375 0.060937500000000006
