3 0.11484375000000001 0.7484375000000001 0.09843750000000001 0.115625
3 0.35859375000000004 0.82578125 0.1171875 0.1796875
3 0.328125 0.665625 0.09375 0.109375
3 0.35078125000000004 0.55703125 0.0734375 0.09843750000000001
3 0.22109375 0.7109375 0.09843750000000001 0.13125
4 0.20468750000000002 0.8734375000000001 0.12812500000000002 0.21875
3 0.215625 0.5890625 0.084375 0.10312500000000001
3 0.20468750000000002 0.48515625 0.06875 0.0890625
3 0.11093750000000001 0.4578125 0.07500000000000001 0.09062500000000001
3 0.2078125 0.39921875 0.06875 0.0734375
3 0.14609375 0.33125000000000004 0.0703125 0.065625
3 0.22265625 0.325 0.0578125 0.05625
3 0.29609375 0.34140625 0.060937500000000006 0.06406250000000001
5 0.353125 0.41953125 0.1125 0.1546875
3 0.2984375 0.22031250000000002 0.05625 0.05
0 0.1125 0.25390625 0.0125 0.045312500000000006
0 0.1375 0.22421875000000002 0.0125 0.0421875
3 0.26796875000000003 0.1609375 0.0484375 0.043750000000000004
3 0.23046875 0.27578125000000003 0.0578125 0.060937500000000006
3 0.1390625 0.21328125 0.05 0.0484375
3 0.14765625000000002 0.25859375 0.0546875 0.0546875
3 0.22968750000000002 0.234375 0.059375000000000004 0.05
3 0.24921875000000002 0.10546875 0.0421875 0.035937500000000004
3 0.18671875000000002 0.17265625 0.0546875 0.051562500000000004
8 0.18671875000000002 0.096875 0.0671875 0.096875
5 0.25546875 0.0421875 0.0578125 0.08125
5 0.18828125 0.03125 0.0484375 0.059375000000000004
3 0.77265625 0.01640625 0.0734375 0.0203125
3 0.7984375 0.02890625 0.07500000000000001 0.0328125
3 0.8640625000000001 0.055468750000000004 0.09062500000000001 0.0390625
