3 0.94921875 0.89453125 0.035937500000000004 0.0890625
9 0.98046875 0.9773437500000001 0.0140625 0.026562500000000003
1 0.98046875 0.97265625 0.0140625 0.0171875
0 0.9296875 0.86875 0.0125 0.015625
0 0.925 0.8562500000000001 0.0125 0.0125
3 0.8539062500000001 0.8757812500000001 0.0765625 0.06406250000000001
3 0.93671875 0.71640625 0.0390625 0.07968750000000001
9 0.9875 0.73046875 0.0125 0.0234375
9 0.971875 0.7210937500000001 0.0125 0.026562500000000003
1 0.9867187500000001 0.72578125 0.010937500000000001 0.0171875
1 0.971875 0.7195312500000001 0.0125 0.0203125
3 0.925 0.540625 0.040625 0.08125
3 0.86640625 0.45390625 0.07968750000000001 0.0421875
3 0.88046875 0.15156250000000002 0.0765625 0.043750000000000004
