3 0.88671875 0.45 0.1953125 0.125
3 0.46406250000000004 0.06406250000000001 0.078125 0.053125000000000006
2 0.73203125 0.371875 0.029687500000000002 0.05
9 0.69453125 0.8210937500000001 0.09531250000000001 0.08281250000000001
2 0.3140625 0.63984375 0.028125 0.0671875
6 0.83203125 0.5859375 0.1171875 0.109375
6 0.60859375 0.27187500000000003 0.060937500000000006 0.084375
5 0.49921875000000004 0.15781250000000002 0.0890625 0.096875
1 0.71015625 0.7890625 0.029687500000000002 0.078125
1 0.31640625 0.60546875 0.0203125 0.0734375
1 0.43281250000000004 0.2703125 0.018750000000000003 0.046875
0 0.78828125 0.6781250000000001 0.035937500000000004 0.07187500000000001
0 0.7507812500000001 0.5734375 0.026562500000000003 0.078125
0 0.9625 0.71875 0.037500000000000006 0.08125
0 0.94296875 0.584375 0.0328125 0.07187500000000001
0 0.909375 0.5421875 0.025 0.08125
0 0.49921875000000004 0.4625 0.026562500000000003 0.059375000000000004
0 0.5085937500000001 0.48359375000000004 0.0171875 0.0546875
0 0.40625 0.1234375 0.0125 0.059375000000000004
0 0.3515625 0.096875 0.009375000000000001 0.043750000000000004
0 0.34453125 0.30859375 0.0203125 0.0578125
0 0.38046875 0.26640625 0.0203125 0.051562500000000004
0 0.58984375 0.2765625 0.0234375 0.065625
0 0.82734375 0.6000000000000001 0.029687500000000002 0.07500000000000001
0 0.8859375 0.6203125 0.021875000000000002 0.084375
0 0.96484375 0.48984375 0.0328125 0.0671875
0 0.8671875 0.45390625 0.028125 0.0734375
0 0.675 0.71640625 0.037500000000000006 0.11406250000000001
0 0.63046875 0.7234375000000001 0.0328125 0.08125
9 0.7664062500000001 0.7000000000000001 0.0421875 0.09062500000000001
5 0.60078125 0.6328125 0.1921875 0.20625000000000002
6 0.4703125 0.50390625 0.12812500000000002 0.1171875
6 0.40625 0.40859375000000003 0.084375 0.09531250000000001
