3 0.26406250000000003 0.8226562500000001 0.47187500000000004 0.35468750000000004
3 0.796875 0.69296875 0.40625 0.27968750000000003
1 0.78125 0.52890625 0.09375 0.0921875
6 0.78515625 0.55625 0.1640625 0.1125
3 0.7734375 0.403125 0.403125 0.15000000000000002
3 0.38593750000000004 0.178125 0.30000000000000004 0.140625
1 0.47187500000000004 0.36484375 0.07500000000000001 0.09531250000000001
1 0.34453125 0.3046875 0.0703125 0.1
1 0.23984375000000002 0.0671875 0.060937500000000006 0.07187500000000001
2 0.5281250000000001 0.10234375000000001 0.078125 0.0671875
2 0.88828125 0.23593750000000002 0.06406250000000001 0.1
2 0.8382812500000001 0.22812500000000002 0.0484375 0.084375
2 0.796875 0.22812500000000002 0.05 0.084375
2 0.75703125 0.225 0.0484375 0.084375
2 0.6484375 0.15234375 0.096875 0.060937500000000006
6 0.74375 0.17265625 0.17500000000000002 0.0703125
