3 0.1875 0.2015625 0.05625 0.015625
3 0.33906250000000004 0.20234375000000002 0.043750000000000004 0.0203125
3 0.21953125 0.18984375 0.0484375 0.0171875
4 0.1921875 0.18828125 0.05 0.026562500000000003
3 0.246875 0.18906250000000002 0.043750000000000004 0.021875000000000002
0 0.18671875000000002 0.28359375000000003 0.0171875 0.029687500000000002
0 0.35781250000000003 0.24375000000000002 0.0125 0.025
1 0.27890625 0.23046875 0.0078125 0.0171875
0 0.42031250000000003 0.29609375 0.009375000000000001 0.0203125
0 0.42734375 0.29140625000000003 0.010937500000000001 0.026562500000000003
0 0.31796875 0.48125 0.026562500000000003 0.040625
0 0.41171875 0.48515625 0.0234375 0.045312500000000006
9 0.4546875 0.39453125 0.043750000000000004 0.0328125
0 0.6296875000000001 0.5906250000000001 0.021875000000000002 0.053125000000000006
1 0.56484375 0.39453125 0.0140625 0.0203125
1 0.56953125 0.39453125 0.0171875 0.0234375
1 0.6578125 0.38125000000000003 0.021875000000000002 0.028125
0 0.66796875 0.37421875000000004 0.0171875 0.035937500000000004
0 0.80625 0.22265625 0.009375000000000001 0.010937500000000001
