3 0.34921875 0.13359375 0.0390625 0.07968750000000001
3 0.2828125 0.328125 0.040625 0.08125
3 0.07187500000000001 0.46875 0.053125000000000006 0.1
3 0.043750000000000004 0.69296875 0.043750000000000004 0.0859375
3 0.14765625000000002 0.25546875 0.0390625 0.0765625
3 0.055468750000000004 0.278125 0.0421875 0.07500000000000001
3 0.13046875 0.44140625 0.0484375 0.0859375
4 0.13203125000000002 0.61328125 0.0546875 0.1015625
4 0.09296875 0.8070312500000001 0.0484375 0.09531250000000001
4 0.2671875 0.7375 0.05 0.115625
4 0.109375 0.13203125000000002 0.043750000000000004 0.0765625
4 0.07187500000000001 0.028125 0.037500000000000006 0.053125000000000006
3 0.13203125000000002 0.01015625 0.035937500000000004 0.0171875
