0 0.30078125 0.45156250000000003 0.0203125 0.025
0 0.2859375 0.4765625 0.021875000000000002 0.021875000000000002
0 0.26796875000000003 0.58203125 0.026562500000000003 0.0171875
0 0.29140625000000003 0.56953125 0.029687500000000002 0.0203125
0 0.46015625000000004 0.64375 0.0171875 0.021875000000000002
0 0.28984375 0.65234375 0.026562500000000003 0.0234375
3 0.21953125 0.63046875 0.08281250000000001 0.18906250000000002
0 0.36640625000000004 0.9640625 0.0234375 0.025
0 0.40859375000000003 0.91796875 0.0234375 0.026562500000000003
0 0.39375000000000004 0.8445312500000001 0.021875000000000002 0.0203125
9 0.58046875 0.83984375 0.0421875 0.0921875
2 0.94453125 0.7132812500000001 0.029687500000000002 0.0421875
1 0.97265625 0.6890625 0.0328125 0.03125
6 0.7585937500000001 0.5164062500000001 0.1265625 0.0703125
0 0.46406250000000004 0.43359375 0.037500000000000006 0.0421875
6 0.2171875 0.48515625 0.065625 0.0484375
9 0.2171875 0.4546875 0.065625 0.034375
2 0.20859375000000002 0.421875 0.060937500000000006 0.025
2 0.19687500000000002 0.2859375 0.05 0.034375
