2 0.21328125 0.2703125 0.010937500000000001 0.0125
1 0.21328125 0.2625 0.010937500000000001 0.015625
5 0.11015625000000001 0.3609375 0.0734375 0.0625
5 0.29921875000000003 0.36875 0.07968750000000001 0.10625000000000001
3 0.38828125 0.4546875 0.0484375 0.053125000000000006
3 0.39765625000000004 0.34453125 0.035937500000000004 0.0328125
3 0.4578125 0.33203125 0.03125 0.029687500000000002
3 0.41015625 0.29531250000000003 0.026562500000000003 0.025
3 0.2171875 0.2921875 0.034375 0.028125
3 0.27265625 0.25859375 0.026562500000000003 0.0203125
3 0.31640625 0.25859375 0.026562500000000003 0.0203125
3 0.42500000000000004 0.259375 0.021875000000000002 0.021875000000000002
3 0.38984375000000004 0.25390625 0.0234375 0.0203125
3 0.40625 0.234375 0.018750000000000003 0.0125
3 0.465625 0.22187500000000002 0.015625 0.0125
3 0.44296875 0.20468750000000002 0.010937500000000001 0.009375000000000001
3 0.44843750000000004 0.19296875000000002 0.009375000000000001 0.010937500000000001
3 0.3046875 0.23828125 0.025 0.0203125
5 0.35468750000000004 0.22578125000000002 0.015625 0.0171875
3 0.32734375000000004 0.225 0.0171875 0.0125
3 0.32734375000000004 0.21328125 0.0171875 0.010937500000000001
3 0.35625 0.209375 0.015625 0.0125
3 0.35000000000000003 0.20468750000000002 0.0125 0.0125
4 0.36640625000000004 0.19687500000000002 0.010937500000000001 0.0125
4 0.384375 0.2015625 0.0125 0.0125
3 0.39296875000000003 0.19687500000000002 0.010937500000000001 0.009375000000000001
3 0.37578125 0.19375 0.010937500000000001 0.009375000000000001
3 0.37578125 0.1875 0.0078125 0.00625
3 0.39453125 0.18906250000000002 0.010937500000000001 0.00625
3 0.40546875000000004 0.18515625000000002 0.010937500000000001 0.0078125
3 0.39375000000000004 0.18515625000000002 0.00625 0.0078125
3 0.39453125 0.18046875 0.010937500000000001 0.0078125
3 0.39921875 0.18046875 0.010937500000000001 0.004687500000000001
4 0.4109375 0.18046875 0.00625 0.0078125
3 0.415625 0.1796875 0.00625 0.00625
3 0.40625 0.17343750000000002 0.00625 0.00625
3 0.42109375000000004 0.17265625 0.004687500000000001 0.004687500000000001
3 0.42031250000000003 0.16796875 0.00625 0.004687500000000001
3 0.45937500000000003 0.16328125000000002 0.00625 0.004687500000000001
5 0.45234375000000004 0.16328125000000002 0.004687500000000001 0.004687500000000001
3 0.453125 0.15937500000000002 0.003125 0.003125
3 0.46484375 0.16015625 0.004687500000000001 0.004687500000000001
