3 0.40390625 0.9617187500000001 0.029687500000000002 0.0578125
3 0.4265625 0.8757812500000001 0.021875000000000002 0.051562500000000004
3 0.384375 0.8562500000000001 0.028125 0.05
3 0.371875 0.7507812500000001 0.028125 0.0484375
8 0.40468750000000003 0.7117187500000001 0.043750000000000004 0.1265625
3 0.36171875000000003 0.68125 0.0171875 0.037500000000000006
3 0.35078125000000004 0.625 0.0234375 0.043750000000000004
3 0.38828125 0.6140625000000001 0.0234375 0.046875
3 0.34453125 0.57421875 0.026562500000000003 0.0484375
3 0.33359375 0.51328125 0.0203125 0.035937500000000004
8 0.371875 0.5015625 0.037500000000000006 0.109375
3 0.328125 0.4421875 0.021875000000000002 0.046875
3 0.32265625000000003 0.39140625 0.0203125 0.035937500000000004
8 0.35546875 0.3875 0.0390625 0.10312500000000001
3 0.40390625 0.42421875000000003 0.026562500000000003 0.035937500000000004
3 0.3765625 0.29375 0.025 0.040625
3 0.33906250000000004 0.33125000000000004 0.021875000000000002 0.03125
3 0.31093750000000003 0.32656250000000003 0.018750000000000003 0.034375
3 0.3375 0.28046875 0.021875000000000002 0.035937500000000004
3 0.3015625 0.28046875 0.021875000000000002 0.0390625
3 0.25859375 0.29921875000000003 0.0171875 0.035937500000000004
3 0.22890625 0.284375 0.026562500000000003 0.053125000000000006
3 0.296875 0.2328125 0.018750000000000003 0.028125
4 0.32656250000000003 0.2171875 0.021875000000000002 0.037500000000000006
3 0.29375 0.18671875000000002 0.021875000000000002 0.035937500000000004
3 0.31875000000000003 0.18046875 0.018750000000000003 0.0328125
3 0.35000000000000003 0.17109375000000002 0.021875000000000002 0.0328125
3 0.2890625 0.153125 0.018750000000000003 0.028125
3 0.31640625 0.14375000000000002 0.0171875 0.028125
3 0.27890625 0.09140625000000001 0.0171875 0.0328125
3 0.27265625 0.04296875 0.0171875 0.029687500000000002
3 0.30078125 0.041406250000000006 0.0171875 0.0328125
5 0.30625 0.08515625 0.021875000000000002 0.0546875
3 0.30000000000000004 0.6453125000000001 0.021875000000000002 0.046875
8 0.21953125 0.51171875 0.0328125 0.09843750000000001
