0 0.7765625 0.6570312500000001 0.037500000000000006 0.060937500000000006
3 0.8421875000000001 0.565625 0.059375000000000004 0.05
3 0.7429687500000001 0.51796875 0.0421875 0.0390625
3 0.7390625000000001 0.49296875 0.08750000000000001 0.035937500000000004
3 0.8515625 0.49375 0.065625 0.037500000000000006
3 0.62890625 0.50625 0.0546875 0.043750000000000004
3 0.7937500000000001 0.51796875 0.053125000000000006 0.0484375
4 0.69921875 0.5421875 0.1046875 0.05625
3 0.57578125 0.5375 0.1234375 0.043750000000000004
3 0.49375 0.48359375000000004 0.09062500000000001 0.0390625
3 0.40625 0.49296875 0.053125000000000006 0.0484375
3 0.3875 0.5265625 0.065625 0.040625
2 0.38984375000000004 0.5625 0.0390625 0.025
0 0.33984375 0.6734375 0.026562500000000003 0.06875
0 0.44375000000000003 0.8171875000000001 0.037500000000000006 0.09375
2 0.22421875000000002 0.82578125 0.0546875 0.0546875
0 0.453125 0.36250000000000004 0.0125 0.028125
0 0.4578125 0.3609375 0.0125 0.025
