1 0.6179687500000001 0.0859375 0.0171875 0.034375
1 0.628125 0.14453125 0.021875000000000002 0.029687500000000002
1 0.640625 0.19296875000000002 0.025 0.029687500000000002
1 0.66015625 0.21015625000000002 0.0140625 0.0328125
0 0.5140625 0.5671875000000001 0.021875000000000002 0.025
9 0.62421875 0.0546875 0.060937500000000006 0.040625
0 0.54609375 0.7140625 0.0328125 0.040625
9 0.56875 0.7156250000000001 0.03125 0.0625
5 0.18984375 0.7765625 0.0921875 0.18125000000000002
3 0.34375 0.8421875000000001 0.15937500000000002 0.125
3 0.27890625 0.45703125 0.0921875 0.15156250000000002
3 0.30781250000000004 0.325 0.09375 0.13125
3 0.49062500000000003 0.30000000000000004 0.07187500000000001 0.1125
3 0.35468750000000004 0.16484375 0.08125 0.1265625
3 0.37343750000000003 0.0421875 0.08125 0.08125
