3 0.15156250000000002 0.41015625 0.07500000000000001 0.0484375
3 0.12578125 0.29453125 0.0390625 0.0734375
3 0.16484375 0.27109375 0.0390625 0.0734375
3 0.23515625 0.2171875 0.0390625 0.06875
3 0.2734375 0.21406250000000002 0.034375 0.0625
3 0.30625 0.18125000000000002 0.043750000000000004 0.06875
3 0.33515625000000004 0.15703125 0.045312500000000006 0.0671875
3 0.3828125 0.18125000000000002 0.037500000000000006 0.065625
3 0.19296875000000002 0.1640625 0.0765625 0.037500000000000006
3 0.3953125 0.11953125 0.05625 0.0734375
3 0.40546875000000004 0.08203125 0.0546875 0.060937500000000006
3 0.4578125 0.09375 0.05625 0.065625
3 0.48671875000000003 0.0578125 0.045312500000000006 0.07187500000000001
3 0.525 0.03359375 0.05625 0.0671875
5 0.48671875000000003 0.18828125 0.08281250000000001 0.0703125
4 0.55859375 0.11484375000000001 0.0703125 0.0703125
3 0.065625 0.29921875000000003 0.037500000000000006 0.0703125
3 0.38359375 0.8734375000000001 0.0734375 0.065625
3 0.41718750000000004 0.909375 0.07500000000000001 0.07500000000000001
3 0.20234375000000002 0.6265625 0.0765625 0.0625
3 0.15859375 0.6023437500000001 0.0671875 0.0703125
5 0.11640625 0.21328125 0.09531250000000001 0.0703125
4 0.21328125 0.24609375 0.0390625 0.060937500000000006
3 0.115625 0.540625 0.065625 0.065625
3 0.203125 0.6890625 0.07187500000000001 0.065625
3 0.25234375000000003 0.7921875 0.0765625 0.065625
3 0.26171875 0.72578125 0.07968750000000001 0.0734375
3 0.89609375 0.628125 0.0703125 0.07500000000000001
3 0.796875 0.7093750000000001 0.06875 0.065625
3 0.86484375 0.34921875 0.0671875 0.0578125
3 0.9796875 0.48281250000000003 0.040625 0.0625
