0 0.022656250000000003 0.8578125000000001 0.0421875 0.021875000000000002
0 0.03515625 0.87109375 0.0546875 0.026562500000000003
0 0.02421875 0.83359375 0.045312500000000006 0.0234375
0 0.0703125 0.853125 0.053125000000000006 0.018750000000000003
0 0.12812500000000002 0.8015625000000001 0.053125000000000006 0.034375
0 0.23750000000000002 0.7078125000000001 0.05 0.037500000000000006
0 0.25390625 0.7296875 0.045312500000000006 0.034375
0 0.31328125 0.58125 0.0328125 0.05
0 0.3296875 0.56796875 0.043750000000000004 0.035937500000000004
0 0.41640625000000003 0.5007812500000001 0.0546875 0.0484375
0 0.42890625000000004 0.6195312500000001 0.045312500000000006 0.0421875
0 0.41640625000000003 0.6015625 0.0390625 0.037500000000000006
0 0.41171875 0.59609375 0.0421875 0.0484375
0 0.4453125 0.55078125 0.037500000000000006 0.0390625
0 0.4765625 0.58046875 0.028125 0.0390625
0 0.49453125000000003 0.59765625 0.0390625 0.0390625
0 0.5078125 0.52734375 0.037500000000000006 0.0390625
0 0.60703125 0.5390625 0.0484375 0.040625
0 0.54296875 0.46171875 0.0484375 0.045312500000000006
0 0.625 0.4546875 0.043750000000000004 0.05
0 0.6414062500000001 0.46796875000000004 0.045312500000000006 0.0484375
0 0.6468750000000001 0.50390625 0.034375 0.0484375
0 0.69921875 0.5265625 0.035937500000000004 0.040625
0 0.69921875 0.5421875 0.026562500000000003 0.053125000000000006
0 0.7210937500000001 0.375 0.026562500000000003 0.043750000000000004
0 0.7562500000000001 0.49296875 0.028125 0.0421875
0 0.7609375 0.49765625 0.028125 0.045312500000000006
1 0.7937500000000001 0.47734375 0.021875000000000002 0.0203125
0 0.78125 0.37812500000000004 0.028125 0.05
0 0.78828125 0.4 0.026562500000000003 0.043750000000000004
0 0.8109375000000001 0.38125000000000003 0.034375 0.043750000000000004
0 0.81015625 0.32656250000000003 0.026562500000000003 0.043750000000000004
0 0.821875 0.35625 0.021875000000000002 0.037500000000000006
0 0.8382812500000001 0.40234375 0.029687500000000002 0.051562500000000004
0 0.85546875 0.4 0.0234375 0.043750000000000004
0 0.8812500000000001 0.41171875 0.03125 0.0421875
0 0.66796875 0.34296875000000004 0.026562500000000003 0.0421875
0 0.8054687500000001 0.26875 0.0171875 0.059375000000000004
0 0.8609375 0.31562500000000004 0.021875000000000002 0.043750000000000004
0 0.89375 0.32656250000000003 0.018750000000000003 0.040625
0 0.91328125 0.35234375 0.0328125 0.0484375
0 0.95234375 0.3671875 0.0390625 0.053125000000000006
0 0.97421875 0.24921875000000002 0.026562500000000003 0.035937500000000004
0 0.9796875 0.259375 0.021875000000000002 0.046875
