3 0.284375 0.878125 0.19062500000000002 0.11875000000000001
9 0.109375 0.31875000000000003 0.053125000000000006 0.040625
0 0.13046875 0.34140625 0.0171875 0.035937500000000004
1 0.115625 0.353125 0.018750000000000003 0.028125
9 0.11406250000000001 0.36171875000000003 0.034375 0.0546875
9 0.10859375 0.28359375000000003 0.0484375 0.045312500000000006
9 0.19687500000000002 0.3125 0.037500000000000006 0.053125000000000006
9 0.20703125 0.26328125 0.0140625 0.0484375
9 0.25703125 0.25078125 0.0328125 0.051562500000000004
9 0.28359375000000003 0.24921875000000002 0.035937500000000004 0.0484375
9 0.3171875 0.29609375 0.05 0.051562500000000004
9 0.34375 0.2859375 0.043750000000000004 0.046875
9 0.35078125000000004 0.24609375 0.0390625 0.045312500000000006
9 0.37812500000000004 0.23828125 0.043750000000000004 0.045312500000000006
9 0.39453125 0.22578125000000002 0.035937500000000004 0.045312500000000006
9 0.42578125 0.22187500000000002 0.0484375 0.05
9 0.4578125 0.22031250000000002 0.040625 0.046875
9 0.48046875 0.22109375 0.0484375 0.045312500000000006
9 0.48281250000000003 0.20390625 0.037500000000000006 0.0390625
9 0.5140625 0.20390625 0.037500000000000006 0.0484375
9 0.55078125 0.19765625 0.0328125 0.045312500000000006
9 0.53671875 0.2703125 0.0546875 0.040625
9 0.56953125 0.26171875 0.0546875 0.045312500000000006
9 0.58984375 0.246875 0.0484375 0.043750000000000004
0 0.60859375 0.2328125 0.0203125 0.034375
9 0.5859375 0.19609375 0.043750000000000004 0.0421875
9 0.596875 0.19296875000000002 0.037500000000000006 0.0328125
9 0.6515625 0.1796875 0.043750000000000004 0.040625
9 0.66015625 0.22890625 0.045312500000000006 0.0484375
9 0.7171875000000001 0.2625 0.053125000000000006 0.05
9 0.75390625 0.2625 0.0546875 0.043750000000000004
9 0.72265625 0.21328125 0.0578125 0.045312500000000006
9 0.671875 0.1765625 0.037500000000000006 0.040625
9 0.6960937500000001 0.16718750000000002 0.035937500000000004 0.046875
9 0.7820312500000001 0.25390625 0.0484375 0.045312500000000006
9 0.8382812500000001 0.26953125 0.0578125 0.045312500000000006
9 0.78046875 0.225 0.051562500000000004 0.046875
9 0.7765625 0.20468750000000002 0.059375000000000004 0.043750000000000004
9 0.7937500000000001 0.19296875000000002 0.053125000000000006 0.045312500000000006
9 0.77265625 0.15156250000000002 0.051562500000000004 0.037500000000000006
9 0.79296875 0.15156250000000002 0.0328125 0.040625
9 0.83125 0.19296875000000002 0.05 0.045312500000000006
9 0.86328125 0.19687500000000002 0.0484375 0.043750000000000004
9 0.88203125 0.18828125 0.045312500000000006 0.0390625
9 0.9085937500000001 0.18515625000000002 0.0484375 0.0421875
9 0.82734375 0.15234375 0.0390625 0.0421875
7 0.859375 0.14765625000000002 0.05625 0.0484375
2 0.9031250000000001 0.12734375 0.034375 0.0328125
0 0.2625 0.05859375 0.015625 0.0390625
1 0.26875 0.05 0.00625 0.0125
1 0.4703125 0.07421875 0.015625 0.0171875
0 0.4609375 0.06875 0.025 0.043750000000000004
0 0.46328125000000003 0.049218750000000006 0.0140625 0.0328125
4 0.10546875 0.6140625000000001 0.0859375 0.1375
3 0.1859375 0.6023437500000001 0.08750000000000001 0.1390625
3 0.68359375 0.7664062500000001 0.1859375 0.11093750000000001
3 0.86484375 0.71484375 0.17343750000000002 0.1015625
9 0.87421875 0.59921875 0.0578125 0.06406250000000001
9 0.90234375 0.5867187500000001 0.0546875 0.0734375
9 0.9398437500000001 0.5750000000000001 0.045312500000000006 0.078125
