3 0.521875 0.29765625 0.178125 0.08281250000000001
3 0.6726562500000001 0.23671875 0.1203125 0.09843750000000001
3 0.77734375 0.5484375 0.2171875 0.1
0 0.63828125 0.6421875 0.026562500000000003 0.07500000000000001
1 0.5984375000000001 0.6218750000000001 0.037500000000000006 0.065625
2 0.6023437500000001 0.64453125 0.029687500000000002 0.0671875
0 0.43125 0.5906250000000001 0.028125 0.053125000000000006
0 0.49921875000000004 0.56953125 0.0328125 0.060937500000000006
9 0.48125 0.5437500000000001 0.046875 0.059375000000000004
0 0.4375 0.4734375 0.021875000000000002 0.05625
0 0.38125000000000003 0.45 0.018750000000000003 0.05625
0 0.4265625 0.44765625000000003 0.025 0.0546875
0 0.42812500000000003 0.4265625 0.028125 0.05625
0 0.3984375 0.41953125 0.021875000000000002 0.0546875
0 0.41640625000000003 0.40078125000000003 0.0328125 0.0546875
7 0.48984375 0.9140625 0.0546875 0.16562500000000002
4 0.33828125000000003 0.54453125 0.1703125 0.13593750000000002
3 0.0859375 0.28359375000000003 0.171875 0.07968750000000001
3 0.30078125 0.2984375 0.1078125 0.09375
