0 0.6023437500000001 0.184375 0.0203125 0.037500000000000006
0 0.734375 0.47109375000000003 0.018750000000000003 0.0390625
0 0.79296875 0.5953125 0.0171875 0.028125
0 0.81015625 0.59296875 0.0140625 0.0328125
0 0.82734375 0.59765625 0.0203125 0.035937500000000004
3 0.16953125000000002 0.039843750000000004 0.0484375 0.0703125
4 0.340625 0.3203125 0.06875 0.109375
3 0.38203125000000004 0.74921875 0.08281250000000001 0.1390625
5 0.5421875 0.92734375 0.109375 0.1453125
3 0.6390625000000001 0.23515625 0.06875 0.07968750000000001
