3 0.83984375 0.38046875 0.0671875 0.0484375
3 0.30625 0.47890625000000003 0.115625 0.0546875
0 0.328125 0.43203125000000003 0.015625 0.035937500000000004
3 0.26015625000000003 0.44843750000000004 0.0765625 0.059375000000000004
3 0.44375000000000003 0.36250000000000004 0.07187500000000001 0.05
3 0.38515625000000003 0.35468750000000004 0.0671875 0.053125000000000006
3 0.44609375 0.2109375 0.06406250000000001 0.040625
3 0.6046875 0.2171875 0.065625 0.043750000000000004
3 0.46328125000000003 0.11015625000000001 0.06406250000000001 0.0234375
3 0.47578125000000004 0.09453125000000001 0.0703125 0.029687500000000002
3 0.5 0.07578125000000001 0.065625 0.029687500000000002
