9 0.51015625 0.1234375 0.010937500000000001 0.025
3 0.6257812500000001 0.1265625 0.026562500000000003 0.053125000000000006
3 0.62421875 0.18984375 0.026562500000000003 0.0578125
3 0.325 0.33984375 0.065625 0.029687500000000002
9 0.509375 0.59375 0.021875000000000002 0.00625
9 0.5078125 0.5789062500000001 0.018750000000000003 0.0203125
3 0.43281250000000004 0.7171875000000001 0.034375 0.06875
3 0.42265625 0.8 0.0328125 0.06875
3 0.32890625 0.946875 0.0390625 0.078125
3 0.41484375 0.9320312500000001 0.035937500000000004 0.0765625
0 0.4265625 0.6156250000000001 0.015625 0.0125
3 0.60859375 0.71015625 0.029687500000000002 0.0734375
3 0.70078125 0.6062500000000001 0.026562500000000003 0.053125000000000006
3 0.7054687500000001 0.7703125000000001 0.026562500000000003 0.059375000000000004
3 0.7046875 0.86484375 0.03125 0.060937500000000006
3 0.75546875 0.4109375 0.060937500000000006 0.028125
3 0.7515625 0.3328125 0.065625 0.034375
3 0.76171875 0.37265625 0.060937500000000006 0.029687500000000002
3 0.8601562500000001 0.3609375 0.035937500000000004 0.05625
3 0.90234375 0.37343750000000003 0.0390625 0.05625
3 0.9398437500000001 0.36484375 0.029687500000000002 0.0421875
3 0.9750000000000001 0.37734375000000003 0.037500000000000006 0.0578125
4 0.70234375 0.46718750000000003 0.026562500000000003 0.0625
3 0.70625 0.24296875 0.021875000000000002 0.0484375
