4 0.21406250000000002 0.32343750000000004 0.18125000000000002 0.115625
3 0.6726562500000001 0.5625 0.2078125 0.13125
3 0.45390625 0.43593750000000003 0.2171875 0.10312500000000001
3 0.36796875 0.58203125 0.2390625 0.13593750000000002
0 0.9164062500000001 0.16171875000000002 0.0578125 0.0328125
1 0.7984375 0.27421875 0.07500000000000001 0.0390625
1 0.7781250000000001 0.32109375 0.053125000000000006 0.035937500000000004
1 0.82734375 0.37734375000000003 0.045312500000000006 0.0328125
0 0.8382812500000001 0.45 0.0390625 0.025
0 0.8609375 0.46640625 0.059375000000000004 0.0390625
0 0.6218750000000001 0.6726562500000001 0.059375000000000004 0.035937500000000004
0 0.9453125 0.79453125 0.06875 0.0421875
9 0.6609375000000001 0.7875000000000001 0.05625 0.08125
9 0.8078125 0.3796875 0.084375 0.034375
0 0.039843750000000004 0.27421875 0.0421875 0.035937500000000004
