3 0.36562500000000003 0.5906250000000001 0.021875000000000002 0.025
8 0.37109375 0.6726562500000001 0.045312500000000006 0.0890625
5 0.27734375 0.33203125 0.0140625 0.0203125
5 0.33437500000000003 0.35390625000000003 0.018750000000000003 0.0328125
5 0.29140625000000003 0.4109375 0.0140625 0.025
3 0.27890625 0.36953125000000003 0.010937500000000001 0.010937500000000001
3 0.31640625 0.4234375 0.010937500000000001 0.0125
4 0.39453125 0.4109375 0.0140625 0.0125
3 0.40078125000000003 0.43515625 0.010937500000000001 0.0140625
3 0.19765625 0.47187500000000004 0.0171875 0.0125
0 0.29531250000000003 0.58203125 0.00625 0.0140625
3 0.0546875 0.6195312500000001 0.034375 0.0171875
3 0.05859375 0.6039062500000001 0.0328125 0.0171875
