3 0.05390625 0.1546875 0.0921875 0.153125
3 0.38906250000000003 0.09843750000000001 0.1 0.134375
3 0.2515625 0.22265625 0.065625 0.1328125
3 0.225 0.5750000000000001 0.08750000000000001 0.184375
3 0.44843750000000004 0.34140625 0.08125 0.1609375
3 0.415625 0.5085937500000001 0.08750000000000001 0.1796875
3 0.39921875 0.7250000000000001 0.0765625 0.203125
9 0.33984375 0.6312500000000001 0.0234375 0.078125
1 0.33906250000000004 0.61484375 0.0125 0.035937500000000004
0 0.4703125 0.6796875 0.015625 0.053125000000000006
0 0.6960937500000001 0.5 0.0203125 0.053125000000000006
0 0.7203125 0.49140625000000004 0.015625 0.0421875
0 0.73359375 0.48828125 0.010937500000000001 0.029687500000000002
0 0.721875 0.11875000000000001 0.015625 0.037500000000000006
0 0.7390625000000001 0.11875000000000001 0.0125 0.037500000000000006
3 0.5398437500000001 0.20859375000000002 0.1609375 0.09843750000000001
3 0.85703125 0.078125 0.0734375 0.11875000000000001
