3 0.12421875 0.9851562500000001 0.026562500000000003 0.0234375
3 0.16953125000000002 0.9851562500000001 0.026562500000000003 0.0234375
3 0.153125 0.96875 0.021875000000000002 0.015625
3 0.17343750000000002 0.9554687500000001 0.025 0.0171875
3 0.20625000000000002 0.95234375 0.018750000000000003 0.0171875
3 0.2078125 0.9281250000000001 0.015625 0.0125
3 0.23593750000000002 0.9242187500000001 0.0125 0.010937500000000001
3 0.2671875 0.9390625 0.015625 0.0125
3 0.24765625000000002 0.915625 0.010937500000000001 0.0125
3 0.2625 0.9031250000000001 0.009375000000000001 0.009375000000000001
3 0.2734375 0.89453125 0.009375000000000001 0.0078125
3 0.30781250000000004 0.91953125 0.0125 0.010937500000000001
3 0.23593750000000002 0.8984375 0.009375000000000001 0.00625
3 0.24453125 0.8953125000000001 0.004687500000000001 0.00625
3 0.26406250000000003 0.8914062500000001 0.009375000000000001 0.0078125
3 0.25625000000000003 0.8875000000000001 0.009375000000000001 0.00625
3 0.26796875000000003 0.8835937500000001 0.0171875 0.0078125
3 0.290625 0.8859375 0.0125 0.00625
3 0.30546875 0.88671875 0.0078125 0.004687500000000001
3 0.30625 0.88203125 0.00625 0.004687500000000001
3 0.29531250000000003 0.87421875 0.00625 0.004687500000000001
3 0.29921875000000003 0.86640625 0.004687500000000001 0.004687500000000001
3 0.31093750000000003 0.8671875 0.00625 0.003125
3 0.31015625 0.8625 0.004687500000000001 0.003125
3 0.58984375 0.8953125000000001 0.0234375 0.009375000000000001
3 0.54140625 0.88671875 0.010937500000000001 0.0078125
3 0.55234375 0.9031250000000001 0.026562500000000003 0.009375000000000001
3 0.5421875 0.8992187500000001 0.021875000000000002 0.0078125
3 0.53671875 0.8992187500000001 0.0234375 0.0078125
3 0.4703125 0.89453125 0.021875000000000002 0.0078125
3 0.46406250000000004 0.88984375 0.018750000000000003 0.0078125
3 0.4609375 0.90625 0.025 0.009375000000000001
3 0.45859375 0.90234375 0.0234375 0.0078125
3 0.44843750000000004 0.8984375 0.021875000000000002 0.009375000000000001
3 0.44375000000000003 0.8953125000000001 0.021875000000000002 0.0125
3 0.44140625 0.8914062500000001 0.0203125 0.0078125
3 0.4375 0.8835937500000001 0.021875000000000002 0.0078125
