3 0.6890625 0.5867187500000001 0.10625000000000001 0.11093750000000001
3 0.85703125 0.65625 0.1640625 0.15625
3 0.92890625 0.8234375 0.13593750000000002 0.1625
4 0.78671875 0.51875 0.1078125 0.12187500000000001
1 0.25546875 0.02109375 0.0140625 0.029687500000000002
1 0.3171875 0.037500000000000006 0.015625 0.034375
9 0.2578125 0.03828125 0.037500000000000006 0.0203125
9 0.31953125000000004 0.051562500000000004 0.0234375 0.021875000000000002
9 0.5750000000000001 0.44843750000000004 0.018750000000000003 0.040625
1 0.58046875 0.43046875 0.0203125 0.029687500000000002
9 0.8343750000000001 0.2984375 0.028125 0.05
9 0.8546875 0.30078125 0.021875000000000002 0.0390625
2 0.92578125 0.5453125 0.0484375 0.034375
