8 0.39375000000000004 0.1625 0.028125 0.040625
8 0.4109375 0.32343750000000004 0.05625 0.06875
5 0.23515625 0.3921875 0.0484375 0.053125000000000006
4 0.328125 0.44296875 0.028125 0.0328125
3 0.17500000000000002 0.8421875000000001 0.08125 0.09375
4 0.31640625 0.71484375 0.08281250000000001 0.0765625
3 0.2234375 0.6171875 0.07187500000000001 0.046875
3 0.37109375 0.5734375 0.0703125 0.043750000000000004
4 0.553125 0.596875 0.065625 0.0625
5 0.7664062500000001 0.45937500000000003 0.1203125 0.096875
3 0.68515625 0.6671875 0.0671875 0.040625
3 0.74765625 0.6421875 0.06406250000000001 0.040625
3 0.8031250000000001 0.6109375 0.037500000000000006 0.043750000000000004
3 0.91328125 0.61640625 0.0546875 0.0328125
3 0.8484375000000001 0.5945312500000001 0.043750000000000004 0.045312500000000006
3 0.9078125 0.56640625 0.037500000000000006 0.029687500000000002
3 0.9500000000000001 0.5437500000000001 0.037500000000000006 0.034375
3 0.8968750000000001 0.5453125 0.037500000000000006 0.034375
4 0.5484375 0.9304687500000001 0.059375000000000004 0.0671875
3 0.45390625 0.92734375 0.0546875 0.060937500000000006
3 0.8640625000000001 0.8125 0.043750000000000004 0.046875
3 0.9421875000000001 0.8500000000000001 0.07187500000000001 0.046875
4 0.9031250000000001 0.49609375 0.05 0.0328125
4 0.8601562500000001 0.50625 0.0390625 0.037500000000000006
3 0.7156250000000001 0.5984375000000001 0.040625 0.028125
3 0.76171875 0.55 0.035937500000000004 0.034375
3 0.37109375 0.12187500000000001 0.0140625 0.015625
3 0.37343750000000003 0.09921875000000001 0.015625 0.0203125
8 0.2578125 0.2921875 0.043750000000000004 0.0625
3 0.36796875 0.21796875000000002 0.0203125 0.026562500000000003
0 0.32343750000000004 0.9539062500000001 0.028125 0.045312500000000006
