3 0.03828125 0.384375 0.0390625 0.021875000000000002
3 0.08281250000000001 0.42031250000000003 0.040625 0.018750000000000003
3 0.32734375000000004 0.5078125 0.0421875 0.021875000000000002
4 0.1703125 0.45078125 0.043750000000000004 0.0203125
5 0.24609375 0.478125 0.06406250000000001 0.037500000000000006
4 0.13671875 0.3796875 0.0390625 0.028125
3 0.2515625 0.4546875 0.037500000000000006 0.018750000000000003
3 0.38828125 0.43046875 0.045312500000000006 0.0234375
5 0.42109375000000004 0.49843750000000003 0.0703125 0.043750000000000004
3 0.46406250000000004 0.5398437500000001 0.05 0.0234375
3 0.5734375 0.5242187500000001 0.046875 0.0234375
8 0.62421875 0.56484375 0.0671875 0.0390625
3 0.7609375 0.6046875 0.043750000000000004 0.021875000000000002
8 0.940625 0.63828125 0.08125 0.0421875
3 0.7914062500000001 0.52734375 0.0484375 0.026562500000000003
3 0.8109375000000001 0.596875 0.043750000000000004 0.025
3 0.07187500000000001 0.03125 0.025 0.0125
3 0.0859375 0.0203125 0.025 0.0125
3 0.09453125000000001 0.0140625 0.0203125 0.009375000000000001
3 0.10390625 0.01015625 0.0171875 0.010937500000000001
8 0.18515625000000002 0.109375 0.029687500000000002 0.028125
8 0.28984375 0.01015625 0.026562500000000003 0.0171875
0 0.02734375 0.26796875000000003 0.004687500000000001 0.0140625
0 0.004687500000000001 0.2890625 0.00625 0.0125
0 0.10234375000000001 0.34218750000000003 0.010937500000000001 0.015625
0 0.043750000000000004 0.328125 0.00625 0.0125
0 0.17500000000000002 0.35078125000000004 0.00625 0.0140625
0 0.38828125 0.39296875000000003 0.004687500000000001 0.0140625
0 0.56953125 0.42500000000000004 0.0078125 0.0125
0 0.68515625 0.44921875 0.0078125 0.0140625
0 0.6953125 0.4609375 0.00625 0.015625
0 0.765625 0.46875 0.009375000000000001 0.015625
