3 0.1265625 0.23828125 0.043750000000000004 0.045312500000000006
5 0.13203125000000002 0.36953125000000003 0.060937500000000006 0.0703125
9 0.28515625 0.53359375 0.026562500000000003 0.035937500000000004
3 0.55859375 0.06171875 0.026562500000000003 0.0234375
3 0.61875 0.11875000000000001 0.03125 0.03125
3 0.7835937500000001 0.27890625 0.07968750000000001 0.0328125
3 0.640625 0.14375000000000002 0.034375 0.034375
3 0.76484375 0.25078125 0.0671875 0.0328125
3 0.6843750000000001 0.19687500000000002 0.059375000000000004 0.025
3 0.82578125 0.30703125000000003 0.0703125 0.0328125
5 0.58046875 0.38125000000000003 0.24531250000000002 0.140625
