9 0.6578125 0.9546875 0.09062500000000001 0.07187500000000001
6 0.78828125 0.93359375 0.0421875 0.0671875
9 0.696875 0.74140625 0.025 0.051562500000000004
9 0.66171875 0.6921875000000001 0.0234375 0.046875
9 0.6335937500000001 0.69453125 0.0328125 0.045312500000000006
2 0.62421875 0.63828125 0.0203125 0.0390625
3 0.5750000000000001 0.8453125 0.16562500000000002 0.09375
3 0.54140625 0.7859375000000001 0.1546875 0.078125
3 0.44843750000000004 0.61484375 0.125 0.06406250000000001
4 0.43046875 0.54921875 0.1328125 0.06406250000000001
9 0.45625000000000004 0.434375 0.037500000000000006 0.028125
9 0.43671875000000004 0.42500000000000004 0.0421875 0.025
9 0.45078125 0.41328125000000004 0.035937500000000004 0.026562500000000003
9 0.42890625000000004 0.38984375000000004 0.0234375 0.0328125
9 0.4140625 0.37578125 0.025 0.035937500000000004
0 0.33671875 0.5281250000000001 0.0171875 0.05
1 0.28984375 0.5867187500000001 0.029687500000000002 0.035937500000000004
9 0.28515625 0.6125 0.0234375 0.037500000000000006
1 0.30625 0.43671875000000004 0.018750000000000003 0.026562500000000003
9 0.30312500000000003 0.45546875000000003 0.015625 0.029687500000000002
4 0.359375 0.3640625 0.043750000000000004 0.05
3 0.34921875 0.3359375 0.029687500000000002 0.03125
4 0.35234375 0.32265625000000003 0.029687500000000002 0.0328125
3 0.321875 0.30546875 0.043750000000000004 0.029687500000000002
4 0.30781250000000004 0.29140625000000003 0.053125000000000006 0.0328125
3 0.31015625 0.2890625 0.0734375 0.025
3 0.31875000000000003 0.2703125 0.03125 0.021875000000000002
3 0.3171875 0.25625000000000003 0.028125 0.028125
3 0.34218750000000003 0.2421875 0.03125 0.03125
3 0.3015625 0.23750000000000002 0.025 0.018750000000000003
3 0.3015625 0.23046875 0.018750000000000003 0.0140625
3 0.296875 0.22578125000000002 0.025 0.0203125
3 0.290625 0.21640625000000002 0.025 0.026562500000000003
3 0.2859375 0.20703125 0.021875000000000002 0.026562500000000003
3 0.278125 0.1953125 0.021875000000000002 0.021875000000000002
3 0.2765625 0.1859375 0.018750000000000003 0.021875000000000002
3 0.29140625000000003 0.171875 0.035937500000000004 0.018750000000000003
3 0.278125 0.16718750000000002 0.037500000000000006 0.0125
3 0.26328125 0.16484375 0.0140625 0.010937500000000001
3 0.26484375 0.1625 0.0203125 0.021875000000000002
3 0.26171875 0.16015625 0.0203125 0.0203125
3 0.26015625000000003 0.21875 0.0203125 0.025
1 0.25703125 0.23984375000000002 0.010937500000000001 0.0140625
9 0.25546875 0.2515625 0.0078125 0.015625
1 0.24453125 0.1953125 0.0140625 0.015625
9 0.24140625000000002 0.20703125 0.010937500000000001 0.0171875
3 0.29140625000000003 0.14375000000000002 0.0390625 0.015625
4 0.24453125 0.1234375 0.0171875 0.018750000000000003
1 0.22187500000000002 0.1296875 0.00625 0.0125
2 0.22187500000000002 0.13671875 0.00625 0.010937500000000001
2 0.20468750000000002 0.1484375 0.009375000000000001 0.009375000000000001
1 0.20468750000000002 0.14140625 0.009375000000000001 0.010937500000000001
4 0.19062500000000002 0.12265625000000001 0.015625 0.0171875
3 0.18515625000000002 0.09453125000000001 0.0140625 0.0140625
3 0.19843750000000002 0.07109375 0.0125 0.010937500000000001
3 0.16328125000000002 0.13671875 0.0171875 0.0171875
4 0.19062500000000002 0.16953125000000002 0.018750000000000003 0.0234375
3 0.153125 0.27265625 0.03125 0.029687500000000002
3 0.22812500000000002 0.51171875 0.05625 0.051562500000000004
3 0.21328125 0.4578125 0.051562500000000004 0.046875
3 0.19140625 0.39453125 0.051562500000000004 0.045312500000000006
3 0.12109375 0.35703125 0.045312500000000006 0.035937500000000004
4 0.109375 0.10859375 0.015625 0.0171875
3 0.07968750000000001 0.1609375 0.018750000000000003 0.018750000000000003
3 0.051562500000000004 0.153125 0.015625 0.015625
3 0.08828125 0.15156250000000002 0.0234375 0.018750000000000003
3 0.039843750000000004 0.125 0.0140625 0.0125
8 0.0890625 0.09453125000000001 0.018750000000000003 0.026562500000000003
