3 0.08750000000000001 0.571875 0.146875 0.140625
3 0.7312500000000001 0.69921875 0.284375 0.13593750000000002
3 0.54140625 0.51328125 0.2234375 0.1265625
3 0.45390625 0.44765625000000003 0.24531250000000002 0.1015625
3 0.42500000000000004 0.390625 0.21250000000000002 0.10625000000000001
3 0.37265625 0.3328125 0.1796875 0.10312500000000001
3 0.37343750000000003 0.27109375 0.19062500000000002 0.0703125
1 0.5242187500000001 0.27109375 0.026562500000000003 0.0328125
3 0.41640625000000003 0.2390625 0.17343750000000002 0.08125
3 0.5203125000000001 0.13984375000000002 0.146875 0.0671875
3 0.5296875 0.1203125 0.14375000000000002 0.065625
3 0.56875 0.09531250000000001 0.10312500000000001 0.05
0 0.49843750000000003 0.0671875 0.018750000000000003 0.037500000000000006
3 0.5398437500000001 0.045312500000000006 0.1171875 0.0625
4 0.4 0.045312500000000006 0.13125 0.065625
4 0.25234375000000003 0.09531250000000001 0.1078125 0.07500000000000001
4 0.14296875 0.05859375 0.13593750000000002 0.0703125
3 0.20078125000000002 0.11640625 0.1234375 0.07968750000000001
