0 0.98046875 0.828125 0.0328125 0.09062500000000001
0 0.734375 0.353125 0.021875000000000002 0.053125000000000006
0 0.78671875 0.35781250000000003 0.0171875 0.040625
0 0.7765625 0.3609375 0.0125 0.037500000000000006
3 0.95234375 0.184375 0.0703125 0.037500000000000006
3 0.9476562500000001 0.24609375 0.06406250000000001 0.035937500000000004
4 0.8703125 0.16015625 0.065625 0.045312500000000006
4 0.8359375 0.22031250000000002 0.065625 0.046875
4 0.765625 0.146875 0.07187500000000001 0.040625
3 0.5734375 0.10703125000000001 0.07187500000000001 0.035937500000000004
3 0.7273437500000001 0.13515625 0.060937500000000006 0.035937500000000004
3 0.69921875 0.12734375 0.060937500000000006 0.035937500000000004
3 0.6734375 0.13125 0.059375000000000004 0.037500000000000006
3 0.64609375 0.1234375 0.060937500000000006 0.037500000000000006
3 0.759375 0.209375 0.0625 0.037500000000000006
3 0.7234375000000001 0.20078125000000002 0.0625 0.035937500000000004
3 0.6890625 0.19609375 0.0625 0.035937500000000004
3 0.6570312500000001 0.18515625000000002 0.060937500000000006 0.035937500000000004
3 0.6351562500000001 0.18359375 0.060937500000000006 0.035937500000000004
3 0.4109375 0.36484375 0.109375 0.0734375
3 0.3453125 0.6429687500000001 0.19062500000000002 0.1265625
3 0.08203125 0.82734375 0.1609375 0.15781250000000002
3 0.05078125 0.55703125 0.09843750000000001 0.09843750000000001
