3 0.42500000000000004 0.775 0.0625 0.025
3 0.4109375 0.7625000000000001 0.053125000000000006 0.018750000000000003
3 0.41484375 0.7429687500000001 0.0484375 0.0203125
4 0.40078125000000003 0.7265625 0.0671875 0.028125
3 0.19140625 0.38125000000000003 0.010937500000000001 0.009375000000000001
3 0.28828125 0.5171875 0.026562500000000003 0.0125
3 0.22890625 0.43593750000000003 0.026562500000000003 0.0125
3 0.28046875 0.50625 0.0328125 0.0125
3 0.27265625 0.5 0.026562500000000003 0.0125
3 0.26953125 0.496875 0.026562500000000003 0.015625
3 0.26875 0.4890625 0.028125 0.0125
3 0.240625 0.45625000000000004 0.021875000000000002 0.0125
3 0.22968750000000002 0.44375000000000003 0.021875000000000002 0.0125
0 0.0421875 0.61640625 0.00625 0.0171875
