3 0.7703125000000001 0.46718750000000003 0.203125 0.12812500000000002
0 0.21406250000000002 0.509375 0.043750000000000004 0.096875
0 0.41171875 0.4765625 0.0421875 0.078125
0 0.6195312500000001 0.33359375 0.0328125 0.0859375
0 0.5234375 0.30312500000000003 0.03125 0.0625
0 0.4421875 0.10312500000000001 0.028125 0.065625
0 0.4140625 0.1328125 0.025 0.059375000000000004
0 0.38828125 0.14140625 0.026562500000000003 0.0671875
0 0.35703125 0.15234375 0.029687500000000002 0.07968750000000001
0 0.2234375 0.28359375000000003 0.028125 0.08281250000000001
0 0.19062500000000002 0.284375 0.034375 0.059375000000000004
0 0.1703125 0.296875 0.03125 0.053125000000000006
0 0.31093750000000003 0.2234375 0.028125 0.07187500000000001
1 0.30703125000000003 0.2671875 0.029687500000000002 0.059375000000000004
1 0.37734375000000003 0.20234375000000002 0.0328125 0.0484375
1 0.40390625 0.21796875000000002 0.0328125 0.0484375
2 0.31171875000000004 0.2921875 0.0390625 0.065625
2 0.24140625000000002 0.2921875 0.0390625 0.0625
6 0.38828125 0.234375 0.060937500000000006 0.0625
1 0.8812500000000001 0.68671875 0.037500000000000006 0.051562500000000004
1 0.93359375 0.68515625 0.035937500000000004 0.0546875
