5 0.07734375 0.6156250000000001 0.0671875 0.037500000000000006
3 0.1421875 0.62109375 0.037500000000000006 0.0234375
3 0.17500000000000002 0.037500000000000006 0.034375 0.021875000000000002
3 0.17421875 0.10312500000000001 0.035937500000000004 0.018750000000000003
4 0.1640625 0.16484375 0.034375 0.0203125
3 0.1625 0.22187500000000002 0.046875 0.021875000000000002
3 0.15859375 0.28828125 0.0390625 0.0171875
3 0.15234375 0.32421875 0.0421875 0.0203125
3 0.14765625000000002 0.39921875 0.0484375 0.0203125
3 0.13828125 0.44296875 0.045312500000000006 0.0234375
9 0.14296875 0.49296875 0.0140625 0.0171875
4 0.09921875000000001 0.5 0.026562500000000003 0.043750000000000004
3 0.049218750000000006 0.51796875 0.0171875 0.0328125
9 0.1421875 0.45937500000000003 0.021875000000000002 0.0125
0 0.02734375 0.01015625 0.004687500000000001 0.010937500000000001
3 0.20625000000000002 0.62421875 0.053125000000000006 0.0234375
3 0.2671875 0.6273437500000001 0.046875 0.026562500000000003
3 0.32343750000000004 0.628125 0.05 0.025
3 0.39375000000000004 0.6312500000000001 0.05 0.025
3 0.35703125 0.71015625 0.051562500000000004 0.029687500000000002
3 0.45859375 0.6328125 0.0546875 0.025
3 0.48828125 0.5140625 0.0203125 0.040625
3 0.3828125 0.30859375 0.021875000000000002 0.045312500000000006
3 0.35546875 0.309375 0.0171875 0.040625
3 0.5046875000000001 0.03359375 0.040625 0.029687500000000002
3 0.53671875 0.17265625 0.0484375 0.0234375
3 0.5140625 0.20625000000000002 0.043750000000000004 0.025
3 0.5140625 0.2625 0.043750000000000004 0.025
3 0.5203125000000001 0.31171875000000004 0.043750000000000004 0.0203125
3 0.52109375 0.33359375 0.0421875 0.0203125
3 0.5242187500000001 0.37421875000000004 0.0484375 0.0203125
3 0.5203125000000001 0.3984375 0.046875 0.018750000000000003
3 0.53046875 0.41875 0.0484375 0.018750000000000003
3 0.5265625 0.43593750000000003 0.05 0.021875000000000002
9 0.51328125 0.22968750000000002 0.0171875 0.0125
9 0.5296875 0.246875 0.018750000000000003 0.009375000000000001
3 0.759375 0.029687500000000002 0.040625 0.021875000000000002
3 0.796875 0.07500000000000001 0.021875000000000002 0.037500000000000006
3 0.85859375 0.18125000000000002 0.0546875 0.025
3 0.8703125 0.2234375 0.043750000000000004 0.025
3 0.88984375 0.2890625 0.0484375 0.021875000000000002
4 0.8921875 0.30859375 0.046875 0.0234375
3 0.8984375 0.41171875 0.046875 0.0328125
3 0.9015625 0.390625 0.046875 0.040625
3 0.9148437500000001 0.52265625 0.0328125 0.0484375
3 0.52890625 0.6359375 0.0484375 0.025
3 0.59609375 0.6359375 0.0546875 0.025
3 0.6546875000000001 0.6359375 0.053125000000000006 0.028125
3 0.71796875 0.640625 0.051562500000000004 0.021875000000000002
3 0.7828125 0.640625 0.053125000000000006 0.025
4 0.84375 0.640625 0.05 0.025
3 0.9085937500000001 0.6414062500000001 0.0578125 0.026562500000000003
3 0.97265625 0.64453125 0.051562500000000004 0.0234375
