3 0.36875 0.06796875000000001 0.03125 0.026562500000000003
4 0.43203125000000003 0.053125000000000006 0.045312500000000006 0.021875000000000002
4 0.40156250000000004 0.21484375 0.037500000000000006 0.0390625
4 0.51953125 0.11093750000000001 0.0390625 0.021875000000000002
3 0.525 0.09375 0.037500000000000006 0.018750000000000003
4 0.5875 0.0921875 0.043750000000000004 0.025
3 0.71640625 0.05625 0.045312500000000006 0.018750000000000003
3 0.603125 0.0578125 0.043750000000000004 0.025
3 0.70625 0.08750000000000001 0.037500000000000006 0.021875000000000002
4 0.67890625 0.1453125 0.0484375 0.025
3 0.4453125 0.25234375000000003 0.046875 0.0234375
3 0.43281250000000004 0.29609375 0.043750000000000004 0.0203125
3 0.45937500000000003 0.33203125 0.040625 0.029687500000000002
3 0.51328125 0.36875 0.0421875 0.037500000000000006
0 0.49453125000000003 0.33203125 0.0078125 0.010937500000000001
0 0.50390625 0.32578125 0.010937500000000001 0.0140625
4 0.69453125 0.26328125 0.0484375 0.0234375
3 0.66796875 0.30234375 0.0390625 0.0234375
0 0.48203125 0.74609375 0.010937500000000001 0.010937500000000001
0 0.47187500000000004 0.7578125 0.00625 0.009375000000000001
0 0.47265625 0.7515625 0.0078125 0.009375000000000001
8 0.509375 0.7515625 0.059375000000000004 0.07187500000000001
8 0.60703125 0.7312500000000001 0.07968750000000001 0.096875
8 0.6312500000000001 0.7515625 0.06875 0.084375
0 0.6726562500000001 0.73359375 0.0078125 0.0140625
8 0.5 0.8343750000000001 0.10312500000000001 0.15000000000000002
0 0.74609375 0.9453125 0.010937500000000001 0.015625
0 0.75703125 0.9281250000000001 0.010937500000000001 0.0125
0 0.7664062500000001 0.925 0.010937500000000001 0.0125
8 0.690625 0.87421875 0.10312500000000001 0.1046875
8 0.7015625000000001 0.8367187500000001 0.109375 0.1078125
8 0.721875 0.8046875 0.109375 0.109375
8 0.74375 0.7757812500000001 0.078125 0.0859375
8 0.77265625 0.7546875000000001 0.0671875 0.065625
8 0.70078125 0.6390625000000001 0.0765625 0.11875000000000001
4 0.64609375 0.6046875 0.0390625 0.043750000000000004
8 0.76484375 0.5359375000000001 0.0578125 0.078125
8 0.853125 0.55390625 0.1 0.09531250000000001
8 0.8375 0.584375 0.08125 0.08125
8 0.80859375 0.60078125 0.1046875 0.09843750000000001
8 0.7992187500000001 0.63984375 0.09843750000000001 0.1015625
8 0.78671875 0.671875 0.1078125 0.1125
8 0.7765625 0.70625 0.1125 0.1125
8 0.8046875 0.4 0.08125 0.10312500000000001
3 0.9750000000000001 0.47578125000000004 0.021875000000000002 0.0390625
0 0.91328125 0.11406250000000001 0.004687500000000001 0.015625
0 0.9265625000000001 0.11015625000000001 0.00625 0.0140625
0 0.9484375 0.08046875 0.00625 0.0140625
0 0.95234375 0.08281250000000001 0.004687500000000001 0.009375000000000001
0 0.95703125 0.07890625000000001 0.004687500000000001 0.010937500000000001
3 0.0125 0.8234375 0.021875000000000002 0.040625
