2 0.74375 0.209375 0.07187500000000001 0.040625
1 0.765625 0.19765625 0.021875000000000002 0.035937500000000004
0 0.821875 0.15703125 0.025 0.0484375
2 0.7718750000000001 0.16171875000000002 0.053125000000000006 0.051562500000000004
9 0.29531250000000003 0.8796875000000001 0.059375000000000004 0.125
9 0.3046875 0.7546875000000001 0.059375000000000004 0.109375
9 0.31093750000000003 0.65625 0.05625 0.084375
9 0.3515625 0.60859375 0.096875 0.09843750000000001
0 0.24140625000000002 0.6125 0.0328125 0.078125
1 0.32656250000000003 0.6195312500000001 0.037500000000000006 0.0578125
