7 0.5906250000000001 0.13593750000000002 0.18125000000000002 0.115625
0 0.71640625 0.6843750000000001 0.0484375 0.053125000000000006
0 0.71640625 0.7953125000000001 0.0484375 0.07500000000000001
0 0.67890625 0.8578125000000001 0.0734375 0.046875
6 0.328125 0.6648437500000001 0.19062500000000002 0.18906250000000002
1 0.39453125 0.6359375 0.0484375 0.053125000000000006
0 0.08203125 0.66328125 0.0546875 0.045312500000000006
1 0.60703125 0.6648437500000001 0.0484375 0.0546875
6 0.58515625 0.7054687500000001 0.1640625 0.1796875
6 0.48750000000000004 0.36875 0.1625 0.13125
