3 0.7765625 0.50625 0.19375 0.36562500000000003
3 0.59765625 0.21796875000000002 0.2015625 0.27968750000000003
3 0.30390625000000004 0.11953125 0.3015625 0.23593750000000002
2 0.49296875 0.534375 0.0703125 0.1625
0 0.51484375 0.46171875 0.0484375 0.1328125
0 0.40859375000000003 0.49453125000000003 0.06406250000000001 0.11406250000000001
0 0.40937500000000004 0.3796875 0.043750000000000004 0.12187500000000001
0 0.34609375000000003 0.40546875000000004 0.045312500000000006 0.1234375
0 0.88828125 0.0703125 0.051562500000000004 0.09062500000000001
9 0.88203125 0.09609375 0.0890625 0.0921875
