3 0.19687500000000002 0.6359375 0.065625 0.10312500000000001
3 0.2078125 0.33515625000000004 0.043750000000000004 0.0671875
3 0.053125000000000006 0.30312500000000003 0.043750000000000004 0.09062500000000001
3 0.1640625 0.13984375000000002 0.037500000000000006 0.0484375
3 0.1 0.07500000000000001 0.037500000000000006 0.05
3 0.146875 0.41015625 0.05 0.0765625
9 0.26406250000000003 0.0734375 0.015625 0.028125
9 0.49296875 0.6734375 0.026562500000000003 0.053125000000000006
0 0.55625 0.5320312500000001 0.0125 0.0421875
1 0.49375 0.6648437500000001 0.018750000000000003 0.029687500000000002
1 0.2671875 0.065625 0.018750000000000003 0.0125
