3 0.940625 0.041406250000000006 0.018750000000000003 0.026562500000000003
3 0.93515625 0.06875 0.0203125 0.028125
3 0.95234375 0.1 0.0203125 0.028125
4 0.93125 0.12421875 0.021875000000000002 0.035937500000000004
3 0.9578125000000001 0.15390625000000002 0.021875000000000002 0.029687500000000002
3 0.9359375000000001 0.1875 0.021875000000000002 0.037500000000000006
5 0.93671875 0.22812500000000002 0.026562500000000003 0.05625
3 0.9671875000000001 0.20546875 0.021875000000000002 0.029687500000000002
3 0.96796875 0.26640625 0.026562500000000003 0.035937500000000004
8 0.9460937500000001 0.32656250000000003 0.035937500000000004 0.11875000000000001
5 0.9812500000000001 0.34296875000000004 0.034375 0.0703125
3 0.9484375 0.434375 0.025 0.046875
4 0.953125 0.509375 0.028125 0.05
3 0.9578125000000001 0.584375 0.028125 0.05625
3 0.96796875 0.6687500000000001 0.0328125 0.05625
3 0.97421875 0.8546875 0.0328125 0.065625
