0 0.8296875 0.9695312500000001 0.00625 0.0140625
1 0.8640625000000001 0.96015625 0.00625 0.0078125
2 0.8640625000000001 0.96484375 0.00625 0.0078125
0 0.7820312500000001 0.9515625000000001 0.004687500000000001 0.0125
0 0.7757812500000001 0.9484375 0.004687500000000001 0.0125
0 0.77109375 0.96484375 0.004687500000000001 0.0171875
0 0.7640625000000001 0.9640625 0.00625 0.015625
0 0.9125000000000001 0.890625 0.003125 0.0125
3 0.7445312500000001 0.9242187500000001 0.0328125 0.0140625
3 0.70078125 0.9242187500000001 0.0171875 0.010937500000000001
5 0.7828125 0.9234375 0.021875000000000002 0.0125
5 0.78671875 0.915625 0.026562500000000003 0.015625
3 0.8250000000000001 0.9070312500000001 0.009375000000000001 0.0078125
3 0.84296875 0.8984375 0.0078125 0.00625
3 0.8539062500000001 0.8992187500000001 0.0078125 0.0078125
4 0.8375 0.91953125 0.00625 0.0078125
3 0.8421875000000001 0.93125 0.009375000000000001 0.009375000000000001
3 0.8601562500000001 0.9148437500000001 0.0078125 0.0078125
3 0.8625 0.9242187500000001 0.009375000000000001 0.0078125
4 0.86484375 0.9320312500000001 0.010937500000000001 0.0140625
3 0.84765625 0.9359375000000001 0.010937500000000001 0.009375000000000001
3 0.8601562500000001 0.94453125 0.0140625 0.010937500000000001
3 0.82578125 0.94296875 0.0171875 0.010937500000000001
3 0.80859375 0.9390625 0.010937500000000001 0.009375000000000001
3 0.9015625 0.93125 0.028125 0.0125
3 0.9085937500000001 0.92734375 0.026562500000000003 0.0078125
3 0.9007812500000001 0.92734375 0.0203125 0.010937500000000001
3 0.8765625 0.9640625 0.015625 0.0125
3 0.85703125 0.96875 0.0234375 0.0125
3 0.815625 0.98046875 0.018750000000000003 0.0171875
3 0.8539062500000001 0.98984375 0.0171875 0.0140625
