9 0.19609375 0.6117187500000001 0.029687500000000002 0.0546875
0 0.63984375 0.9515625000000001 0.026562500000000003 0.015625
4 0.525 0.72265625 0.065625 0.0578125
3 0.51875 0.6765625000000001 0.08125 0.0625
3 0.5085937500000001 0.6273437500000001 0.08281250000000001 0.06406250000000001
3 0.50703125 0.56796875 0.0734375 0.0703125
4 0.49296875 0.49609375 0.0765625 0.0859375
3 0.5953125 0.3125 0.05 0.096875
3 0.503125 0.35390625000000003 0.07500000000000001 0.0578125
3 0.51015625 0.30390625000000004 0.08281250000000001 0.0578125
3 0.49843750000000003 0.2546875 0.065625 0.053125000000000006
4 0.6890625 0.140625 0.08125 0.053125000000000006
3 0.67109375 0.09921875000000001 0.0921875 0.045312500000000006
3 0.13515625 0.2921875 0.0890625 0.09062500000000001
9 0.039843750000000004 0.27109375 0.0234375 0.06406250000000001
3 0.49062500000000003 0.030468750000000003 0.05 0.0578125
