0 0.021875000000000002 0.35234375 0.021875000000000002 0.0578125
0 0.07578125000000001 0.43046875 0.0234375 0.0546875
0 0.022656250000000003 0.6609375000000001 0.0234375 0.0625
9 0.82421875 0.43515625 0.0671875 0.0484375
0 0.87109375 0.4890625 0.045312500000000006 0.040625
9 0.7445312500000001 0.48515625 0.0390625 0.0703125
9 0.7273437500000001 0.4078125 0.0390625 0.06875
9 0.6671875 0.565625 0.037500000000000006 0.065625
9 0.60703125 0.5296875 0.026562500000000003 0.08125
2 0.5046875000000001 0.48515625 0.021875000000000002 0.06406250000000001
1 0.53046875 0.44375000000000003 0.0234375 0.037500000000000006
0 0.6796875 0.42734375 0.034375 0.0578125
0 0.6414062500000001 0.38984375000000004 0.035937500000000004 0.06406250000000001
0 0.65625 0.3875 0.043750000000000004 0.05625
