3 0.16015625 0.78515625 0.1015625 0.0421875
4 0.18046875 0.7140625 0.0921875 0.046875
3 0.12109375 0.909375 0.045312500000000006 0.10625000000000001
3 0.18125000000000002 0.8914062500000001 0.043750000000000004 0.0734375
4 0.29375 0.9015625 0.05 0.1125
3 0.35000000000000003 0.8968750000000001 0.043750000000000004 0.10312500000000001
3 0.40546875000000004 0.8968750000000001 0.045312500000000006 0.10312500000000001
9 0.6000000000000001 0.9304687500000001 0.018750000000000003 0.0578125
9 0.5632812500000001 0.92109375 0.0484375 0.0203125
9 0.765625 0.7781250000000001 0.05 0.021875000000000002
1 0.76484375 0.7765625 0.026562500000000003 0.015625
3 0.8421875000000001 0.71640625 0.10312500000000001 0.0484375
4 0.665625 0.75390625 0.10312500000000001 0.045312500000000006
3 0.7765625 0.6515625 0.096875 0.046875
4 0.8148437500000001 0.5867187500000001 0.1046875 0.0546875
4 0.640625 0.6195312500000001 0.08750000000000001 0.045312500000000006
3 0.525 0.6820312500000001 0.10312500000000001 0.0421875
8 0.4765625 0.7578125 0.1375 0.053125000000000006
3 0.48281250000000003 0.5390625 0.1 0.05
0 0.359375 0.609375 0.0125 0.037500000000000006
3 0.36250000000000004 0.6890625 0.1 0.053125000000000006
3 0.07734375 0.5703125 0.09843750000000001 0.046875
