0 0.578125 0.8984375 0.025 0.043750000000000004
2 0.3125 0.8140625 0.065625 0.046875
2 0.58828125 0.9476562500000001 0.1171875 0.060937500000000006
2 0.47968750000000004 0.7445312500000001 0.046875 0.0421875
2 0.40390625 0.7250000000000001 0.051562500000000004 0.03125
9 0.34218750000000003 0.71875 0.046875 0.037500000000000006
9 0.28750000000000003 0.70625 0.037500000000000006 0.034375
9 0.2609375 0.6875 0.018750000000000003 0.040625
0 0.06484375 0.80234375 0.029687500000000002 0.0484375
2 0.16328125000000002 0.67109375 0.0203125 0.035937500000000004
3 0.8382812500000001 0.57734375 0.0703125 0.0734375
3 0.15546875000000002 0.5867187500000001 0.0671875 0.06406250000000001
3 0.07187500000000001 0.57265625 0.084375 0.0734375
3 0.225 0.47421875 0.078125 0.0546875
3 0.1609375 0.4625 0.084375 0.05
3 0.078125 0.44843750000000004 0.065625 0.053125000000000006
3 0.08125 0.38515625000000003 0.1 0.035937500000000004
3 0.14453125 0.32890625 0.09843750000000001 0.0421875
3 0.16718750000000002 0.31328125 0.1 0.0328125
3 0.17109375000000002 0.29921875000000003 0.0890625 0.0328125
3 0.21250000000000002 0.28203125 0.10312500000000001 0.035937500000000004
3 0.2171875 0.2515625 0.084375 0.021875000000000002
4 0.25859375 0.22812500000000002 0.0734375 0.034375
3 0.28984375 0.21640625000000002 0.0578125 0.0328125
3 0.203125 0.209375 0.034375 0.046875
3 0.26484375 0.18125000000000002 0.029687500000000002 0.03125
3 0.2171875 0.16953125000000002 0.040625 0.0328125
3 0.0484375 0.18125000000000002 0.07500000000000001 0.025
3 0.1171875 0.18828125 0.040625 0.0390625
3 0.109375 0.15546875000000002 0.07187500000000001 0.029687500000000002
3 0.16796875 0.11328125 0.0546875 0.029687500000000002
3 0.14765625000000002 0.13671875 0.0734375 0.026562500000000003
3 0.20078125000000002 0.10390625 0.0484375 0.029687500000000002
3 0.22812500000000002 0.09062500000000001 0.06875 0.028125
3 0.1703125 0.06875 0.040625 0.034375
3 0.29375 0.08281250000000001 0.034375 0.025
3 0.34765625 0.17421875 0.0671875 0.026562500000000003
3 0.35703125 0.15546875000000002 0.0578125 0.0234375
3 0.25 0.06640625 0.05625 0.0234375
3 0.27265625 0.0546875 0.0765625 0.025
