3 0.2171875 0.875 0.115625 0.096875
3 0.21484375 0.79296875 0.1046875 0.09531250000000001
3 0.19609375 0.665625 0.09843750000000001 0.09375
2 0.04609375 0.74609375 0.0328125 0.051562500000000004
3 0.7429687500000001 0.91953125 0.24531250000000002 0.1203125
3 0.80859375 0.79609375 0.2015625 0.0890625
3 0.8359375 0.73046875 0.134375 0.0890625
3 0.91328125 0.7507812500000001 0.0328125 0.07968750000000001
3 0.9242187500000001 0.64765625 0.029687500000000002 0.0671875
4 0.76875 0.67578125 0.16562500000000002 0.0890625
2 0.7515625 0.6101562500000001 0.0625 0.0421875
2 0.86640625 0.59609375 0.0546875 0.035937500000000004
3 0.5125000000000001 0.6640625 0.09375 0.078125
3 0.47734375 0.6218750000000001 0.0859375 0.07187500000000001
3 0.43125 0.5609375 0.07500000000000001 0.059375000000000004
3 0.4078125 0.52109375 0.06875 0.0578125
3 0.16640625 0.60546875 0.08281250000000001 0.0703125
3 0.16718750000000002 0.5609375 0.07187500000000001 0.05625
3 0.15781250000000002 0.5234375 0.06875 0.0625
3 0.16718750000000002 0.49062500000000003 0.08125 0.06875
3 0.15000000000000002 0.43671875000000004 0.059375000000000004 0.0484375
3 0.13359375 0.40390625 0.0546875 0.0390625
3 0.12734375 0.3828125 0.045312500000000006 0.03125
3 0.12734375 0.36640625000000004 0.0484375 0.029687500000000002
3 0.29531250000000003 0.359375 0.05 0.034375
3 0.33906250000000004 0.40625 0.05625 0.040625
0 0.2328125 0.49765625 0.028125 0.0578125
0 0.26640625 0.49765625 0.0234375 0.0546875
2 0.44375000000000003 0.4578125 0.021875000000000002 0.040625
3 0.6179687500000001 0.415625 0.1078125 0.046875
3 0.25 0.284375 0.034375 0.025
3 0.22109375 0.23750000000000002 0.029687500000000002 0.021875000000000002
3 0.22968750000000002 0.21875 0.028125 0.021875000000000002
9 0.12109375 0.2421875 0.010937500000000001 0.015625
1 0.1203125 0.23515625 0.009375000000000001 0.0171875
