0 0.225 0.065625 0.009375000000000001 0.025
1 0.34609375000000003 0.0140625 0.010937500000000001 0.018750000000000003
0 0.36250000000000004 0.0140625 0.009375000000000001 0.018750000000000003
4 0.246875 0.13671875 0.037500000000000006 0.051562500000000004
9 0.30781250000000004 0.15625 0.015625 0.028125
9 0.32265625000000003 0.15156250000000002 0.0140625 0.028125
4 0.40078125000000003 0.16015625 0.0765625 0.0421875
4 0.41484375 0.17500000000000002 0.0765625 0.040625
3 0.41718750000000004 0.19140625 0.065625 0.035937500000000004
3 0.40546875000000004 0.22578125000000002 0.0390625 0.035937500000000004
4 0.4234375 0.25859375 0.037500000000000006 0.0421875
3 0.28046875 0.26640625 0.0703125 0.029687500000000002
3 0.384375 0.34609375000000003 0.05625 0.0546875
9 0.28046875 0.4265625 0.0484375 0.03125
9 0.28359375000000003 0.40937500000000004 0.0484375 0.028125
9 0.275 0.39921875 0.05 0.026562500000000003
9 0.2734375 0.38125000000000003 0.053125000000000006 0.034375
9 0.26953125 0.47109375000000003 0.026562500000000003 0.035937500000000004
9 0.253125 0.48984375 0.021875000000000002 0.045312500000000006
9 0.23203125000000002 0.49531250000000004 0.0234375 0.037500000000000006
9 0.209375 0.49765625 0.021875000000000002 0.0390625
9 0.18203125 0.50625 0.0234375 0.043750000000000004
4 0.06484375 0.55625 0.1265625 0.09375
3 0.022656250000000003 0.66953125 0.0421875 0.06406250000000001
3 0.017968750000000002 0.74609375 0.035937500000000004 0.0859375
3 0.084375 0.6515625 0.059375000000000004 0.07500000000000001
3 0.1484375 0.65234375 0.05625 0.0734375
4 0.08750000000000001 0.7250000000000001 0.065625 0.09062500000000001
0 0.41640625000000003 0.728125 0.0203125 0.040625
0 0.42890625000000004 0.73046875 0.0234375 0.0390625
0 0.61484375 0.8562500000000001 0.0171875 0.03125
0 0.640625 0.8890625000000001 0.015625 0.028125
0 0.6507812500000001 0.88671875 0.0171875 0.026562500000000003
0 0.6585937500000001 0.8453125 0.010937500000000001 0.028125
0 0.6742187500000001 0.7351562500000001 0.0171875 0.0328125
0 0.6726562500000001 0.7234375000000001 0.010937500000000001 0.028125
0 0.696875 0.5984375000000001 0.0125 0.037500000000000006
0 0.71875 0.5390625 0.015625 0.03125
0 0.7000000000000001 0.52890625 0.015625 0.026562500000000003
0 0.70078125 0.253125 0.010937500000000001 0.021875000000000002
0 0.609375 0.0703125 0.00625 0.021875000000000002
0 0.61328125 0.13515625 0.010937500000000001 0.0203125
0 0.60078125 0.09609375 0.0078125 0.0171875
0 0.6414062500000001 0.1203125 0.010937500000000001 0.025
0 0.628125 0.14296875 0.009375000000000001 0.0203125
4 0.7390625000000001 0.115625 0.03125 0.034375
4 0.9453125 0.11093750000000001 0.034375 0.043750000000000004
5 0.9593750000000001 0.05625 0.053125000000000006 0.043750000000000004
