3 0.1546875 0.0859375 0.1 0.15625
4 0.18984375 0.28359375000000003 0.1015625 0.1765625
4 0.23125 0.5007812500000001 0.096875 0.1921875
3 0.29609375 0.7046875 0.09843750000000001 0.184375
3 0.36796875 0.94296875 0.09531250000000001 0.11406250000000001
9 0.6796875 0.7914062500000001 0.07187500000000001 0.035937500000000004
9 0.6734375 0.7421875 0.0625 0.040625
9 0.7765625 0.7921875 0.05 0.03125
9 0.6414062500000001 0.65234375 0.0671875 0.045312500000000006
9 0.63984375 0.62421875 0.060937500000000006 0.0328125
9 0.60703125 0.54609375 0.0703125 0.0328125
9 0.6015625 0.49609375 0.065625 0.0328125
0 0.7375 0.484375 0.043750000000000004 0.025
0 0.44843750000000004 0.36015625 0.037500000000000006 0.0203125
9 0.31015625 0.22187500000000002 0.026562500000000003 0.065625
0 0.5750000000000001 0.15234375 0.037500000000000006 0.0171875
0 0.5593750000000001 0.10625000000000001 0.040625 0.028125
0 0.6062500000000001 0.12265625000000001 0.037500000000000006 0.0234375
2 0.5890625 0.40703125 0.053125000000000006 0.035937500000000004
