3 0.32734375000000004 0.91953125 0.0484375 0.1078125
3 0.47500000000000003 0.5710937500000001 0.03125 0.0484375
3 0.3921875 0.546875 0.034375 0.0625
3 0.37031250000000004 0.43515625 0.03125 0.0578125
3 0.43203125000000003 0.35781250000000003 0.026562500000000003 0.037500000000000006
8 0.42578125 0.8250000000000001 0.0703125 0.19687500000000002
3 0.30781250000000004 0.70703125 0.037500000000000006 0.0734375
3 0.30625 0.62421875 0.043750000000000004 0.08281250000000001
3 0.3046875 0.53359375 0.040625 0.06406250000000001
3 0.30078125 0.48046875 0.0390625 0.0484375
3 0.30000000000000004 0.42734375 0.028125 0.0578125
3 0.29921875000000003 0.27109375 0.029687500000000002 0.045312500000000006
3 0.30078125 0.22968750000000002 0.026562500000000003 0.043750000000000004
3 0.30000000000000004 0.18125000000000002 0.025 0.037500000000000006
3 0.29531250000000003 0.3453125 0.028125 0.040625
3 0.29921875000000003 0.30859375 0.029687500000000002 0.0328125
3 0.29375 0.0421875 0.021875000000000002 0.025
3 0.28984375 0.06640625 0.0234375 0.0234375
3 0.296875 0.12812500000000002 0.025 0.040625
3 0.43046875 0.1125 0.045312500000000006 0.025
3 0.40859375000000003 0.041406250000000006 0.0171875 0.0203125
3 0.4 0.013281250000000001 0.018750000000000003 0.0203125
3 0.4109375 0.05859375 0.015625 0.0171875
3 0.29531250000000003 0.0054687500000000005 0.015625 0.010937500000000001
3 0.34921875 0.09140625000000001 0.0171875 0.026562500000000003
3 0.39375000000000004 0.1609375 0.021875000000000002 0.025
3 0.4140625 0.2421875 0.025 0.025
3 0.35078125000000004 0.259375 0.026562500000000003 0.05
3 0.328125 0.13593750000000002 0.0125 0.025
0 0.21875 0.0625 0.00625 0.015625
0 0.20390625 0.06171875 0.004687500000000001 0.0203125
0 0.22968750000000002 0.17734375000000002 0.009375000000000001 0.0203125
0 0.35625 0.1328125 0.00625 0.018750000000000003
0 0.15859375 0.33671875 0.004687500000000001 0.0203125
9 0.321875 0.06640625 0.00625 0.0234375
9 0.33437500000000003 0.06640625 0.00625 0.0171875
9 0.328125 0.16953125000000002 0.00625 0.0203125
9 0.38671875 0.10703125000000001 0.010937500000000001 0.0203125
9 0.44453125000000004 0.2421875 0.0078125 0.018750000000000003
0 0.46328125000000003 0.021875000000000002 0.004687500000000001 0.015625
0 0.4765625 0.029687500000000002 0.00625 0.015625
0 0.51953125 0.0671875 0.004687500000000001 0.0125
0 0.15937500000000002 0.37343750000000003 0.00625 0.018750000000000003
9 0.515625 0.66953125 0.0125 0.029687500000000002
4 0.7445312500000001 0.665625 0.0484375 0.078125
3 0.8914062500000001 0.5828125000000001 0.0546875 0.07500000000000001
3 0.57265625 0.33359375 0.010937500000000001 0.0234375
3 0.68515625 0.46015625000000004 0.0390625 0.0484375
0 0.540625 0.171875 0.00625 0.021875000000000002
0 0.5265625 0.18046875 0.009375000000000001 0.0234375
0 0.5078125 0.17343750000000002 0.00625 0.025
0 0.51484375 0.17734375000000002 0.0078125 0.0203125
3 0.54140625 0.11093750000000001 0.0421875 0.03125
3 0.91953125 0.96015625 0.1203125 0.0703125
1 0.32109375 0.0625 0.004687500000000001 0.0125
1 0.384375 0.1 0.009375000000000001 0.0125
1 0.328125 0.16484375 0.00625 0.010937500000000001
1 0.446875 0.2390625 0.00625 0.0125
1 0.33359375 0.065625 0.004687500000000001 0.0125
1 0.51875 0.6640625 0.009375000000000001 0.018750000000000003
