3 0.20859375000000002 0.43046875 0.08281250000000001 0.0390625
4 0.27421875 0.34921875 0.09843750000000001 0.051562500000000004
3 0.30781250000000004 0.32656250000000003 0.08750000000000001 0.037500000000000006
3 0.12812500000000002 0.38125000000000003 0.1125 0.05
5 0.14296875 0.32343750000000004 0.2015625 0.09062500000000001
5 0.5265625 0.1796875 0.13125 0.146875
0 0.2890625 0.234375 0.015625 0.034375
0 0.29609375 0.2265625 0.0171875 0.034375
3 0.63671875 0.0234375 0.0484375 0.040625
0 0.13828125 0.7953125000000001 0.026562500000000003 0.043750000000000004
