0 0.14765625000000002 0.9773437500000001 0.004687500000000001 0.010937500000000001
0 0.20078125000000002 0.9476562500000001 0.004687500000000001 0.010937500000000001
3 0.240625 0.9187500000000001 0.009375000000000001 0.009375000000000001
3 0.25234375000000003 0.90234375 0.004687500000000001 0.004687500000000001
3 0.2515625 0.890625 0.00625 0.003125
3 0.2515625 0.9070312500000001 0.00625 0.004687500000000001
3 0.25859375 0.91171875 0.0078125 0.004687500000000001
3 0.2578125 0.9164062500000001 0.009375000000000001 0.0078125
3 0.25859375 0.91953125 0.010937500000000001 0.004687500000000001
3 0.25859375 0.9242187500000001 0.0078125 0.0078125
3 0.25859375 0.9281250000000001 0.0078125 0.00625
3 0.2421875 0.9320312500000001 0.009375000000000001 0.0078125
3 0.25234375000000003 0.93515625 0.010937500000000001 0.0078125
3 0.25234375000000003 0.93671875 0.010937500000000001 0.0078125
4 0.2515625 0.940625 0.00625 0.009375000000000001
3 0.23046875 0.93515625 0.0078125 0.0078125
3 0.23125 0.940625 0.009375000000000001 0.00625
5 0.225 0.9609375 0.021875000000000002 0.028125
5 0.21328125 0.94921875 0.0203125 0.0234375
3 0.24453125 0.9773437500000001 0.0140625 0.0140625
3 0.2421875 0.99375 0.0125 0.0125
3 0.16875 0.96796875 0.0125 0.010937500000000001
3 0.15390625000000002 0.96875 0.010937500000000001 0.009375000000000001
3 0.1375 0.96875 0.0125 0.009375000000000001
3 0.13046875 0.953125 0.010937500000000001 0.009375000000000001
3 0.11484375000000001 0.9593750000000001 0.026562500000000003 0.009375000000000001
3 0.11484375000000001 0.98828125 0.0203125 0.0140625
