0 0.2921875 0.37343750000000003 0.034375 0.065625
0 0.3359375 0.3453125 0.034375 0.065625
0 0.39609375 0.38203125000000004 0.0390625 0.060937500000000006
0 0.721875 0.30390625000000004 0.025 0.060937500000000006
1 0.509375 0.7507812500000001 0.037500000000000006 0.0421875
1 0.44843750000000004 0.7585937500000001 0.037500000000000006 0.051562500000000004
1 0.7328125000000001 0.6937500000000001 0.037500000000000006 0.037500000000000006
1 0.7109375 0.72265625 0.034375 0.035937500000000004
1 0.6781250000000001 0.7359375 0.037500000000000006 0.043750000000000004
1 0.64609375 0.7421875 0.026562500000000003 0.043750000000000004
1 0.6468750000000001 0.7132812500000001 0.03125 0.0390625
1 0.66796875 0.696875 0.0328125 0.043750000000000004
0 0.8968750000000001 0.41875 0.028125 0.07500000000000001
1 0.9789062500000001 0.8093750000000001 0.035937500000000004 0.05
1 0.9578125000000001 0.8445312500000001 0.034375 0.0390625
1 0.92890625 0.8343750000000001 0.029687500000000002 0.040625
