3 0.5796875 0.325 0.05 0.037500000000000006
3 0.35546875 0.52109375 0.0859375 0.0390625
3 0.384375 0.45625000000000004 0.059375000000000004 0.053125000000000006
3 0.2625 0.66171875 0.05 0.0734375
4 0.446875 0.39921875 0.065625 0.051562500000000004
4 0.95703125 0.039843750000000004 0.0484375 0.029687500000000002
0 0.9460937500000001 0.51875 0.0171875 0.025
0 0.95703125 0.5109375 0.0171875 0.025
0 0.984375 0.9484375 0.021875000000000002 0.046875
5 0.2078125 0.7562500000000001 0.115625 0.1375
0 0.33906250000000004 0.44140625 0.015625 0.0328125
0 0.6843750000000001 0.18359375 0.009375000000000001 0.026562500000000003
0 0.8523437500000001 0.0703125 0.0078125 0.021875000000000002
0 0.7093750000000001 0.19843750000000002 0.0125 0.028125
0 0.85859375 0.0703125 0.010937500000000001 0.018750000000000003
0 0.8695312500000001 0.0703125 0.010937500000000001 0.0125
0 0.79453125 0.12421875 0.0078125 0.026562500000000003
9 0.7203125 0.1453125 0.015625 0.025
9 0.79296875 0.10312500000000001 0.0203125 0.018750000000000003
0 0.6890625 0.03359375 0.0125 0.0203125
