3 0.48125 0.5 0.13125 0.05
3 0.46953125 0.46015625000000004 0.1171875 0.045312500000000006
9 0.5765625 0.453125 0.05 0.03125
4 0.171875 0.48125 0.11875000000000001 0.053125000000000006
3 0.19375 0.4578125 0.11875000000000001 0.046875
3 0.20859375000000002 0.42031250000000003 0.1046875 0.040625
3 0.23671875 0.37109375 0.1015625 0.035937500000000004
4 0.246875 0.35000000000000003 0.08750000000000001 0.037500000000000006
3 0.24609375 0.32890625 0.0859375 0.0328125
3 0.26484375 0.28750000000000003 0.0765625 0.028125
4 0.2859375 0.25859375 0.03125 0.035937500000000004
3 0.30000000000000004 0.20703125 0.043750000000000004 0.0203125
3 0.31484375000000003 0.1765625 0.045312500000000006 0.015625
4 0.46328125000000003 0.39921875 0.1078125 0.0484375
0 0.51875 0.40156250000000004 0.0125 0.040625
0 0.5625 0.37578125 0.0125 0.0390625
0 0.36171875000000003 0.37343750000000003 0.0140625 0.040625
3 0.434375 0.359375 0.09062500000000001 0.040625
0 0.48671875000000003 0.37343750000000003 0.0140625 0.034375
0 0.51953125 0.35000000000000003 0.010937500000000001 0.037500000000000006
0 0.5320312500000001 0.35000000000000003 0.010937500000000001 0.034375
0 0.54296875 0.31953125000000004 0.010937500000000001 0.035937500000000004
0 0.553125 0.31953125000000004 0.00625 0.029687500000000002
4 0.453125 0.34296875000000004 0.09375 0.0390625
9 0.5453125 0.321875 0.028125 0.025
3 0.45078125 0.33359375 0.08281250000000001 0.035937500000000004
3 0.446875 0.31015625 0.078125 0.029687500000000002
4 0.4421875 0.28671875 0.08125 0.0328125
3 0.44296875 0.27265625 0.0703125 0.026562500000000003
3 0.44062500000000004 0.2515625 0.065625 0.025
3 0.4390625 0.23984375000000002 0.0625 0.026562500000000003
3 0.43203125000000003 0.22890625 0.060937500000000006 0.0234375
3 0.43359375 0.21640625000000002 0.0546875 0.0203125
3 0.4390625 0.21250000000000002 0.05625 0.018750000000000003
3 0.43359375 0.20703125 0.0578125 0.0203125
3 0.41796875 0.1859375 0.0484375 0.018750000000000003
3 0.41875 0.18125000000000002 0.043750000000000004 0.021875000000000002
3 0.41015625 0.171875 0.045312500000000006 0.015625
3 0.415625 0.16953125000000002 0.040625 0.0171875
4 0.40156250000000004 0.16484375 0.040625 0.0203125
3 0.38984375000000004 0.16015625 0.0390625 0.0140625
3 0.384375 0.15546875000000002 0.034375 0.0140625
3 0.47421875 0.18125000000000002 0.026562500000000003 0.018750000000000003
4 0.39687500000000003 0.13203125000000002 0.03125 0.0203125
0 0.33906250000000004 0.16718750000000002 0.003125 0.021875000000000002
0 0.3328125 0.16484375 0.00625 0.0171875
3 0.309375 0.1625 0.037500000000000006 0.018750000000000003
4 0.35078125000000004 0.13671875 0.029687500000000002 0.0140625
4 0.35078125000000004 0.13515625 0.035937500000000004 0.0140625
3 0.3296875 0.1296875 0.03125 0.0125
3 0.32656250000000003 0.125 0.03125 0.0125
3 0.2828125 0.14609375 0.034375 0.010937500000000001
3 0.22187500000000002 0.11093750000000001 0.028125 0.0125
4 0.10234375000000001 0.1484375 0.0171875 0.018750000000000003
4 0.09453125000000001 0.13046875 0.010937500000000001 0.0140625
3 0.051562500000000004 0.10859375 0.018750000000000003 0.010937500000000001
3 0.0734375 0.11093750000000001 0.021875000000000002 0.009375000000000001
3 0.09296875 0.11093750000000001 0.0234375 0.0125
3 0.66015625 0.54921875 0.1015625 0.06406250000000001
4 0.7351562500000001 0.56875 0.11406250000000001 0.065625
0 0.6890625 0.5867187500000001 0.015625 0.0546875
0 0.6984375 0.5867187500000001 0.025 0.060937500000000006
3 0.7445312500000001 0.7507812500000001 0.1703125 0.0921875
9 0.8367187500000001 0.5421875 0.0234375 0.037500000000000006
2 0.8875000000000001 0.57734375 0.046875 0.035937500000000004
4 0.92109375 0.6125 0.13593750000000002 0.08125
0 0.13359375 0.21875 0.0078125 0.021875000000000002
