9 0.025781250000000002 0.7093750000000001 0.0484375 0.043750000000000004
9 0.184375 0.7718750000000001 0.018750000000000003 0.05
0 0.1875 0.7265625 0.021875000000000002 0.053125000000000006
0 0.24140625000000002 0.7265625 0.0171875 0.059375000000000004
0 0.27421875 0.71484375 0.0234375 0.0484375
0 0.51875 0.71484375 0.021875000000000002 0.0484375
2 0.5046875000000001 0.7468750000000001 0.046875 0.025
9 0.7000000000000001 0.7351562500000001 0.065625 0.0328125
0 0.61875 0.73203125 0.021875000000000002 0.0421875
2 0.2515625 0.8 0.037500000000000006 0.05
