3 0.35703125 0.032031250000000004 0.0234375 0.026562500000000003
3 0.415625 0.17265625 0.034375 0.0203125
3 0.36171875000000003 0.1546875 0.0390625 0.025
3 0.36250000000000004 0.13984375000000002 0.037500000000000006 0.0203125
3 0.3609375 0.12734375 0.037500000000000006 0.0203125
3 0.35546875 0.11484375000000001 0.0328125 0.0171875
3 0.35000000000000003 0.09921875000000001 0.037500000000000006 0.0234375
3 0.3484375 0.08203125 0.03125 0.0203125
3 0.41640625000000003 0.1875 0.0328125 0.015625
3 0.43671875000000004 0.15625 0.0234375 0.025
3 0.42734375 0.13515625 0.0171875 0.0171875
