6 0.084375 0.9812500000000001 0.0625 0.037500000000000006
0 0.3140625 0.81171875 0.025 0.0203125
1 0.4546875 0.9593750000000001 0.021875000000000002 0.025
9 0.45859375 0.95859375 0.0328125 0.0421875
3 0.76171875 0.8234375 0.09531250000000001 0.115625
5 0.8375 0.5671875000000001 0.12187500000000001 0.14375000000000002
5 0.35703125 0.7375 0.0859375 0.09375
5 0.45625000000000004 0.6109375 0.096875 0.10312500000000001
3 0.540625 0.5164062500000001 0.09062500000000001 0.09531250000000001
4 0.6023437500000001 0.43359375 0.0890625 0.0890625
0 0.49843750000000003 0.50390625 0.021875000000000002 0.0234375
9 0.503125 0.4421875 0.028125 0.037500000000000006
1 0.49843750000000003 0.44765625000000003 0.021875000000000002 0.0203125
0 0.40546875000000004 0.40234375 0.026562500000000003 0.0203125
0 0.46953125 0.38125000000000003 0.029687500000000002 0.015625
0 0.41015625 0.37734375000000003 0.026562500000000003 0.0171875
0 0.384375 0.37265625 0.018750000000000003 0.0140625
1 0.43281250000000004 0.32421875 0.028125 0.0203125
1 0.47109375000000003 0.2921875 0.026562500000000003 0.021875000000000002
1 0.48125 0.27187500000000003 0.015625 0.018750000000000003
1 0.45937500000000003 0.275 0.018750000000000003 0.0125
0 0.53671875 0.29609375 0.0203125 0.0203125
1 0.49453125000000003 0.29140625000000003 0.0203125 0.0234375
9 0.5578125 0.21640625000000002 0.028125 0.0328125
3 0.03359375 0.17109375000000002 0.06406250000000001 0.1046875
0 0.671875 0.0859375 0.03125 0.025
2 0.6953125 0.33125000000000004 0.028125 0.018750000000000003
6 0.7078125000000001 0.30781250000000004 0.037500000000000006 0.037500000000000006
4 0.7890625 0.22187500000000002 0.10625000000000001 0.1125
4 0.8851562500000001 0.12734375 0.0890625 0.0859375
2 0.9796875 0.13046875 0.03125 0.0390625
9 0.55390625 0.34140625 0.0390625 0.0390625
