9 0.09453125000000001 0.04609375 0.029687500000000002 0.051562500000000004
9 0.20625000000000002 0.24609375 0.05625 0.0328125
9 0.23593750000000002 0.28359375000000003 0.037500000000000006 0.0484375
0 0.37812500000000004 0.721875 0.015625 0.025
0 0.38906250000000003 0.73984375 0.015625 0.0328125
0 0.45859375 0.8078125 0.026562500000000003 0.025
1 0.44296875 0.85859375 0.0328125 0.026562500000000003
0 0.5796875 0.75546875 0.021875000000000002 0.0234375
0 0.6140625000000001 0.7429687500000001 0.021875000000000002 0.0234375
0 0.74921875 0.96796875 0.0203125 0.0234375
9 0.7640625000000001 0.56640625 0.040625 0.060937500000000006
9 0.44296875 0.8609375 0.045312500000000006 0.034375
2 0.890625 0.53046875 0.040625 0.0578125
3 0.44453125000000004 0.6414062500000001 0.1171875 0.1390625
3 0.80234375 0.64453125 0.1484375 0.1046875
