0 0.21953125 0.9382812500000001 0.11406250000000001 0.11093750000000001
3 0.8539062500000001 0.49921875000000004 0.1796875 0.09843750000000001
0 0.6664062500000001 0.46328125000000003 0.0421875 0.08281250000000001
0 0.6023437500000001 0.48046875 0.0421875 0.0859375
0 0.5015625 0.7093750000000001 0.0625 0.12187500000000001
3 0.7992187500000001 0.70859375 0.40156250000000004 0.2328125
3 0.63984375 0.73046875 0.3984375 0.2265625
3 0.35703125 0.7718750000000001 0.35781250000000003 0.22187500000000002
3 0.27734375 0.52109375 0.24531250000000002 0.09531250000000001
3 0.17500000000000002 0.484375 0.19687500000000002 0.08125
2 0.5015625 0.48046875 0.046875 0.0578125
2 0.48125 0.47578125000000004 0.053125000000000006 0.0484375
2 0.453125 0.46718750000000003 0.053125000000000006 0.05
2 0.43828125 0.46718750000000003 0.0390625 0.043750000000000004
2 0.42500000000000004 0.46718750000000003 0.05 0.040625
2 0.3921875 0.45625000000000004 0.046875 0.040625
7 0.225 0.41875 0.06875 0.05625
5 0.109375 0.4265625 0.19687500000000002 0.078125
5 0.059375000000000004 0.38125000000000003 0.109375 0.05
3 0.015625 0.3203125 0.028125 0.025
