5 0.26406250000000003 0.9031250000000001 0.037500000000000006 0.078125
5 0.25703125 0.534375 0.026562500000000003 0.065625
4 0.31093750000000003 0.5421875 0.021875000000000002 0.025
3 0.225 0.53515625 0.021875000000000002 0.029687500000000002
3 0.49375 0.6359375 0.046875 0.025
8 0.27421875 0.8132812500000001 0.0484375 0.08281250000000001
9 0.3015625 0.35859375000000004 0.00625 0.010937500000000001
9 0.27265625 0.353125 0.0078125 0.0125
0 0.31328125 0.3453125 0.010937500000000001 0.015625
0 0.734375 0.390625 0.009375000000000001 0.0125
0 0.7046875 0.3875 0.00625 0.015625
0 0.7000000000000001 0.38593750000000004 0.009375000000000001 0.015625
