1 0.34765625 0.6312500000000001 0.0734375 0.078125
1 0.41328125000000004 0.5703125 0.0578125 0.078125
9 0.1 0.7507812500000001 0.046875 0.11093750000000001
9 0.3203125 0.7671875 0.1125 0.07187500000000001
9 0.16718750000000002 0.7742187500000001 0.084375 0.1015625
9 0.22812500000000002 0.7601562500000001 0.09375 0.09531250000000001
9 0.1328125 0.70859375 0.03125 0.1015625
9 0.17500000000000002 0.70625 0.037500000000000006 0.07500000000000001
6 0.46718750000000003 0.6828125 0.096875 0.12812500000000002
9 0.446875 0.57734375 0.07187500000000001 0.1015625
2 0.42109375000000004 0.51875 0.0859375 0.05
0 0.54296875 0.5703125 0.0390625 0.08750000000000001
7 0.634375 0.53515625 0.12812500000000002 0.08281250000000001
9 0.5703125 0.584375 0.040625 0.10312500000000001
9 0.6648437500000001 0.58203125 0.1078125 0.1015625
9 0.71015625 0.6125 0.08281250000000001 0.10312500000000001
7 0.7585937500000001 0.5453125 0.1203125 0.09375
9 0.734375 0.7156250000000001 0.096875 0.10625000000000001
9 0.7703125000000001 0.72578125 0.09375 0.1171875
9 0.81640625 0.73203125 0.09843750000000001 0.1203125
9 0.84140625 0.7390625000000001 0.1046875 0.12187500000000001
9 0.87890625 0.7601562500000001 0.09843750000000001 0.1171875
9 0.925 0.7671875 0.09062500000000001 0.125
