3 0.17500000000000002 0.7578125 0.05625 0.084375
3 0.275 0.71796875 0.053125000000000006 0.08281250000000001
3 0.115625 0.6109375 0.046875 0.053125000000000006
8 0.15156250000000002 0.36875 0.078125 0.1125
8 0.35546875 0.35859375000000004 0.060937500000000006 0.11406250000000001
3 0.30000000000000004 0.39453125 0.037500000000000006 0.0390625
4 0.22578125000000002 0.36875 0.0328125 0.037500000000000006
4 0.39375000000000004 0.246875 0.028125 0.034375
5 0.35078125000000004 0.23125 0.0421875 0.05625
5 0.27968750000000003 0.17265625 0.037500000000000006 0.0484375
3 0.1265625 0.26640625 0.021875000000000002 0.0234375
3 0.1375 0.19843750000000002 0.021875000000000002 0.025
3 0.15156250000000002 0.13671875 0.021875000000000002 0.0203125
3 0.37343750000000003 0.18906250000000002 0.021875000000000002 0.025
4 0.40390625 0.2 0.026562500000000003 0.03125
3 0.38359375 0.15156250000000002 0.0171875 0.018750000000000003
9 0.33906250000000004 0.12109375 0.0125 0.0171875
3 0.33906250000000004 0.08671875000000001 0.021875000000000002 0.0203125
3 0.36640625000000004 0.08984375 0.0171875 0.0203125
5 0.18671875000000002 0.07578125000000001 0.0328125 0.029687500000000002
4 0.27890625 0.021875000000000002 0.026562500000000003 0.018750000000000003
3 0.33359375 0.29921875000000003 0.026562500000000003 0.029687500000000002
3 0.026562500000000003 0.13828125 0.015625 0.0140625
3 0.06406250000000001 0.14140625 0.021875000000000002 0.0171875
9 0.1625 0.109375 0.009375000000000001 0.015625
9 0.36640625000000004 0.039843750000000004 0.0171875 0.0203125
0 0.6078125000000001 0.8031250000000001 0.021875000000000002 0.034375
0 0.5125000000000001 0.8078125 0.025 0.034375
3 0.3921875 0.12265625000000001 0.018750000000000003 0.0203125
3 0.40625 0.09296875 0.0125 0.0203125
3 0.4109375 0.0703125 0.015625 0.0125
3 0.4390625 0.0671875 0.015625 0.0125
3 0.43671875000000004 0.07578125000000001 0.0171875 0.0140625
5 0.42734375 0.1046875 0.029687500000000002 0.046875
3 0.44921875 0.049218750000000006 0.0140625 0.0171875
3 0.42109375000000004 0.05078125 0.0171875 0.0234375
4 0.45546875000000003 0.021875000000000002 0.0140625 0.015625
4 0.42812500000000003 0.034375 0.015625 0.018750000000000003
4 0.4375 0.00703125 0.0125 0.010937500000000001
4 0.39921875 0.0203125 0.010937500000000001 0.015625
4 0.24765625000000002 0.18125000000000002 0.029687500000000002 0.034375
3 0.31171875000000004 0.19375 0.026562500000000003 0.025
