6 0.07187500000000001 0.40703125 0.065625 0.0234375
1 0.07109375 0.3984375 0.026562500000000003 0.025
5 0.11640625 0.06640625 0.1921875 0.1234375
5 0.421875 0.19296875000000002 0.209375 0.1203125
9 0.36484375 0.13671875 0.0546875 0.0328125
1 0.36640625000000004 0.12812500000000002 0.0203125 0.028125
1 0.38203125000000004 0.13125 0.0171875 0.037500000000000006
6 0.234375 0.5015625 0.10625000000000001 0.059375000000000004
6 0.36015625 0.5265625 0.08281250000000001 0.06875
6 0.46484375 0.434375 0.1046875 0.06875
0 0.38203125000000004 0.94453125 0.0203125 0.029687500000000002
0 0.503125 0.96484375 0.021875000000000002 0.0234375
2 0.56875 0.9453125 0.021875000000000002 0.065625
4 0.6507812500000001 0.73828125 0.0765625 0.1421875
2 0.56875 0.5546875 0.043750000000000004 0.040625
1 0.56796875 0.54296875 0.0234375 0.0328125
1 0.47968750000000004 0.8054687500000001 0.025 0.026562500000000003
1 0.3515625 0.7507812500000001 0.025 0.035937500000000004
0 0.58125 0.6687500000000001 0.018750000000000003 0.040625
0 0.54609375 0.84140625 0.0203125 0.0328125
9 0.4265625 0.7671875 0.037500000000000006 0.06875
9 0.31796875 0.7765625 0.0171875 0.065625
9 0.2828125 0.7625000000000001 0.028125 0.0625
9 0.21875 0.7796875000000001 0.059375000000000004 0.040625
0 0.3296875 0.8289062500000001 0.018750000000000003 0.0203125
0 0.9343750000000001 0.95234375 0.028125 0.029687500000000002
0 0.9750000000000001 0.93125 0.040625 0.034375
2 0.98046875 0.9328125 0.0203125 0.05625
0 0.9359375000000001 0.66953125 0.028125 0.029687500000000002
0 0.81953125 0.66171875 0.026562500000000003 0.0328125
1 0.8250000000000001 0.6273437500000001 0.037500000000000006 0.026562500000000003
9 0.8250000000000001 0.63203125 0.034375 0.0578125
