3 0.1078125 0.74375 0.14375000000000002 0.08125
3 0.43281250000000004 0.80078125 0.0625 0.09531250000000001
3 0.44843750000000004 0.6046875 0.059375000000000004 0.05625
9 0.328125 0.36953125000000003 0.021875000000000002 0.0203125
9 0.3609375 0.37421875000000004 0.021875000000000002 0.0203125
9 0.37812500000000004 0.36562500000000003 0.021875000000000002 0.0125
3 0.45937500000000003 0.4859375 0.043750000000000004 0.043750000000000004
3 0.47421875 0.5546875 0.051562500000000004 0.046875
3 0.5375 0.5632812500000001 0.05 0.045312500000000006
3 0.84375 0.09531250000000001 0.009375000000000001 0.009375000000000001
3 0.8578125000000001 0.09062500000000001 0.009375000000000001 0.009375000000000001
3 0.8460937500000001 0.0859375 0.0078125 0.00625
3 0.8546875 0.0671875 0.009375000000000001 0.00625
3 0.8546875 0.0546875 0.009375000000000001 0.009375000000000001
3 0.75546875 0.125 0.0140625 0.009375000000000001
3 0.759375 0.1125 0.0125 0.009375000000000001
3 0.7820312500000001 0.09531250000000001 0.010937500000000001 0.009375000000000001
3 0.7875000000000001 0.08671875000000001 0.0125 0.0078125
3 0.71640625 0.17265625 0.0171875 0.0171875
3 0.70625 0.20625000000000002 0.021875000000000002 0.015625
3 0.6687500000000001 0.2265625 0.021875000000000002 0.015625
8 0.665625 0.25859375 0.037500000000000006 0.045312500000000006
3 0.690625 0.23984375000000002 0.015625 0.0171875
3 0.7429687500000001 0.171875 0.0171875 0.0125
3 0.7585937500000001 0.140625 0.0171875 0.0125
3 0.73984375 0.1203125 0.010937500000000001 0.009375000000000001
3 0.77734375 0.11171875 0.010937500000000001 0.0078125
3 0.86484375 0.0578125 0.010937500000000001 0.0125
3 0.7703125000000001 0.12890625 0.009375000000000001 0.010937500000000001
0 0.690625 0.1765625 0.00625 0.015625
0 0.71640625 0.15625 0.004687500000000001 0.0125
3 0.7054687500000001 0.15703125 0.010937500000000001 0.010937500000000001
3 0.59140625 0.46875 0.035937500000000004 0.040625
3 0.8546875 0.078125 0.009375000000000001 0.009375000000000001
0 0.73984375 0.1328125 0.004687500000000001 0.009375000000000001
