0 0.11093750000000001 0.09453125000000001 0.028125 0.0328125
0 0.09140625000000001 0.10312500000000001 0.0203125 0.034375
0 0.06640625 0.10312500000000001 0.0171875 0.025
0 0.034375 0.09453125000000001 0.025 0.029687500000000002
0 0.1703125 0.09531250000000001 0.028125 0.025
9 0.47968750000000004 0.08515625 0.018750000000000003 0.0546875
1 0.48125 0.0734375 0.015625 0.028125
3 0.5796875 0.09375 0.059375000000000004 0.13125
3 0.58359375 0.2578125 0.0671875 0.15000000000000002
9 0.515625 0.2421875 0.018750000000000003 0.05
1 0.51796875 0.24296875 0.0171875 0.0203125
3 0.25859375 0.40703125 0.0671875 0.1234375
0 0.055468750000000004 0.90625 0.026562500000000003 0.021875000000000002
0 0.1 0.93125 0.021875000000000002 0.034375
0 0.125 0.93515625 0.028125 0.0421875
3 0.5953125 0.8617187500000001 0.078125 0.1859375
