3 0.19687500000000002 0.32421875 0.125 0.1234375
3 0.578125 0.3359375 0.15000000000000002 0.13125
3 0.70078125 0.25 0.2171875 0.09062500000000001
3 0.7046875 0.20859375000000002 0.225 0.0921875
3 0.6734375 0.16796875 0.21250000000000002 0.0734375
3 0.6234375000000001 0.14375000000000002 0.21875 0.08750000000000001
3 0.634375 0.10703125000000001 0.21250000000000002 0.0734375
3 0.25234375000000003 0.20078125000000002 0.09843750000000001 0.1078125
4 0.1078125 0.22578125000000002 0.1 0.1265625
3 0.1265625 0.15156250000000002 0.10312500000000001 0.084375
3 0.1703125 0.06640625 0.06875 0.08281250000000001
3 0.2578125 0.057031250000000006 0.07187500000000001 0.0734375
3 0.55390625 0.03671875 0.1703125 0.0546875
