3 0.77890625 0.4609375 0.0734375 0.040625
0 0.7171875000000001 0.45937500000000003 0.0125 0.025
0 0.72265625 0.45625000000000004 0.010937500000000001 0.028125
3 0.7609375 0.328125 0.05 0.028125
8 0.8539062500000001 0.04609375 0.0328125 0.0578125
3 0.9125000000000001 0.078125 0.018750000000000003 0.025
3 0.84375 0.009375000000000001 0.015625 0.015625
3 0.9578125000000001 0.53515625 0.043750000000000004 0.060937500000000006
4 0.95078125 0.47734375 0.029687500000000002 0.0484375
3 0.85546875 0.09140625000000001 0.0234375 0.026562500000000003
3 0.98046875 0.40234375 0.029687500000000002 0.0484375
3 0.9640625 0.35468750000000004 0.03125 0.040625
8 0.9234375 0.38671875 0.059375000000000004 0.1171875
8 0.89765625 0.30000000000000004 0.0484375 0.09062500000000001
8 0.9398437500000001 0.27968750000000003 0.0484375 0.09062500000000001
8 0.875 0.20625000000000002 0.040625 0.078125
8 0.890625 0.13984375000000002 0.037500000000000006 0.0671875
8 0.8445312500000001 0.1125 0.035937500000000004 0.06875
9 0.95703125 0.8914062500000001 0.0171875 0.0328125
9 0.98984375 0.9109375000000001 0.0203125 0.034375
1 0.95703125 0.8859375 0.010937500000000001 0.028125
1 0.9867187500000001 0.9070312500000001 0.0140625 0.029687500000000002
