4 0.1484375 0.33437500000000003 0.043750000000000004 0.08125
9 0.42812500000000003 0.9398437500000001 0.059375000000000004 0.0890625
9 0.4765625 0.91953125 0.08125 0.0890625
9 0.46015625000000004 0.9359375000000001 0.0734375 0.10625000000000001
9 0.5421875 0.8953125000000001 0.078125 0.08750000000000001
9 0.5734375 0.88203125 0.07187500000000001 0.08281250000000001
9 0.596875 0.87890625 0.065625 0.0921875
9 0.69296875 0.84921875 0.0703125 0.0890625
9 0.7265625 0.84296875 0.0625 0.07968750000000001
9 0.6453125000000001 0.8695312500000001 0.07187500000000001 0.08281250000000001
9 0.6726562500000001 0.853125 0.060937500000000006 0.07500000000000001
9 0.7453125 0.82734375 0.05 0.08281250000000001
0 0.65 0.4921875 0.028125 0.05
0 0.62265625 0.46796875000000004 0.026562500000000003 0.0390625
0 0.57421875 0.48125 0.026562500000000003 0.043750000000000004
0 0.53515625 0.53359375 0.026562500000000003 0.0390625
0 0.6125 0.51015625 0.034375 0.0484375
0 0.35390625000000003 0.20859375000000002 0.0171875 0.0328125
0 0.3328125 0.21328125 0.015625 0.029687500000000002
0 0.36562500000000003 0.19375 0.015625 0.03125
0 0.35625 0.31328125 0.015625 0.029687500000000002
0 0.4546875 0.25 0.015625 0.028125
4 0.50390625 0.06015625 0.035937500000000004 0.0734375
