3 0.0546875 0.5281250000000001 0.065625 0.05
1 0.0921875 0.65 0.018750000000000003 0.034375
1 0.14296875 0.6734375 0.0171875 0.03125
2 0.08984375 0.6546875000000001 0.026562500000000003 0.03125
2 0.146875 0.68125 0.028125 0.028125
9 0.21640625000000002 0.6218750000000001 0.029687500000000002 0.040625
3 0.246875 0.70625 0.078125 0.0625
9 0.30312500000000003 0.7367187500000001 0.025 0.0421875
9 0.23671875 0.73203125 0.035937500000000004 0.0390625
3 0.33906250000000004 0.78828125 0.1 0.0734375
3 0.42421875000000003 0.8734375000000001 0.1078125 0.084375
3 0.51171875 0.95234375 0.1046875 0.0859375
3 0.06796875000000001 0.8609375 0.0890625 0.078125
