3 0.80234375 0.65 0.0765625 0.06875
3 0.38203125000000004 0.321875 0.0234375 0.025
3 0.23125 0.259375 0.021875000000000002 0.021875000000000002
3 0.2890625 0.21796875000000002 0.018750000000000003 0.0171875
3 0.36484375 0.28828125 0.0203125 0.0203125
3 0.359375 0.27578125000000003 0.018750000000000003 0.0203125
0 0.16562500000000002 0.25078125 0.009375000000000001 0.0203125
3 0.34921875 0.25625000000000003 0.0171875 0.015625
3 0.234375 0.153125 0.015625 0.015625
3 0.33984375 0.2390625 0.026562500000000003 0.015625
3 0.33437500000000003 0.2265625 0.015625 0.0125
3 0.328125 0.21875 0.015625 0.0125
3 0.32421875 0.20546875 0.0203125 0.0171875
