3 0.18046875 0.80078125 0.060937500000000006 0.0859375
0 0.049218750000000006 0.5789062500000001 0.010937500000000001 0.0328125
9 0.1421875 0.6000000000000001 0.037500000000000006 0.03125
1 0.13828125 0.5953125 0.0234375 0.028125
9 0.1796875 0.5710937500000001 0.05 0.0234375
1 0.17578125 0.56640625 0.0234375 0.026562500000000003
1 0.07500000000000001 0.48125 0.018750000000000003 0.025
0 0.09140625000000001 0.496875 0.0171875 0.03125
0 0.10546875 0.49296875 0.0171875 0.035937500000000004
4 0.15156250000000002 0.484375 0.037500000000000006 0.053125000000000006
9 0.15390625000000002 0.4390625 0.0390625 0.025
4 0.27968750000000003 0.5265625 0.040625 0.065625
3 0.296875 0.375 0.046875 0.065625
9 0.32734375000000004 0.3609375 0.0171875 0.028125
1 0.32734375000000004 0.35390625000000003 0.0140625 0.0203125
3 0.39453125 0.390625 0.035937500000000004 0.053125000000000006
3 0.3671875 0.2921875 0.03125 0.043750000000000004
3 0.43203125000000003 0.2421875 0.0328125 0.043750000000000004
4 0.82421875 0.9359375000000001 0.0890625 0.11875000000000001
9 0.4609375 0.9398437500000001 0.018750000000000003 0.0484375
1 0.46484375 0.9281250000000001 0.0171875 0.025
3 0.5859375 0.87421875 0.065625 0.09843750000000001
3 0.5476562500000001 0.7562500000000001 0.060937500000000006 0.08750000000000001
5 0.77734375 0.8093750000000001 0.0765625 0.12187500000000001
5 0.6609375000000001 0.784375 0.134375 0.19687500000000002
4 0.51328125 0.6570312500000001 0.06406250000000001 0.09531250000000001
3 0.7054687500000001 0.6781250000000001 0.0671875 0.078125
5 0.59765625 0.66171875 0.060937500000000006 0.07968750000000001
3 0.56953125 0.58828125 0.051562500000000004 0.06406250000000001
3 0.66796875 0.5953125 0.0578125 0.06875
5 0.6234375000000001 0.525 0.059375000000000004 0.07187500000000001
3 0.6062500000000001 0.46406250000000004 0.05 0.053125000000000006
3 0.5578125 0.37031250000000004 0.043750000000000004 0.046875
9 0.42578125 0.49375 0.0140625 0.037500000000000006
1 0.42578125 0.4890625 0.0140625 0.025
9 0.42031250000000003 0.6734375 0.015625 0.040625
1 0.42031250000000003 0.6648437500000001 0.015625 0.0203125
9 0.58359375 0.52890625 0.026562500000000003 0.045312500000000006
1 0.58046875 0.52109375 0.0234375 0.0328125
3 0.359375 0.09062500000000001 0.025 0.028125
3 0.3984375 0.115625 0.028125 0.037500000000000006
9 0.5593750000000001 0.11640625 0.0125 0.0171875
1 0.56171875 0.11171875 0.010937500000000001 0.0171875
3 0.6015625 0.11171875 0.043750000000000004 0.0328125
6 0.48671875000000003 0.01640625 0.0203125 0.029687500000000002
9 0.846875 0.5921875 0.028125 0.034375
1 0.84765625 0.584375 0.0234375 0.028125
9 0.6984375 0.45546875000000003 0.018750000000000003 0.029687500000000002
1 0.70078125 0.45156250000000003 0.010937500000000001 0.015625
1 0.6984375 0.44765625000000003 0.015625 0.0171875
6 0.8304687500000001 0.32890625 0.026562500000000003 0.0328125
1 0.8703125 0.30078125 0.015625 0.0203125
5 0.77265625 0.22578125000000002 0.051562500000000004 0.0484375
4 0.7039062500000001 0.15703125 0.035937500000000004 0.0328125
3 0.721875 0.13203125000000002 0.037500000000000006 0.0234375
9 0.5421875 0.0703125 0.009375000000000001 0.015625
1 0.5421875 0.065625 0.009375000000000001 0.015625
3 0.6507812500000001 0.08750000000000001 0.026562500000000003 0.021875000000000002
3 0.64453125 0.07109375 0.0234375 0.0203125
5 0.6359375 0.05 0.021875000000000002 0.028125
0 0.67890625 0.04296875 0.010937500000000001 0.0203125
9 0.73203125 0.05078125 0.0171875 0.0171875
9 0.72265625 0.04609375 0.0171875 0.0171875
9 0.71015625 0.037500000000000006 0.0171875 0.015625
