3 0.20859375000000002 0.17109375000000002 0.0765625 0.0921875
3 0.049218750000000006 0.13125 0.08281250000000001 0.10312500000000001
9 0.340625 0.91796875 0.028125 0.0578125
1 0.33906250000000004 0.9031250000000001 0.015625 0.021875000000000002
3 0.328125 0.7015625000000001 0.11875000000000001 0.171875
3 0.3984375 0.5375 0.109375 0.134375
3 0.47578125000000004 0.446875 0.09843750000000001 0.13125
3 0.40546875000000004 0.32734375000000004 0.09843750000000001 0.1078125
3 0.32656250000000003 0.20468750000000002 0.08750000000000001 0.10312500000000001
3 0.27187500000000003 0.1078125 0.078125 0.084375
3 0.58046875 0.6195312500000001 0.1203125 0.15156250000000002
3 0.73984375 0.8695312500000001 0.1609375 0.1921875
9 0.6335937500000001 0.853125 0.026562500000000003 0.0625
9 0.5953125 0.8203125 0.021875000000000002 0.043750000000000004
1 0.5953125 0.81171875 0.015625 0.0203125
1 0.634375 0.83359375 0.015625 0.026562500000000003
