0 0.37734375000000003 0.9609375 0.045312500000000006 0.034375
0 0.3671875 0.94296875 0.043750000000000004 0.026562500000000003
0 0.6453125000000001 0.659375 0.034375 0.043750000000000004
0 0.69921875 0.659375 0.045312500000000006 0.034375
0 0.70703125 0.6195312500000001 0.0328125 0.029687500000000002
0 0.67890625 0.56015625 0.026562500000000003 0.0390625
0 0.8046875 0.61328125 0.037500000000000006 0.035937500000000004
0 0.7562500000000001 0.5109375 0.025 0.037500000000000006
0 0.5750000000000001 0.36015625 0.028125 0.0421875
0 0.6179687500000001 0.34687500000000004 0.026562500000000003 0.046875
