5 0.5593750000000001 0.76875 0.03125 0.046875
5 0.503125 0.5296875 0.021875000000000002 0.03125
5 0.48671875000000003 0.46796875000000004 0.026562500000000003 0.0421875
5 0.50703125 0.41015625 0.0390625 0.0421875
5 0.6023437500000001 0.37031250000000004 0.0234375 0.028125
3 0.039843750000000004 0.73203125 0.0578125 0.026562500000000003
3 0.09843750000000001 0.6609375000000001 0.043750000000000004 0.025
3 0.10859375 0.6414062500000001 0.045312500000000006 0.0203125
3 0.02890625 0.7671875 0.0484375 0.034375
3 0.12421875 0.6117187500000001 0.0484375 0.0203125
3 0.11875000000000001 0.6273437500000001 0.05 0.0171875
3 0.18046875 0.48515625 0.0421875 0.0171875
5 0.17500000000000002 0.52109375 0.05 0.0234375
8 0.59765625 0.9320312500000001 0.0578125 0.11093750000000001
3 0.5398437500000001 0.62421875 0.0234375 0.0203125
3 0.5734375 0.390625 0.018750000000000003 0.0125
