3 0.9234375 0.4546875 0.07500000000000001 0.05625
3 0.8140625 0.43046875 0.08750000000000001 0.0390625
3 0.95703125 0.24531250000000002 0.035937500000000004 0.053125000000000006
3 0.9484375 0.1453125 0.028125 0.043750000000000004
3 0.9625 0.05234375 0.028125 0.0421875
3 0.8757812500000001 0.33046875000000003 0.0328125 0.0484375
3 0.6453125000000001 0.44843750000000004 0.096875 0.037500000000000006
4 0.7664062500000001 0.5203125000000001 0.08281250000000001 0.037500000000000006
4 0.6015625 0.52890625 0.096875 0.035937500000000004
3 0.7734375 0.49140625000000004 0.07500000000000001 0.0390625
4 0.115625 0.46406250000000004 0.1 0.043750000000000004
