0 0.28515625 0.42500000000000004 0.0328125 0.05
0 0.31796875 0.34296875000000004 0.026562500000000003 0.0390625
0 0.34687500000000004 0.384375 0.03125 0.040625
0 0.525 0.5906250000000001 0.025 0.05
0 0.51875 0.8109375000000001 0.040625 0.05
0 0.6171875 0.6781250000000001 0.028125 0.046875
0 0.64765625 0.640625 0.026562500000000003 0.05
0 0.6734375 0.62109375 0.021875000000000002 0.0546875
0 0.76171875 0.609375 0.029687500000000002 0.037500000000000006
0 0.7156250000000001 0.5859375 0.034375 0.043750000000000004
0 0.671875 0.58046875 0.028125 0.0484375
0 0.63046875 0.5421875 0.026562500000000003 0.046875
0 0.75703125 0.37343750000000003 0.0328125 0.043750000000000004
0 0.8210937500000001 0.32734375000000004 0.0203125 0.045312500000000006
0 0.93671875 0.240625 0.0203125 0.05
0 0.99140625 0.36875 0.010937500000000001 0.03125
