3 0.039843750000000004 0.0703125 0.0703125 0.065625
3 0.08046875 0.02421875 0.0421875 0.045312500000000006
4 0.14609375 0.013281250000000001 0.0546875 0.0234375
0 0.0859375 0.0421875 0.018750000000000003 0.05
3 0.18125000000000002 0.09062500000000001 0.07500000000000001 0.078125
3 0.10859375 0.22265625 0.0890625 0.09531250000000001
3 0.19843750000000002 0.32578125 0.08750000000000001 0.1234375
5 0.10546875 0.52265625 0.1484375 0.2546875
3 0.34453125 0.27968750000000003 0.0765625 0.12812500000000002
3 0.46015625000000004 0.1390625 0.060937500000000006 0.078125
4 0.5734375 0.025781250000000002 0.059375000000000004 0.051562500000000004
3 0.6726562500000001 0.03828125 0.09843750000000001 0.06406250000000001
3 0.6015625 0.09062500000000001 0.053125000000000006 0.059375000000000004
3 0.68359375 0.07890625000000001 0.0484375 0.0578125
3 0.6171875 0.14765625000000002 0.06875 0.0671875
3 0.7039062500000001 0.13515625 0.060937500000000006 0.06406250000000001
3 0.6296875000000001 0.21406250000000002 0.065625 0.07500000000000001
3 0.71796875 0.21875 0.0765625 0.09062500000000001
3 0.6671875 0.41171875 0.109375 0.11406250000000001
3 0.64453125 0.31328125 0.08281250000000001 0.0890625
0 0.7093750000000001 0.4765625 0.03125 0.0625
6 0.6468750000000001 0.55 0.07187500000000001 0.1
0 0.6781250000000001 0.54921875 0.028125 0.0328125
3 0.53671875 0.58828125 0.1421875 0.1546875
0 0.74921875 0.021875000000000002 0.0203125 0.043750000000000004
0 0.7875000000000001 0.05 0.015625 0.05
2 0.7984375 0.06171875 0.015625 0.045312500000000006
0 0.815625 0.14375000000000002 0.018750000000000003 0.053125000000000006
9 0.94453125 0.10859375 0.026562500000000003 0.045312500000000006
3 0.9078125 0.14140625 0.059375000000000004 0.06406250000000001
3 0.9242187500000001 0.21015625000000002 0.0765625 0.0859375
3 0.94453125 0.30000000000000004 0.09843750000000001 0.09375
0 0.9171875 0.43203125000000003 0.021875000000000002 0.0734375
0 0.9453125 0.42734375 0.025 0.0859375
0 0.890625 0.784375 0.043750000000000004 0.09062500000000001
0 0.91953125 0.79609375 0.0328125 0.0671875
