0 0.9609375 0.93515625 0.046875 0.1046875
9 0.6742187500000001 0.7601562500000001 0.045312500000000006 0.0734375
2 0.525 0.71484375 0.028125 0.0484375
1 0.52578125 0.6859375000000001 0.026562500000000003 0.05
0 0.47734375 0.5546875 0.0234375 0.0625
0 0.42031250000000003 0.62890625 0.021875000000000002 0.0578125
0 0.44296875 0.7562500000000001 0.0234375 0.07500000000000001
0 0.41953125 0.78515625 0.029687500000000002 0.0671875
0 0.42500000000000004 0.75546875 0.018750000000000003 0.0734375
0 0.39453125 0.78125 0.026562500000000003 0.07187500000000001
0 0.39453125 0.74765625 0.026562500000000003 0.0703125
0 0.3484375 0.7484375000000001 0.028125 0.06875
0 0.06640625 0.87890625 0.0390625 0.0859375
0 0.1078125 0.91015625 0.046875 0.0859375
0 0.09843750000000001 0.88203125 0.03125 0.0734375
0 0.20625000000000002 0.88671875 0.028125 0.0859375
0 0.184375 0.85859375 0.028125 0.07968750000000001
0 0.16328125000000002 0.8421875000000001 0.0234375 0.07500000000000001
0 0.203125 0.8656250000000001 0.03125 0.078125
0 0.3015625 0.8460937500000001 0.028125 0.0703125
0 0.2890625 0.8093750000000001 0.025 0.078125
0 0.3125 0.81640625 0.03125 0.07968750000000001
0 0.33828125000000003 0.8617187500000001 0.0484375 0.08281250000000001
0 0.37109375 0.8375 0.0234375 0.078125
0 0.3484375 0.8250000000000001 0.028125 0.08125
0 0.35000000000000003 0.7140625 0.028125 0.0625
0 0.37734375000000003 0.6890625 0.0234375 0.07187500000000001
0 0.39921875 0.68671875 0.026562500000000003 0.0703125
0 0.34453125 0.6781250000000001 0.026562500000000003 0.065625
0 0.32421875 0.66171875 0.0234375 0.0671875
0 0.31171875000000004 0.5953125 0.0203125 0.0625
0 0.35390625000000003 0.6195312500000001 0.0234375 0.0671875
0 0.38203125000000004 0.62109375 0.029687500000000002 0.0578125
0 0.3328125 0.5984375000000001 0.025 0.065625
0 0.36640625000000004 0.509375 0.0171875 0.05
0 0.38906250000000003 0.51015625 0.018750000000000003 0.051562500000000004
0 0.40078125000000003 0.50546875 0.0140625 0.0484375
0 0.42265625 0.46796875000000004 0.0171875 0.045312500000000006
4 0.33359375 0.46796875000000004 0.0484375 0.0546875
0 0.38828125 0.43125 0.010937500000000001 0.040625
0 0.44140625 0.44453125000000004 0.0140625 0.0390625
0 0.4546875 0.44765625000000003 0.015625 0.0484375
0 0.42265625 0.41875 0.0140625 0.040625
0 0.43671875000000004 0.415625 0.0140625 0.040625
0 0.40625 0.40625 0.0125 0.037500000000000006
0 0.42031250000000003 0.40234375 0.0125 0.0421875
0 0.38359375 0.41875 0.010937500000000001 0.040625
0 0.37265625 0.3953125 0.0078125 0.040625
0 0.38359375 0.39453125 0.010937500000000001 0.035937500000000004
3 0.34921875 0.3828125 0.045312500000000006 0.040625
0 0.31093750000000003 0.28750000000000003 0.00625 0.025
