3 0.21953125 0.8734375000000001 0.11406250000000001 0.21250000000000002
0 0.03359375 0.5085937500000001 0.0328125 0.0703125
0 0.049218750000000006 0.5140625 0.0328125 0.065625
0 0.022656250000000003 0.415625 0.0328125 0.07500000000000001
0 0.045312500000000006 0.38203125000000004 0.034375 0.0703125
0 0.06640625 0.39140625 0.026562500000000003 0.0703125
0 0.0890625 0.403125 0.028125 0.078125
0 0.08671875000000001 0.36562500000000003 0.026562500000000003 0.0625
3 0.21875 0.11953125 0.08750000000000001 0.1296875
4 0.27187500000000003 0.045312500000000006 0.084375 0.08750000000000001
3 0.51953125 0.08984375 0.0765625 0.09843750000000001
3 0.51953125 0.18828125 0.08281250000000001 0.1171875
3 0.5671875000000001 0.328125 0.096875 0.12187500000000001
3 0.60078125 0.4765625 0.1046875 0.171875
3 0.6359375 0.65390625 0.12187500000000001 0.18906250000000002
2 0.8796875000000001 0.9242187500000001 0.05625 0.09843750000000001
