3 0.30625 0.6328125 0.115625 0.053125000000000006
3 0.21328125 0.59921875 0.11093750000000001 0.0578125
3 0.27265625 0.5593750000000001 0.1046875 0.040625
1 0.08281250000000001 0.79609375 0.021875000000000002 0.045312500000000006
2 0.08750000000000001 0.8054687500000001 0.065625 0.035937500000000004
3 0.95078125 0.5015625 0.0921875 0.037500000000000006
3 0.87421875 0.53515625 0.09531250000000001 0.045312500000000006
3 0.67890625 0.5875 0.1046875 0.053125000000000006
3 0.40468750000000003 0.584375 0.109375 0.05
3 0.36640625000000004 0.521875 0.1078125 0.065625
4 0.55234375 0.5593750000000001 0.1203125 0.0625
4 0.8695312500000001 0.640625 0.11406250000000001 0.053125000000000006
3 0.7054687500000001 0.55390625 0.0921875 0.0390625
3 0.6359375 0.53046875 0.096875 0.0421875
3 0.46328125000000003 0.54296875 0.09531250000000001 0.035937500000000004
9 0.875 0.78125 0.05 0.025
1 0.87890625 0.7757812500000001 0.029687500000000002 0.0421875
