3 0.8187500000000001 0.49375 0.10312500000000001 0.09062500000000001
3 0.31875000000000003 0.6117187500000001 0.15625 0.0703125
3 0.42578125 0.525 0.1171875 0.109375
3 0.284375 0.4765625 0.11875000000000001 0.08750000000000001
3 0.54140625 0.534375 0.1203125 0.11875000000000001
3 0.69296875 0.3828125 0.1015625 0.08125
3 0.775 0.32421875 0.08750000000000001 0.0734375
3 0.8421875000000001 0.275 0.078125 0.078125
3 0.8851562500000001 0.23046875 0.0703125 0.060937500000000006
3 0.74921875 0.25078125 0.0890625 0.060937500000000006
3 0.62265625 0.3453125 0.0859375 0.065625
3 0.5671875000000001 0.3984375 0.125 0.06875
3 0.51328125 0.45234375000000004 0.13593750000000002 0.0703125
3 0.36796875 0.4078125 0.11406250000000001 0.09062500000000001
3 0.5359375000000001 0.284375 0.078125 0.084375
3 0.60546875 0.46406250000000004 0.0859375 0.078125
4 0.13671875 0.8382812500000001 0.1703125 0.1703125
4 0.93515625 0.10625000000000001 0.08281250000000001 0.053125000000000006
4 0.6734375 0.19765625 0.08125 0.0734375
5 0.95078125 0.16875 0.09531250000000001 0.078125
5 0.8703125 0.1453125 0.07500000000000001 0.06875
3 0.80859375 0.20546875 0.0703125 0.0703125
3 0.73359375 0.15781250000000002 0.06406250000000001 0.053125000000000006
3 0.8375 0.09140625000000001 0.05625 0.051562500000000004
4 0.8875000000000001 0.05 0.07187500000000001 0.053125000000000006
3 0.7109375 0.2265625 0.065625 0.05625
3 0.61328125 0.2515625 0.0734375 0.0625
6 0.9695312500000001 0.19843750000000002 0.0421875 0.040625
