0 0.16562500000000002 0.08984375 0.015625 0.0140625
0 0.17578125 0.07968750000000001 0.0171875 0.018750000000000003
0 0.19062500000000002 0.10312500000000001 0.0125 0.0125
0 0.1484375 0.16953125000000002 0.021875000000000002 0.0171875
0 0.1421875 0.17734375000000002 0.015625 0.0171875
0 0.19921875 0.30781250000000004 0.0140625 0.015625
0 0.17500000000000002 0.37343750000000003 0.015625 0.0125
0 0.1640625 0.37421875000000004 0.015625 0.0171875
0 0.14921875 0.078125 0.0140625 0.0125
0 0.14453125 0.06640625 0.0140625 0.010937500000000001
0 0.15937500000000002 0.0625 0.021875000000000002 0.015625
0 0.1640625 0.03828125 0.018750000000000003 0.0171875
3 0.18828125 0.013281250000000001 0.0328125 0.0234375
0 0.7757812500000001 0.18125000000000002 0.010937500000000001 0.0125
0 0.7835937500000001 0.171875 0.010937500000000001 0.015625
0 0.9750000000000001 0.18046875 0.00625 0.0140625
0 0.9796875 0.18203125 0.00625 0.0140625
0 0.9859375 0.18828125 0.00625 0.0140625
0 0.853125 0.6828125 0.00625 0.009375000000000001
0 0.859375 0.6859375000000001 0.00625 0.0125
0 0.815625 0.7890625 0.00625 0.009375000000000001
0 0.8304687500000001 0.79609375 0.0078125 0.0078125
0 0.8250000000000001 0.78828125 0.009375000000000001 0.010937500000000001
0 0.8523437500000001 0.70703125 0.0078125 0.010937500000000001
0 0.853125 0.696875 0.00625 0.009375000000000001
3 0.50546875 0.8703125 0.0484375 0.040625
3 0.48125 0.9617187500000001 0.05 0.0421875
3 0.47734375 0.9242187500000001 0.0390625 0.0328125
3 0.4890625 0.8992187500000001 0.046875 0.035937500000000004
3 0.6453125000000001 0.84921875 0.046875 0.0328125
3 0.6359375 0.87890625 0.053125000000000006 0.026562500000000003
3 0.6234375000000001 0.91953125 0.05 0.0328125
4 0.6171875 0.96875 0.046875 0.028125
