9 0.3515625 0.6140625000000001 0.034375 0.05625
3 0.2515625 0.8875000000000001 0.059375000000000004 0.115625
3 0.0421875 0.73203125 0.07500000000000001 0.11406250000000001
5 0.278125 0.49843750000000003 0.07187500000000001 0.1625
4 0.23515625 0.31484375000000003 0.0484375 0.0859375
3 0.3765625 0.284375 0.043750000000000004 0.07187500000000001
3 0.09375 0.2328125 0.05 0.059375000000000004
3 0.28046875 0.030468750000000003 0.0421875 0.0578125
3 0.19140625 0.032031250000000004 0.0421875 0.0546875
3 0.07187500000000001 0.065625 0.05 0.05625
0 0.9773437500000001 0.8343750000000001 0.0171875 0.03125
0 0.88671875 0.74921875 0.0328125 0.035937500000000004
0 0.6781250000000001 0.8500000000000001 0.053125000000000006 0.025
0 0.765625 0.6585937500000001 0.021875000000000002 0.0203125
1 0.6117187500000001 0.6335937500000001 0.0390625 0.0140625
0 0.65625 0.53125 0.015625 0.018750000000000003
1 0.6960937500000001 0.46796875000000004 0.0234375 0.0203125
0 0.6218750000000001 0.45937500000000003 0.021875000000000002 0.025
0 0.596875 0.43671875000000004 0.015625 0.026562500000000003
0 0.8093750000000001 0.4375 0.015625 0.028125
0 0.8367187500000001 0.38828125 0.0171875 0.0171875
0 0.71796875 0.3203125 0.010937500000000001 0.021875000000000002
1 0.70703125 0.33359375 0.0171875 0.0140625
0 0.6664062500000001 0.284375 0.0140625 0.025
0 0.7265625 0.29296875 0.0125 0.0171875
0 0.5578125 0.30703125000000003 0.021875000000000002 0.0203125
0 0.47500000000000003 0.34296875000000004 0.015625 0.026562500000000003
0 0.5421875 0.26406250000000003 0.015625 0.028125
0 0.51953125 0.2734375 0.0171875 0.028125
1 0.58515625 0.19062500000000002 0.0171875 0.015625
0 0.5296875 0.21640625000000002 0.015625 0.0140625
0 0.50390625 0.17421875 0.0203125 0.0234375
0 0.47968750000000004 0.12578125 0.015625 0.0234375
0 0.46328125000000003 0.0921875 0.0140625 0.025
0 0.7093750000000001 0.17109375000000002 0.0125 0.026562500000000003
0 0.7289062500000001 0.11484375000000001 0.0171875 0.026562500000000003
0 0.59609375 0.1078125 0.010937500000000001 0.018750000000000003
0 0.525 0.09843750000000001 0.021875000000000002 0.025
0 0.49140625000000004 0.06796875000000001 0.0140625 0.0203125
0 0.47578125000000004 0.059375000000000004 0.010937500000000001 0.018750000000000003
0 0.45937500000000003 0.02109375 0.015625 0.0203125
0 0.49296875 0.025781250000000002 0.010937500000000001 0.026562500000000003
0 0.540625 0.0546875 0.018750000000000003 0.025
0 0.56875 0.053125000000000006 0.021875000000000002 0.03125
0 0.71640625 0.051562500000000004 0.010937500000000001 0.018750000000000003
0 0.7664062500000001 0.065625 0.0140625 0.03125
0 0.78046875 0.043750000000000004 0.010937500000000001 0.021875000000000002
0 0.75 0.0203125 0.009375000000000001 0.018750000000000003
0 0.6414062500000001 0.540625 0.0234375 0.018750000000000003
0 0.890625 0.5015625 0.0125 0.025
0 0.8140625 0.43671875000000004 0.015625 0.0234375
1 0.62421875 0.21171875 0.0171875 0.0140625
1 0.60859375 0.20546875 0.0078125 0.0140625
1 0.5953125 0.21953125 0.015625 0.0203125
0 0.73984375 0.178125 0.0140625 0.018750000000000003
0 0.6062500000000001 0.0859375 0.0125 0.028125
0 0.6390625000000001 0.0921875 0.0125 0.018750000000000003
0 0.628125 0.07734375 0.015625 0.0171875
0 0.61328125 0.07109375 0.010937500000000001 0.0171875
0 0.7429687500000001 0.021875000000000002 0.010937500000000001 0.025
0 0.7273437500000001 0.02890625 0.010937500000000001 0.0234375
1 0.60703125 0.6234375000000001 0.0390625 0.018750000000000003
