0 0.97421875 0.70625 0.0484375 0.12187500000000001
0 0.946875 0.7296875 0.05 0.12812500000000002
0 0.83984375 0.88203125 0.0421875 0.1171875
0 0.9 0.15546875000000002 0.025 0.07968750000000001
0 0.80625 0.22578125000000002 0.03125 0.07968750000000001
0 0.80390625 0.1609375 0.0203125 0.07500000000000001
0 0.56171875 0.22109375 0.0171875 0.06406250000000001
0 0.6453125000000001 0.40390625 0.040625 0.09531250000000001
0 0.5953125 0.3875 0.03125 0.09062500000000001
0 0.6179687500000001 0.371875 0.0390625 0.10312500000000001
4 0.56875 0.3171875 0.209375 0.125
4 0.5765625 0.27265625 0.20625000000000002 0.1265625
4 0.65546875 0.13515625 0.1234375 0.1078125
3 0.8226562500000001 0.06953125 0.1078125 0.0890625
3 0.90234375 0.032031250000000004 0.0921875 0.060937500000000006
4 0.49609375 0.04296875 0.19843750000000002 0.07968750000000001
3 0.5867187500000001 0.025 0.1296875 0.046875
4 0.359375 0.51015625 0.259375 0.1546875
9 0.5421875 0.43203125000000003 0.07187500000000001 0.0734375
4 0.33359375 0.12734375 0.1796875 0.09843750000000001
4 0.42421875000000003 0.246875 0.1609375 0.10625000000000001
3 0.21406250000000002 0.340625 0.134375 0.1125
2 0.140625 0.115625 0.046875 0.0625
9 0.26171875 0.15546875000000002 0.07968750000000001 0.0578125
0 0.25 0.14140625 0.025 0.0734375
0 0.21640625000000002 0.15546875000000002 0.035937500000000004 0.0765625
1 0.38671875 0.16953125000000002 0.0234375 0.0484375
1 0.40625 0.15078125 0.025 0.060937500000000006
0 0.30546875 0.1765625 0.029687500000000002 0.07500000000000001
0 0.29765625 0.25625000000000003 0.035937500000000004 0.078125
0 0.25078125 0.20703125 0.0390625 0.0765625
0 0.22734375 0.23984375000000002 0.0390625 0.0734375
