3 0.9125000000000001 0.42265625 0.040625 0.0203125
3 0.37343750000000003 0.47734375 0.05 0.0171875
3 0.30859375 0.51796875 0.0546875 0.0234375
3 0.21796875000000002 0.5734375 0.0484375 0.025
4 0.07187500000000001 0.5890625 0.05 0.028125
4 0.0328125 0.5484375 0.059375000000000004 0.025
4 0.22031250000000002 0.4890625 0.053125000000000006 0.025
4 0.321875 0.56484375 0.053125000000000006 0.026562500000000003
4 0.46484375 0.503125 0.051562500000000004 0.021875000000000002
5 0.553125 0.45390625 0.109375 0.0390625
4 0.67734375 0.48046875 0.045312500000000006 0.0203125
4 0.73359375 0.44140625 0.0484375 0.0234375
8 0.8046875 0.51328125 0.065625 0.0328125
5 0.6171875 0.55703125 0.109375 0.0390625
3 0.6843750000000001 0.7757812500000001 0.043750000000000004 0.0390625
3 0.6664062500000001 0.7953125000000001 0.0421875 0.034375
4 0.8984375 0.7640625000000001 0.043750000000000004 0.034375
3 0.6625000000000001 0.82578125 0.037500000000000006 0.035937500000000004
4 0.93515625 0.7546875000000001 0.0390625 0.034375
4 0.95703125 0.52578125 0.045312500000000006 0.0203125
