3 0.6125 0.27187500000000003 0.00625 0.00625
3 0.5078125 0.30078125 0.00625 0.0078125
3 0.51015625 0.3125 0.0078125 0.009375000000000001
5 0.47578125000000004 0.26406250000000003 0.010937500000000001 0.018750000000000003
5 0.48515625 0.284375 0.0171875 0.018750000000000003
4 0.48046875 0.47187500000000004 0.026562500000000003 0.021875000000000002
3 0.31640625 0.46718750000000003 0.0140625 0.018750000000000003
3 0.35390625000000003 0.52109375 0.026562500000000003 0.0203125
3 0.39921875 0.496875 0.026562500000000003 0.015625
5 0.30546875 0.53828125 0.0484375 0.06406250000000001
0 0.8109375000000001 0.95234375 0.015625 0.0234375
0 0.7234375000000001 0.9281250000000001 0.0125 0.025
0 0.68515625 0.88671875 0.010937500000000001 0.0234375
4 0.6953125 0.78046875 0.025 0.0390625
0 0.55703125 0.6734375 0.0078125 0.015625
0 0.06953125 0.6000000000000001 0.0078125 0.0125
3 0.22890625 0.46328125000000003 0.026562500000000003 0.0140625
3 0.2859375 0.434375 0.03125 0.0125
