3 0.43125 0.84921875 0.043750000000000004 0.0890625
3 0.496875 0.8484375000000001 0.05 0.1
3 0.21406250000000002 0.8250000000000001 0.046875 0.084375
3 0.15156250000000002 0.81640625 0.05 0.0890625
3 0.03359375 0.81640625 0.0578125 0.0921875
3 0.0921875 0.81015625 0.053125000000000006 0.0921875
3 0.234375 0.6117187500000001 0.125 0.051562500000000004
3 0.78125 0.6117187500000001 0.125 0.0578125
3 0.89765625 0.6859375000000001 0.1421875 0.053125000000000006
5 0.9187500000000001 0.4140625 0.1375 0.07500000000000001
5 0.8968750000000001 0.37031250000000004 0.125 0.059375000000000004
5 0.890625 0.34687500000000004 0.1125 0.05625
5 0.87421875 0.30078125 0.1046875 0.060937500000000006
4 0.775 0.2921875 0.07187500000000001 0.040625
3 0.77109375 0.30859375 0.0703125 0.0328125
3 0.796875 0.43359375 0.084375 0.0390625
3 0.79453125 0.41328125000000004 0.0921875 0.035937500000000004
3 0.7875000000000001 0.38046875 0.08125 0.035937500000000004
3 0.7820312500000001 0.35078125000000004 0.0765625 0.029687500000000002
3 0.7718750000000001 0.33437500000000003 0.06875 0.028125
4 0.78671875 0.36328125 0.08281250000000001 0.0421875
3 0.8250000000000001 0.12578125 0.059375000000000004 0.0203125
3 0.8328125000000001 0.13828125 0.059375000000000004 0.029687500000000002
3 0.8359375 0.15000000000000002 0.059375000000000004 0.028125
3 0.8367187500000001 0.16718750000000002 0.0546875 0.025
3 0.846875 0.17578125 0.05625 0.026562500000000003
3 0.84765625 0.18671875000000002 0.0546875 0.0234375
3 0.85859375 0.19843750000000002 0.06406250000000001 0.028125
3 0.85859375 0.203125 0.0703125 0.028125
3 0.86328125 0.22421875000000002 0.0703125 0.029687500000000002
3 0.8656250000000001 0.23515625 0.065625 0.0328125
3 0.8796875000000001 0.24921875000000002 0.05625 0.029687500000000002
3 0.9070312500000001 0.16953125000000002 0.051562500000000004 0.026562500000000003
3 0.9078125 0.18046875 0.059375000000000004 0.026562500000000003
3 0.6671875 0.21953125 0.07187500000000001 0.026562500000000003
3 0.671875 0.2078125 0.0625 0.018750000000000003
3 0.66796875 0.19687500000000002 0.06406250000000001 0.021875000000000002
3 0.66796875 0.17578125 0.0546875 0.029687500000000002
3 0.6625000000000001 0.16796875 0.05625 0.0203125
3 0.66171875 0.15625 0.060937500000000006 0.025
3 0.6625000000000001 0.1484375 0.05 0.018750000000000003
3 0.66328125 0.13515625 0.0546875 0.0234375
3 0.7375 0.22578125000000002 0.0625 0.0234375
3 0.7234375000000001 0.15000000000000002 0.046875 0.025
3 0.7289062500000001 0.1640625 0.0671875 0.025
3 0.7289062500000001 0.17109375000000002 0.0546875 0.026562500000000003
3 0.73359375 0.18203125 0.0546875 0.026562500000000003
3 0.7328125000000001 0.1921875 0.059375000000000004 0.021875000000000002
4 0.7367187500000001 0.20703125 0.0671875 0.035937500000000004
3 0.6726562500000001 0.2328125 0.0703125 0.037500000000000006
3 0.74375 0.23750000000000002 0.065625 0.03125
3 0.64609375 0.28750000000000003 0.0328125 0.037500000000000006
3 0.6125 0.28750000000000003 0.03125 0.034375
3 0.6515625 0.37578125 0.037500000000000006 0.0421875
3 0.66796875 0.48750000000000004 0.0421875 0.05
3 0.578125 0.31328125 0.03125 0.0390625
3 0.5085937500000001 0.30312500000000003 0.0328125 0.053125000000000006
3 0.47500000000000003 0.3015625 0.037500000000000006 0.053125000000000006
3 0.47968750000000004 0.21953125 0.0625 0.0328125
3 0.48125 0.19062500000000002 0.059375000000000004 0.028125
3 0.5484375 0.13671875 0.053125000000000006 0.026562500000000003
3 0.359375 0.21640625000000002 0.07187500000000001 0.029687500000000002
3 0.290625 0.21484375 0.059375000000000004 0.029687500000000002
3 0.36484375 0.18125000000000002 0.06406250000000001 0.034375
3 0.29609375 0.1875 0.060937500000000006 0.025
3 0.3015625 0.16796875 0.053125000000000006 0.0234375
3 0.22578125000000002 0.109375 0.06406250000000001 0.03125
3 0.38359375 0.27265625 0.0328125 0.0328125
3 0.5140625 0.27265625 0.028125 0.026562500000000003
3 0.4765625 0.26953125 0.03125 0.026562500000000003
3 0.4421875 0.29531250000000003 0.037500000000000006 0.05
3 0.42734375 0.3296875 0.0765625 0.040625
3 0.42500000000000004 0.34921875 0.065625 0.0328125
3 0.4265625 0.36953125000000003 0.07187500000000001 0.0328125
3 0.42500000000000004 0.3875 0.07187500000000001 0.03125
3 0.42109375000000004 0.40390625 0.0765625 0.0390625
3 0.41718750000000004 0.42500000000000004 0.07500000000000001 0.037500000000000006
3 0.41640625000000003 0.44140625 0.0734375 0.0421875
3 0.3375 0.44140625 0.059375000000000004 0.0421875
3 0.34609375000000003 0.4140625 0.0578125 0.034375
3 0.35546875 0.39296875000000003 0.0671875 0.0328125
3 0.35546875 0.371875 0.060937500000000006 0.034375
3 0.40859375000000003 0.2984375 0.029687500000000002 0.037500000000000006
3 0.49375 0.07734375 0.05 0.0234375
3 0.66015625 0.08203125 0.045312500000000006 0.029687500000000002
3 0.71015625 0.09765625 0.060937500000000006 0.029687500000000002
3 0.5578125 0.08515625 0.043750000000000004 0.026562500000000003
3 0.77109375 0.09765625 0.0546875 0.0328125
3 0.34609375000000003 0.26406250000000003 0.0328125 0.043750000000000004
3 0.296875 0.2890625 0.034375 0.040625
4 0.6125 0.371875 0.037500000000000006 0.053125000000000006
4 0.5750000000000001 0.275 0.034375 0.040625
4 0.546875 0.2234375 0.065625 0.040625
4 0.553125 0.21015625000000002 0.065625 0.035937500000000004
4 0.54609375 0.19687500000000002 0.060937500000000006 0.03125
4 0.54609375 0.18828125 0.060937500000000006 0.026562500000000003
4 0.5476562500000001 0.16718750000000002 0.0484375 0.03125
4 0.37734375000000003 0.140625 0.060937500000000006 0.034375
4 0.38359375 0.13203125000000002 0.0546875 0.029687500000000002
4 0.38359375 0.12109375 0.0546875 0.029687500000000002
4 0.3828125 0.11093750000000001 0.05625 0.028125
4 0.38906250000000003 0.10390625 0.053125000000000006 0.029687500000000002
4 0.546875 0.12265625000000001 0.05625 0.029687500000000002
4 0.15234375 0.19843750000000002 0.09531250000000001 0.043750000000000004
8 0.08203125 0.14609375 0.1484375 0.0546875
8 0.10859375 0.1125 0.1421875 0.05625
8 0.115625 0.1015625 0.1375 0.05
8 0.13125 0.060937500000000006 0.125 0.05
5 0.29140625000000003 0.06171875 0.08281250000000001 0.0421875
5 0.045312500000000006 0.049218750000000006 0.07500000000000001 0.0421875
3 0.21328125 0.065625 0.0546875 0.025
4 0.93515625 0.22734375 0.0765625 0.0421875
0 0.29453125 0.909375 0.0203125 0.043750000000000004
0 0.1796875 0.9125000000000001 0.015625 0.034375
0 0.18046875 0.9046875000000001 0.010937500000000001 0.034375
4 0.59140625 0.1046875 0.0546875 0.03125
5 0.41015625 0.065625 0.0421875 0.046875
