3 0.24609375 0.8515625 0.1046875 0.040625
3 0.246875 0.8171875000000001 0.096875 0.034375
3 0.27187500000000003 0.7859375000000001 0.10625000000000001 0.043750000000000004
3 0.4109375 0.7664062500000001 0.09375 0.0421875
4 0.31093750000000003 0.6976562500000001 0.078125 0.0484375
3 0.56484375 0.6484375 0.06406250000000001 0.040625
3 0.5789062500000001 0.5984375000000001 0.08281250000000001 0.043750000000000004
3 0.77109375 0.7078125000000001 0.08281250000000001 0.043750000000000004
3 0.68359375 0.7250000000000001 0.0859375 0.053125000000000006
3 0.65625 0.69921875 0.07187500000000001 0.045312500000000006
3 0.7015625000000001 0.67578125 0.07500000000000001 0.0390625
3 0.6742187500000001 0.65390625 0.0765625 0.029687500000000002
3 0.634375 0.634375 0.065625 0.037500000000000006
3 0.37578125 0.19062500000000002 0.035937500000000004 0.018750000000000003
5 0.5421875 0.33828125000000003 0.08750000000000001 0.07968750000000001
3 0.32109375 0.6312500000000001 0.0484375 0.034375
3 0.33437500000000003 0.18359375 0.03125 0.0171875
3 0.32421875 0.17890625000000002 0.0328125 0.0171875
3 0.27890625 0.11875000000000001 0.026562500000000003 0.015625
3 0.29375 0.115625 0.034375 0.015625
3 0.29375 0.16718750000000002 0.034375 0.015625
