4 0.07578125000000001 0.51328125 0.0421875 0.0421875
5 0.02890625 0.446875 0.045312500000000006 0.053125000000000006
3 0.30078125 0.39765625000000004 0.0234375 0.0203125
3 0.10546875 0.38984375000000004 0.026562500000000003 0.029687500000000002
3 0.0703125 0.38906250000000003 0.025 0.021875000000000002
3 0.07109375 0.3609375 0.0234375 0.021875000000000002
3 0.09296875 0.37031250000000004 0.0203125 0.018750000000000003
3 0.13046875 0.35781250000000003 0.026562500000000003 0.025
3 0.11015625000000001 0.34453125 0.0203125 0.0203125
3 0.12578125 0.32890625 0.0171875 0.0140625
3 0.1203125 0.31953125000000004 0.015625 0.0140625
3 0.1484375 0.31484375000000003 0.018750000000000003 0.0140625
3 0.1796875 0.30703125000000003 0.015625 0.0140625
3 0.17890625000000002 0.2921875 0.0140625 0.0125
3 0.19062500000000002 0.30000000000000004 0.015625 0.0125
3 0.2078125 0.30000000000000004 0.015625 0.015625
3 0.19687500000000002 0.2828125 0.009375000000000001 0.009375000000000001
3 0.19687500000000002 0.275 0.0125 0.009375000000000001
3 0.21328125 0.275 0.010937500000000001 0.0125
3 0.22890625 0.275 0.010937500000000001 0.0125
3 0.22031250000000002 0.26953125 0.009375000000000001 0.010937500000000001
3 0.23984375000000002 0.2671875 0.010937500000000001 0.009375000000000001
3 0.240625 0.2625 0.0125 0.009375000000000001
3 0.25625000000000003 0.2578125 0.00625 0.0125
3 0.27890625 0.24609375 0.010937500000000001 0.0078125
3 0.290625 0.24921875000000002 0.009375000000000001 0.0078125
3 0.3015625 0.24531250000000002 0.00625 0.009375000000000001
3 0.27265625 0.25390625 0.0078125 0.0078125
5 0.3328125 0.36953125000000003 0.025 0.0328125
0 0.48515625 0.40546875000000004 0.010937500000000001 0.0234375
0 0.5015625 0.45234375000000004 0.0125 0.0234375
0 0.51484375 0.42265625 0.0078125 0.0203125
