3 0.7875000000000001 0.7976562500000001 0.12187500000000001 0.1296875
4 0.70703125 0.6531250000000001 0.1015625 0.10625000000000001
3 0.6671875 0.55078125 0.096875 0.09843750000000001
3 0.63984375 0.46406250000000004 0.1078125 0.06875
3 0.5867187500000001 0.38125000000000003 0.0703125 0.06875
3 0.6898437500000001 0.3046875 0.0703125 0.06875
3 0.5593750000000001 0.328125 0.0625 0.053125000000000006
3 0.546875 0.26640625 0.06875 0.0703125
4 0.509375 0.234375 0.10312500000000001 0.05625
3 0.94140625 0.1484375 0.1046875 0.05
3 0.453125 0.17734375000000002 0.096875 0.051562500000000004
3 0.48359375000000004 0.1484375 0.0484375 0.043750000000000004
3 0.46484375 0.115625 0.0484375 0.040625
3 0.45390625 0.08671875000000001 0.035937500000000004 0.029687500000000002
3 0.4375 0.0625 0.037500000000000006 0.028125
3 0.42812500000000003 0.04296875 0.043750000000000004 0.029687500000000002
4 0.625 0.02421875 0.096875 0.0421875
3 0.65234375 0.041406250000000006 0.0921875 0.029687500000000002
3 0.6570312500000001 0.0546875 0.0859375 0.03125
3 0.6640625 0.07109375 0.09375 0.0328125
3 0.67890625 0.09453125000000001 0.0921875 0.0328125
3 0.69453125 0.1 0.0859375 0.040625
3 0.7234375000000001 0.13203125000000002 0.10625000000000001 0.0421875
3 0.7609375 0.1484375 0.08750000000000001 0.040625
3 0.7718750000000001 0.18515625000000002 0.109375 0.035937500000000004
3 0.765625 0.21015625000000002 0.1 0.045312500000000006
3 0.7937500000000001 0.23125 0.09375 0.046875
3 0.83125 0.26640625 0.09375 0.051562500000000004
3 0.85859375 0.30390625000000004 0.0921875 0.0578125
3 0.88671875 0.321875 0.1078125 0.059375000000000004
3 0.9085937500000001 0.3609375 0.11406250000000001 0.0625
3 0.9375 0.39765625000000004 0.12187500000000001 0.060937500000000006
