4 0.27187500000000003 0.07265625 0.05 0.0765625
3 0.19687500000000002 0.060937500000000006 0.053125000000000006 0.07500000000000001
0 0.61875 0.055468750000000004 0.021875000000000002 0.035937500000000004
0 0.6359375 0.028125 0.015625 0.03125
0 0.38906250000000003 0.01171875 0.018750000000000003 0.0203125
0 0.40546875000000004 0.0125 0.0171875 0.025
0 0.43281250000000004 0.01171875 0.015625 0.0203125
0 0.45 0.01640625 0.021875000000000002 0.029687500000000002
0 0.46015625000000004 0.014843750000000001 0.0171875 0.026562500000000003
0 0.525 0.0203125 0.021875000000000002 0.037500000000000006
0 0.57421875 0.01015625 0.0171875 0.0171875
