0 0.28515625 0.8328125000000001 0.0328125 0.065625
0 0.46328125000000003 0.7312500000000001 0.0171875 0.040625
0 0.25234375000000003 0.95625 0.0203125 0.08125
0 0.096875 0.95234375 0.03125 0.0890625
0 0.10390625 0.940625 0.0328125 0.096875
0 0.1375 0.91953125 0.034375 0.0765625
0 0.2234375 0.93125 0.037500000000000006 0.09062500000000001
0 0.24765625000000002 0.9476562500000001 0.0328125 0.0890625
1 0.22421875000000002 0.96875 0.026562500000000003 0.05
1 0.225 0.95625 0.034375 0.0625
1 0.1859375 0.94453125 0.034375 0.0578125
1 0.16328125000000002 0.9437500000000001 0.035937500000000004 0.06875
1 0.35000000000000003 0.9359375000000001 0.059375000000000004 0.05625
1 0.35000000000000003 0.91953125 0.043750000000000004 0.0578125
1 0.371875 0.88671875 0.037500000000000006 0.0703125
1 0.45 0.89453125 0.05 0.0578125
1 0.3484375 0.87890625 0.028125 0.060937500000000006
1 0.596875 0.82421875 0.028125 0.0484375
1 0.68359375 0.7765625 0.0171875 0.040625
1 0.70078125 0.7835937500000001 0.0234375 0.029687500000000002
1 0.8132812500000001 0.7546875000000001 0.026562500000000003 0.043750000000000004
1 0.87421875 0.7421875 0.026562500000000003 0.03125
0 0.7289062500000001 0.7640625000000001 0.0203125 0.037500000000000006
0 0.6726562500000001 0.8132812500000001 0.026562500000000003 0.0484375
9 0.7328125000000001 0.77265625 0.037500000000000006 0.0234375
9 0.47421875 0.8671875 0.0671875 0.05
2 0.2859375 0.9437500000000001 0.065625 0.053125000000000006
2 0.28046875 0.9281250000000001 0.0546875 0.053125000000000006
9 0.31796875 0.90234375 0.0703125 0.051562500000000004
2 0.065625 0.9593750000000001 0.037500000000000006 0.065625
2 0.060937500000000006 0.9734375000000001 0.08125 0.053125000000000006
1 0.5703125 0.7390625000000001 0.043750000000000004 0.021875000000000002
8 0.403125 0.66015625 0.153125 0.06406250000000001
