0 0.07734375 0.9109375000000001 0.026562500000000003 0.05
0 0.27187500000000003 0.9109375000000001 0.034375 0.05
4 0.23984375000000002 0.61640625 0.1546875 0.1328125
9 0.0703125 0.5671875000000001 0.065625 0.028125
9 0.29531250000000003 0.5296875 0.07187500000000001 0.037500000000000006
9 0.40546875000000004 0.51796875 0.0765625 0.0390625
1 0.40546875000000004 0.52109375 0.0328125 0.035937500000000004
0 0.34921875 0.4265625 0.0234375 0.037500000000000006
6 0.13046875 0.18359375 0.13593750000000002 0.060937500000000006
9 0.27734375 0.18125000000000002 0.0765625 0.034375
3 0.83515625 0.259375 0.1421875 0.0625
9 0.8 0.5906250000000001 0.084375 0.040625
3 0.734375 0.71875 0.18125000000000002 0.09062500000000001
9 0.89609375 0.8765625 0.0734375 0.037500000000000006
1 0.8796875000000001 0.87890625 0.028125 0.029687500000000002
1 0.90390625 0.878125 0.0328125 0.028125
