3 0.46406250000000004 0.06171875 0.10625000000000001 0.1015625
4 0.384375 0.13125 0.09375 0.109375
0 0.31171875000000004 0.25078125 0.0328125 0.0484375
9 0.20703125 0.27421875 0.060937500000000006 0.045312500000000006
9 0.06171875 0.45937500000000003 0.051562500000000004 0.05
9 0.02421875 0.54453125 0.0421875 0.035937500000000004
3 0.28984375 0.9609375 0.19843750000000002 0.078125
3 0.3515625 0.87265625 0.19687500000000002 0.09843750000000001
3 0.39453125 0.759375 0.1921875 0.109375
3 0.44375000000000003 0.6531250000000001 0.19062500000000002 0.13125
3 0.51328125 0.55703125 0.16718750000000002 0.1015625
3 0.5484375 0.46796875000000004 0.15937500000000002 0.09843750000000001
3 0.5750000000000001 0.39765625000000004 0.140625 0.09531250000000001
3 0.62421875 0.31093750000000003 0.15781250000000002 0.10312500000000001
3 0.65625 0.2421875 0.15625 0.09062500000000001
3 0.6953125 0.17343750000000002 0.146875 0.09375
3 0.7445312500000001 0.11484375000000001 0.1484375 0.0765625
4 0.7671875 0.04453125 0.12812500000000002 0.0703125
