4 0.055468750000000004 0.16953125000000002 0.08281250000000001 0.0703125
4 0.02890625 0.41875 0.0546875 0.0625
4 0.15937500000000002 0.060937500000000006 0.08750000000000001 0.07187500000000001
3 0.42890625000000004 0.31640625 0.08281250000000001 0.060937500000000006
3 0.57421875 0.6796875 0.0734375 0.046875
8 0.7601562500000001 0.8500000000000001 0.2078125 0.07500000000000001
4 0.95625 0.5609375 0.078125 0.053125000000000006
3 0.87109375 0.434375 0.0703125 0.05
3 0.7984375 0.22734375 0.078125 0.06406250000000001
4 0.91796875 0.22890625 0.0765625 0.0703125
