8 0.1765625 0.853125 0.15000000000000002 0.146875
8 0.5140625 0.8265625000000001 0.043750000000000004 0.15625
8 0.08359375000000001 0.52109375 0.051562500000000004 0.1046875
8 0.12578125 0.515625 0.0484375 0.1125
8 0.16953125000000002 0.51015625 0.0546875 0.1265625
8 0.21328125 0.49296875 0.0484375 0.1078125
8 0.2578125 0.5015625 0.046875 0.10625000000000001
8 0.30703125000000003 0.52734375 0.06406250000000001 0.1765625
8 0.47578125000000004 0.44765625000000003 0.0484375 0.1171875
8 0.19140625 0.625 0.0484375 0.10312500000000001
8 0.153125 0.6492187500000001 0.05 0.1046875
8 0.11015625000000001 0.65234375 0.0484375 0.1046875
0 0.9890625000000001 0.13359375 0.018750000000000003 0.010937500000000001
0 0.9750000000000001 0.14765625000000002 0.0125 0.010937500000000001
0 0.9789062500000001 0.15000000000000002 0.0171875 0.015625
0 0.9460937500000001 0.8250000000000001 0.0171875 0.0125
