3 0.14296875 0.91171875 0.0703125 0.0921875
3 0.8703125 0.65234375 0.08750000000000001 0.0765625
3 0.8265625000000001 0.5765625 0.059375000000000004 0.05625
3 0.8703125 0.55625 0.059375000000000004 0.053125000000000006
4 0.82734375 0.11953125 0.0484375 0.029687500000000002
3 0.75546875 0.0625 0.0484375 0.028125
3 0.61875 0.0890625 0.05 0.025
3 0.45546875000000003 0.12265625000000001 0.0546875 0.035937500000000004
3 0.11093750000000001 0.1859375 0.065625 0.028125
3 0.16562500000000002 0.15703125 0.059375000000000004 0.026562500000000003
3 0.6414062500000001 0.6640625 0.0671875 0.059375000000000004
3 0.6796875 0.7953125000000001 0.096875 0.06875
3 0.84140625 0.7289062500000001 0.0890625 0.06406250000000001
5 0.7718750000000001 0.78515625 0.109375 0.1046875
3 0.815625 0.8226562500000001 0.08750000000000001 0.06406250000000001
3 0.8656250000000001 0.8484375000000001 0.08750000000000001 0.07187500000000001
3 0.93515625 0.9031250000000001 0.07968750000000001 0.07187500000000001
3 0.5953125 0.9632812500000001 0.109375 0.0734375
4 0.9359375000000001 0.5421875 0.05625 0.0625
3 0.39375000000000004 0.15156250000000002 0.053125000000000006 0.025
3 0.5484375 0.10625000000000001 0.059375000000000004 0.021875000000000002
3 0.6953125 0.07265625 0.043750000000000004 0.026562500000000003
3 0.7375 0.11015625000000001 0.05625 0.0234375
5 0.634375 0.12109375 0.07187500000000001 0.035937500000000004
5 0.6890625 0.05390625 0.0625 0.0484375
3 0.33359375 0.1484375 0.0578125 0.028125
3 0.31171875000000004 0.140625 0.051562500000000004 0.03125
3 0.5593750000000001 0.0890625 0.040625 0.025
4 0.8265625000000001 0.04609375 0.043750000000000004 0.026562500000000003
5 0.925 0.015625 0.05 0.025
3 0.43203125000000003 0.11796875000000001 0.045312500000000006 0.029687500000000002
3 0.89765625 0.10625000000000001 0.0484375 0.025
0 0.5484375 0.6609375000000001 0.015625 0.028125
0 0.5632812500000001 0.6507812500000001 0.0171875 0.0328125
0 0.51328125 0.65390625 0.0203125 0.029687500000000002
0 0.52109375 0.6453125000000001 0.0203125 0.037500000000000006
0 0.52734375 0.98984375 0.0203125 0.0171875
0 0.32734375000000004 0.46171875 0.0171875 0.029687500000000002
0 0.33906250000000004 0.453125 0.0125 0.025
0 0.36171875000000003 0.41250000000000003 0.010937500000000001 0.025
0 0.44453125000000004 0.21640625000000002 0.010937500000000001 0.0171875
0 0.40078125000000003 0.24296875 0.0140625 0.0203125
0 0.5320312500000001 0.19687500000000002 0.010937500000000001 0.018750000000000003
0 0.30000000000000004 0.284375 0.009375000000000001 0.025
0 0.290625 0.2765625 0.009375000000000001 0.025
0 0.29140625000000003 0.25390625 0.010937500000000001 0.0203125
0 0.27578125000000003 0.26171875 0.0140625 0.026562500000000003
0 0.22578125000000002 0.1328125 0.010937500000000001 0.021875000000000002
0 0.21484375 0.13203125000000002 0.010937500000000001 0.0234375
0 0.19765625 0.1375 0.010937500000000001 0.015625
3 0.1546875 0.1078125 0.059375000000000004 0.028125
0 0.05 0.09531250000000001 0.00625 0.018750000000000003
0 0.043750000000000004 0.09531250000000001 0.0125 0.018750000000000003
0 0.029687500000000002 0.096875 0.009375000000000001 0.015625
0 0.03359375 0.08203125 0.010937500000000001 0.0171875
0 0.0234375 0.08203125 0.009375000000000001 0.0171875
0 0.95234375 0.11015625000000001 0.010937500000000001 0.0203125
0 0.9343750000000001 0.11171875 0.009375000000000001 0.0203125
1 0.93515625 0.12109375 0.010937500000000001 0.0140625
1 0.94296875 0.11953125 0.010937500000000001 0.0140625
