3 0.184375 0.30625 0.040625 0.059375000000000004
3 0.5265625 0.16328125000000002 0.046875 0.0546875
3 0.60546875 0.73046875 0.08281250000000001 0.1171875
3 0.8921875 0.415625 0.043750000000000004 0.0625
3 0.6960937500000001 0.16328125000000002 0.0484375 0.060937500000000006
4 0.76484375 0.4109375 0.06406250000000001 0.1
4 0.45937500000000003 0.446875 0.059375000000000004 0.1
4 0.53125 0.7976562500000001 0.10312500000000001 0.0859375
3 0.625 0.16796875 0.040625 0.0734375
5 0.07187500000000001 0.7406250000000001 0.11875000000000001 0.17500000000000002
3 0.14765625000000002 0.7234375000000001 0.0765625 0.10625000000000001
3 0.2421875 0.059375000000000004 0.065625 0.034375
3 0.23593750000000002 0.0234375 0.0625 0.034375
0 0.1859375 0.1859375 0.0125 0.025
0 0.14765625000000002 0.30859375 0.010937500000000001 0.029687500000000002
0 0.15937500000000002 0.30703125000000003 0.0125 0.026562500000000003
0 0.015625 0.07578125000000001 0.009375000000000001 0.026562500000000003
0 0.07187500000000001 0.40156250000000004 0.0125 0.03125
0 0.08281250000000001 0.40156250000000004 0.015625 0.028125
