3 0.9085937500000001 0.8500000000000001 0.0328125 0.07500000000000001
4 0.846875 0.95078125 0.08125 0.035937500000000004
8 0.72578125 0.8562500000000001 0.0578125 0.215625
4 0.40546875000000004 0.8 0.0390625 0.078125
4 0.2421875 0.7507812500000001 0.037500000000000006 0.08281250000000001
4 0.21484375 0.4859375 0.029687500000000002 0.06875
9 0.153125 0.4421875 0.015625 0.03125
1 0.153125 0.44062500000000004 0.0125 0.018750000000000003
3 0.05078125 0.096875 0.026562500000000003 0.05
9 0.12109375 0.1078125 0.010937500000000001 0.025
1 0.11640625 0.1046875 0.010937500000000001 0.018750000000000003
3 0.11953125 0.05390625 0.026562500000000003 0.045312500000000006
3 0.17578125 0.06484375 0.026562500000000003 0.0421875
3 0.23515625 0.065625 0.0234375 0.053125000000000006
3 0.3484375 0.09531250000000001 0.028125 0.0625
3 0.2234375 0.18125000000000002 0.028125 0.05625
3 0.8914062500000001 0.02734375 0.060937500000000006 0.029687500000000002
8 0.78046875 0.049218750000000006 0.0421875 0.08281250000000001
8 0.6507812500000001 0.1921875 0.0390625 0.14375000000000002
3 0.5867187500000001 0.309375 0.026562500000000003 0.0625
9 0.525 0.34921875 0.009375000000000001 0.035937500000000004
1 0.5265625 0.34765625 0.0125 0.0140625
