3 0.09296875 0.0203125 0.0484375 0.025
3 0.09765625 0.05234375 0.0484375 0.0234375
3 0.10234375000000001 0.0859375 0.0484375 0.03125
3 0.11015625000000001 0.11875000000000001 0.0484375 0.03125
3 0.1046875 0.14375000000000002 0.043750000000000004 0.028125
3 0.13046875 0.25 0.026562500000000003 0.05625
3 0.1375 0.36015625 0.021875000000000002 0.0484375
5 0.1765625 0.57421875 0.059375000000000004 0.0546875
4 0.20625000000000002 0.49609375 0.028125 0.051562500000000004
3 0.23046875 0.48828125 0.0328125 0.0484375
3 0.25234375000000003 0.47578125000000004 0.0328125 0.0484375
3 0.28984375 0.46406250000000004 0.026562500000000003 0.040625
3 0.31171875000000004 0.45625000000000004 0.0234375 0.034375
3 0.33906250000000004 0.44296875 0.028125 0.0421875
3 0.36171875000000003 0.43125 0.0328125 0.053125000000000006
3 0.38828125 0.41484375 0.0328125 0.0546875
3 0.4109375 0.40546875000000004 0.025 0.045312500000000006
3 0.6664062500000001 0.37343750000000003 0.0671875 0.05
0 0.11640625 0.6937500000000001 0.0078125 0.0125
