0 0.45 0.60859375 0.03125 0.06406250000000001
1 0.03125 0.8078125 0.025 0.043750000000000004
1 0.01640625 0.80390625 0.0328125 0.045312500000000006
1 0.403125 0.78828125 0.034375 0.0671875
1 0.47500000000000003 0.56640625 0.028125 0.045312500000000006
1 0.46015625000000004 0.48515625 0.026562500000000003 0.045312500000000006
1 0.5515625000000001 0.44843750000000004 0.015625 0.037500000000000006
1 0.58984375 0.3984375 0.0171875 0.025
1 0.540625 0.3484375 0.00625 0.018750000000000003
9 0.54140625 0.353125 0.010937500000000001 0.015625
9 0.5890625 0.3984375 0.015625 0.021875000000000002
9 0.46484375 0.48515625 0.0234375 0.0390625
2 0.553125 0.45234375000000004 0.021875000000000002 0.026562500000000003
9 0.47500000000000003 0.58203125 0.018750000000000003 0.0421875
9 0.40468750000000003 0.8171875000000001 0.034375 0.078125
0 0.421875 0.40703125 0.015625 0.0328125
0 0.41484375 0.38671875 0.0140625 0.029687500000000002
0 0.4375 0.3953125 0.009375000000000001 0.018750000000000003
1 0.43671875000000004 0.390625 0.0140625 0.028125
0 0.4265625 0.3953125 0.015625 0.028125
1 0.41640625000000003 0.36640625000000004 0.0140625 0.0203125
1 0.43046875 0.36484375 0.0078125 0.0140625
2 0.43125 0.36953125000000003 0.009375000000000001 0.010937500000000001
5 0.496875 0.4265625 0.05 0.065625
6 0.4703125 0.36484375 0.015625 0.0203125
1 0.47109375000000003 0.35703125 0.010937500000000001 0.0171875
3 0.53125 0.32109375 0.0125 0.0171875
3 0.6015625 0.3171875 0.0125 0.0125
3 0.6078125000000001 0.36875 0.03125 0.021875000000000002
3 0.57421875 0.34921875 0.0234375 0.0203125
3 0.67890625 0.37734375000000003 0.0328125 0.026562500000000003
3 0.7210937500000001 0.35703125 0.026562500000000003 0.0203125
3 0.7765625 0.37421875000000004 0.034375 0.0234375
3 0.7890625 0.42734375 0.046875 0.0421875
3 0.81015625 0.47578125000000004 0.0765625 0.045312500000000006
3 0.60078125 0.34609375000000003 0.026562500000000003 0.0171875
4 0.5953125 0.353125 0.028125 0.025
0 0.8054687500000001 0.340625 0.0078125 0.015625
0 0.8132812500000001 0.34140625 0.0078125 0.0140625
0 0.84375 0.34921875 0.009375000000000001 0.0203125
1 0.8265625000000001 0.35468750000000004 0.00625 0.0125
2 0.82578125 0.35859375000000004 0.010937500000000001 0.0078125
2 0.8734375000000001 0.37812500000000004 0.0125 0.0125
1 0.8757812500000001 0.37343750000000003 0.010937500000000001 0.015625
3 0.8515625 0.44765625000000003 0.059375000000000004 0.035937500000000004
3 0.853125 0.54296875 0.10312500000000001 0.0859375
3 0.94453125 0.49375 0.0734375 0.05
3 0.9015625 0.6078125000000001 0.10625000000000001 0.08125
5 0.91328125 0.46875 0.0765625 0.053125000000000006
