4 0.22890625 0.1484375 0.0171875 0.034375
4 0.18046875 0.6039062500000001 0.0390625 0.0171875
4 0.032031250000000004 0.775 0.0140625 0.034375
4 0.0890625 0.9226562500000001 0.018750000000000003 0.045312500000000006
3 0.08671875000000001 0.8695312500000001 0.0171875 0.045312500000000006
3 0.06015625 0.92109375 0.0171875 0.0484375
3 0.01640625 0.92109375 0.0171875 0.0421875
3 0.03828125 0.92109375 0.0171875 0.045312500000000006
3 0.06171875 0.8703125 0.0171875 0.040625
3 0.1859375 0.83984375 0.037500000000000006 0.0140625
3 0.17890625000000002 0.98046875 0.045312500000000006 0.0203125
4 0.1859375 0.9320312500000001 0.043750000000000004 0.0203125
3 0.18125000000000002 0.8851562500000001 0.043750000000000004 0.0203125
3 0.18515625000000002 0.79453125 0.0421875 0.0171875
3 0.1859375 0.7609375 0.053125000000000006 0.021875000000000002
0 0.65625 0.07734375 0.00625 0.010937500000000001
3 0.40390625 0.86328125 0.0328125 0.035937500000000004
3 0.56484375 0.9078125 0.0328125 0.034375
3 0.39921875 0.765625 0.0390625 0.034375
3 0.56484375 0.87109375 0.029687500000000002 0.0328125
3 0.5632812500000001 0.84140625 0.0390625 0.0328125
3 0.55859375 0.8125 0.0390625 0.034375
3 0.5578125 0.47187500000000004 0.037500000000000006 0.028125
3 0.55703125 0.5015625 0.0390625 0.03125
3 0.5640625 0.68125 0.028125 0.034375
3 0.5640625 0.6218750000000001 0.03125 0.040625
3 0.5625 0.5890625 0.028125 0.03125
3 0.56171875 0.5625 0.029687500000000002 0.03125
3 0.4 0.6453125000000001 0.037500000000000006 0.034375
3 0.40859375000000003 0.58125 0.0328125 0.034375
3 0.39921875 0.55703125 0.0328125 0.029687500000000002
3 0.39921875 0.52734375 0.0328125 0.026562500000000003
3 0.40390625 0.5 0.0328125 0.021875000000000002
3 0.40468750000000003 0.44296875 0.028125 0.026562500000000003
3 0.553125 0.4140625 0.034375 0.034375
4 0.5515625000000001 0.44609375 0.037500000000000006 0.026562500000000003
4 0.4 0.4140625 0.028125 0.028125
4 0.553125 0.38671875 0.03125 0.029687500000000002
3 0.39765625000000004 0.38984375000000004 0.029687500000000002 0.026562500000000003
0 0.67734375 0.68515625 0.010937500000000001 0.004687500000000001
