3 0.26406250000000003 0.11093750000000001 0.059375000000000004 0.12187500000000001
3 0.49062500000000003 0.12265625000000001 0.065625 0.11406250000000001
4 0.3875 0.22968750000000002 0.0625 0.140625
1 0.14921875 0.36484375 0.0203125 0.029687500000000002
9 0.14921875 0.37734375000000003 0.026562500000000003 0.0734375
5 0.37109375 0.48281250000000003 0.1046875 0.27187500000000003
3 0.5242187500000001 0.44765625000000003 0.0765625 0.15156250000000002
1 0.09843750000000001 0.6484375 0.028125 0.034375
1 0.09765625 0.6687500000000001 0.026562500000000003 0.037500000000000006
9 0.09765625 0.6734375 0.029687500000000002 0.08125
5 0.546875 0.8500000000000001 0.07187500000000001 0.18125000000000002
1 0.88203125 0.4265625 0.029687500000000002 0.040625
9 0.884375 0.43359375 0.034375 0.06406250000000001
