0 0.11953125 0.06953125 0.010937500000000001 0.0078125
1 0.17578125 0.146875 0.0171875 0.009375000000000001
2 0.18671875000000002 0.13984375000000002 0.026562500000000003 0.0078125
3 0.04453125 0.19687500000000002 0.0328125 0.06875
4 0.028125 0.37734375000000003 0.028125 0.0546875
4 0.16015625 0.21328125 0.0328125 0.08281250000000001
4 0.23671875 0.22578125000000002 0.0328125 0.0734375
3 0.19687500000000002 0.22109375 0.028125 0.06406250000000001
3 0.38828125 0.1484375 0.0328125 0.065625
3 0.30078125 0.23750000000000002 0.0328125 0.06875
3 0.33906250000000004 0.23828125 0.03125 0.0703125
3 0.46640625 0.14765625000000002 0.0328125 0.0703125
3 0.415625 0.24140625000000002 0.028125 0.0734375
3 0.5265625 0.2625 0.03125 0.07500000000000001
4 0.45859375 0.253125 0.029687500000000002 0.059375000000000004
4 0.7984375 0.09531250000000001 0.07500000000000001 0.046875
5 0.91796875 0.1015625 0.1015625 0.037500000000000006
5 0.86875 0.18984375 0.09062500000000001 0.0421875
5 0.859375 0.2984375 0.05 0.09062500000000001
3 0.7765625 0.28828125 0.028125 0.06406250000000001
3 0.6296875000000001 0.2703125 0.028125 0.065625
4 0.6664062500000001 0.27578125000000003 0.029687500000000002 0.060937500000000006
3 0.20390625 0.9812500000000001 0.0328125 0.037500000000000006
0 0.39765625000000004 0.5125000000000001 0.010937500000000001 0.0125
3 0.06406250000000001 0.38125000000000003 0.03125 0.06875
3 0.10312500000000001 0.38593750000000004 0.03125 0.07187500000000001
3 0.14296875 0.38984375000000004 0.0328125 0.0703125
4 0.18046875 0.39687500000000003 0.026562500000000003 0.053125000000000006
4 0.2171875 0.40156250000000004 0.03125 0.065625
4 0.321875 0.41015625 0.03125 0.0671875
5 0.27968750000000003 0.40937500000000004 0.028125 0.059375000000000004
4 0.47421875 0.4265625 0.029687500000000002 0.0625
4 0.6109375 0.44609375 0.03125 0.060937500000000006
4 0.7976562500000001 0.46406250000000004 0.029687500000000002 0.053125000000000006
4 0.9617187500000001 0.50390625 0.035937500000000004 0.0578125
4 0.6843750000000001 0.45234375000000004 0.034375 0.0734375
3 0.65 0.45 0.034375 0.06875
0 0.8625 0.4109375 0.0125 0.009375000000000001
3 0.5484375 0.4265625 0.040625 0.078125
