3 0.8984375 0.7195312500000001 0.09375 0.09531250000000001
9 0.29453125 0.546875 0.029687500000000002 0.053125000000000006
9 0.325 0.5484375 0.03125 0.05625
9 0.34609375000000003 0.5484375 0.026562500000000003 0.059375000000000004
9 0.36015625 0.5484375 0.0234375 0.05
9 0.37890625 0.5453125 0.026562500000000003 0.046875
9 0.4234375 0.5515625000000001 0.025 0.05
9 0.5484375 0.553125 0.021875000000000002 0.05625
9 0.521875 0.55625 0.025 0.046875
9 0.59296875 0.56171875 0.0234375 0.0484375
9 0.45 0.5546875 0.021875000000000002 0.05625
9 0.48125 0.5484375 0.03125 0.046875
9 0.50546875 0.5554687500000001 0.0140625 0.0484375
9 0.39609375 0.5484375 0.0234375 0.053125000000000006
9 0.5734375 0.5578125 0.021875000000000002 0.05625
0 0.43359375 0.6273437500000001 0.0203125 0.0328125
0 0.6640625 0.7875000000000001 0.015625 0.034375
0 0.56015625 0.7125 0.0171875 0.037500000000000006
0 0.53046875 0.9046875000000001 0.0203125 0.03125
0 0.7734375 0.6726562500000001 0.015625 0.0328125
0 0.7781250000000001 0.7132812500000001 0.015625 0.035937500000000004
0 0.84296875 0.5890625 0.0171875 0.034375
0 0.8046875 0.5867187500000001 0.015625 0.0328125
0 0.81953125 0.5859375 0.0140625 0.028125
0 0.7515625 0.6742187500000001 0.0125 0.0328125
0 0.75 0.7132812500000001 0.015625 0.029687500000000002
0 0.50390625 0.49140625000000004 0.0171875 0.029687500000000002
0 0.421875 0.503125 0.015625 0.03125
0 0.37265625 0.9320312500000001 0.026562500000000003 0.0328125
0 0.3828125 0.9171875 0.028125 0.037500000000000006
0 0.5710937500000001 0.91953125 0.0203125 0.035937500000000004
0 0.6890625 0.8546875 0.021875000000000002 0.03125
0 0.421875 0.6218750000000001 0.015625 0.034375
0 0.7445312500000001 0.69453125 0.010937500000000001 0.026562500000000003
0 0.815625 0.5710937500000001 0.0125 0.026562500000000003
0 0.7898437500000001 0.5796875 0.0171875 0.028125
0 0.7781250000000001 0.57578125 0.0125 0.029687500000000002
0 0.8757812500000001 0.553125 0.010937500000000001 0.037500000000000006
0 0.8875000000000001 0.55703125 0.015625 0.035937500000000004
0 0.9632812500000001 0.45156250000000003 0.010937500000000001 0.034375
0 0.9304687500000001 0.46406250000000004 0.010937500000000001 0.040625
0 0.9734375000000001 0.42031250000000003 0.009375000000000001 0.025
0 0.9789062500000001 0.43828125 0.010937500000000001 0.026562500000000003
0 0.9796875 0.453125 0.0125 0.037500000000000006
