3 0.35625 0.6484375 0.1 0.15000000000000002
3 0.28359375000000003 0.3875 0.0890625 0.125
3 0.83203125 0.47265625 0.11093750000000001 0.1265625
3 0.44296875 0.30078125 0.0859375 0.1234375
3 0.3515625 0.0703125 0.059375000000000004 0.09062500000000001
3 0.21250000000000002 0.16953125000000002 0.07187500000000001 0.11093750000000001
4 0.54609375 0.8734375000000001 0.09843750000000001 0.153125
5 0.54140625 0.5515625000000001 0.1421875 0.184375
4 0.26171875 0.05078125 0.07968750000000001 0.09843750000000001
3 0.403125 0.46875 0.078125 0.13125
8 0.08828125 0.5453125 0.1609375 0.3875
0 0.028125 0.82578125 0.025 0.0328125
