4 0.2078125 0.15625 0.08750000000000001 0.09375
3 0.11484375000000001 0.19765625 0.0921875 0.0859375
3 0.16015625 0.6804687500000001 0.1796875 0.16718750000000002
3 0.30703125000000003 0.72265625 0.22968750000000002 0.1609375
3 0.35468750000000004 0.85703125 0.22187500000000002 0.21406250000000002
1 0.42031250000000003 0.703125 0.037500000000000006 0.07500000000000001
2 0.23046875 0.5625 0.060937500000000006 0.05625
2 0.275 0.53359375 0.05 0.051562500000000004
9 0.17890625000000002 0.446875 0.045312500000000006 0.05625
9 0.12109375 0.40625 0.06406250000000001 0.053125000000000006
9 0.9226562500000001 0.94453125 0.08281250000000001 0.0765625
3 0.1484375 0.08750000000000001 0.15625 0.065625
3 0.24609375 0.1328125 0.0703125 0.078125
