0 0.13671875 0.2515625 0.0171875 0.043750000000000004
0 0.1203125 0.30234375 0.015625 0.0421875
0 0.68359375 0.22812500000000002 0.0171875 0.034375
0 0.6000000000000001 0.4453125 0.0125 0.028125
0 0.71640625 0.19843750000000002 0.0171875 0.034375
0 0.734375 0.20546875 0.018750000000000003 0.029687500000000002
0 0.59140625 0.20703125 0.0171875 0.0328125
0 0.58359375 0.50234375 0.0171875 0.0390625
0 0.56796875 0.48515625 0.010937500000000001 0.0328125
0 0.7328125000000001 0.6101562500000001 0.028125 0.0203125
0 0.73828125 0.63203125 0.0171875 0.0328125
0 0.83125 0.7171875000000001 0.028125 0.046875
0 0.6671875 0.4296875 0.021875000000000002 0.043750000000000004
0 0.5859375 0.45 0.018750000000000003 0.040625
0 0.6492187500000001 0.3640625 0.0203125 0.037500000000000006
0 0.60703125 0.30625 0.026562500000000003 0.040625
0 0.6023437500000001 0.3484375 0.026562500000000003 0.043750000000000004
0 0.6570312500000001 0.21953125 0.0203125 0.029687500000000002
0 0.6796875 0.19609375 0.018750000000000003 0.0328125
0 0.68359375 0.23593750000000002 0.0203125 0.034375
0 0.59609375 0.21640625000000002 0.026562500000000003 0.035937500000000004
0 0.7312500000000001 0.24453125 0.018750000000000003 0.0328125
0 0.6414062500000001 0.503125 0.0234375 0.028125
5 0.6734375 0.09375 0.19687500000000002 0.09062500000000001
