4 0.1484375 0.037500000000000006 0.037500000000000006 0.040625
0 0.12109375 0.1046875 0.010937500000000001 0.028125
4 0.05 0.060937500000000006 0.037500000000000006 0.05625
0 0.30000000000000004 0.17734375000000002 0.0125 0.0234375
0 0.4859375 0.1765625 0.015625 0.021875000000000002
4 0.634375 0.045312500000000006 0.07187500000000001 0.040625
4 0.6515625 0.065625 0.084375 0.040625
3 0.83515625 0.0890625 0.0546875 0.043750000000000004
0 0.91171875 0.15703125 0.0140625 0.0234375
3 0.80234375 0.3125 0.0890625 0.043750000000000004
0 0.6781250000000001 0.15156250000000002 0.015625 0.025
0 0.5296875 0.15781250000000002 0.018750000000000003 0.028125
3 0.553125 0.3359375 0.10312500000000001 0.043750000000000004
3 0.45546875000000003 0.30625 0.1046875 0.046875
3 0.20703125 0.35234375 0.09843750000000001 0.0421875
3 0.21250000000000002 0.31562500000000004 0.078125 0.040625
0 0.32734375000000004 0.2734375 0.010937500000000001 0.028125
0 0.31171875000000004 0.27968750000000003 0.010937500000000001 0.028125
0 0.20703125 0.39765625000000004 0.010937500000000001 0.029687500000000002
3 0.22031250000000002 0.5554687500000001 0.065625 0.0859375
3 0.225 0.8921875 0.059375000000000004 0.115625
