3 0.045312500000000006 0.16484375 0.08750000000000001 0.0578125
3 0.2078125 0.14375000000000002 0.12187500000000001 0.065625
5 0.38515625000000003 0.09453125000000001 0.18281250000000002 0.1203125
5 0.8140625 0.11484375000000001 0.16562500000000002 0.1421875
5 0.66328125 0.14453125 0.1234375 0.0765625
7 0.52578125 0.11171875 0.0421875 0.045312500000000006
0 0.40703125 0.23046875 0.0421875 0.0421875
2 0.31328125 0.2546875 0.0546875 0.034375
0 0.5867187500000001 0.22968750000000002 0.026562500000000003 0.040625
0 0.77265625 0.046875 0.010937500000000001 0.034375
0 0.8 0.049218750000000006 0.0125 0.0421875
2 0.58515625 0.26406250000000003 0.0203125 0.046875
0 0.7898437500000001 0.1484375 0.0234375 0.040625
1 0.8 0.2921875 0.021875000000000002 0.025
0 0.784375 0.5265625 0.015625 0.037500000000000006
0 0.77734375 0.578125 0.026562500000000003 0.040625
0 0.96875 0.38671875 0.021875000000000002 0.045312500000000006
