3 0.83203125 0.8796875000000001 0.1234375 0.240625
3 0.6046875 0.68359375 0.11875000000000001 0.22031250000000002
3 0.7820312500000001 0.62421875 0.1953125 0.2171875
0 0.05 0.09921875000000001 0.040625 0.0703125
0 0.029687500000000002 0.51953125 0.053125000000000006 0.0703125
1 0.08125 0.5398437500000001 0.043750000000000004 0.0578125
9 0.07968750000000001 0.5515625000000001 0.09375 0.034375
0 0.07968750000000001 0.46718750000000003 0.025 0.046875
0 0.05078125 0.4390625 0.0328125 0.059375000000000004
9 0.13984375000000002 0.35234375 0.08281250000000001 0.0484375
0 0.13359375 0.340625 0.0328125 0.0625
5 0.82734375 0.10859375 0.09843750000000001 0.1796875
3 0.73828125 0.17890625000000002 0.09531250000000001 0.1078125
4 0.640625 0.1859375 0.096875 0.17500000000000002
3 0.6296875000000001 0.06171875 0.078125 0.1015625
3 0.5390625 0.06171875 0.08125 0.1046875
5 0.9500000000000001 0.12265625000000001 0.09375 0.1546875
0 0.9640625 0.21875 0.021875000000000002 0.059375000000000004
1 0.8359375 0.18906250000000002 0.025 0.046875
6 0.8093750000000001 0.23046875 0.043750000000000004 0.060937500000000006
1 0.8070312500000001 0.21875 0.0328125 0.05
0 0.76875 0.27265625 0.021875000000000002 0.0671875
9 0.82421875 0.4109375 0.0484375 0.078125
2 0.9085937500000001 0.29375 0.0765625 0.05
1 0.9148437500000001 0.2890625 0.029687500000000002 0.07500000000000001
3 0.540625 0.18359375 0.096875 0.1421875
3 0.4859375 0.30781250000000004 0.178125 0.109375
0 0.38359375 0.32421875 0.0421875 0.0671875
0 0.19921875 0.48125 0.0390625 0.078125
9 0.30625 0.49062500000000003 0.08750000000000001 0.034375
0 0.30703125000000003 0.49296875 0.0546875 0.0703125
0 0.4109375 0.5890625 0.040625 0.07187500000000001
9 0.4234375 0.509375 0.07187500000000001 0.05625
1 0.43125 0.49765625 0.05 0.0671875
3 0.46953125 0.40468750000000003 0.18906250000000002 0.13125
9 0.4765625 0.5421875 0.09062500000000001 0.040625
1 0.47187500000000004 0.5328125 0.037500000000000006 0.0625
0 0.5710937500000001 0.5140625 0.035937500000000004 0.07187500000000001
6 0.5945312500000001 0.5171875 0.1234375 0.065625
9 0.55390625 0.47421875 0.0703125 0.0703125
1 0.553125 0.4625 0.028125 0.078125
9 0.73984375 0.48828125 0.060937500000000006 0.0734375
1 0.7351562500000001 0.47890625000000003 0.0390625 0.08281250000000001
3 0.69140625 0.41328125000000004 0.13593750000000002 0.1609375
