3 0.184375 0.5328125 0.08750000000000001 0.19687500000000002
3 0.17578125 0.8046875 0.09843750000000001 0.234375
0 0.78125 0.1203125 0.037500000000000006 0.065625
3 0.86875 0.0703125 0.209375 0.10625000000000001
9 0.9390625 0.153125 0.09062500000000001 0.06875
1 0.77109375 0.6820312500000001 0.0421875 0.045312500000000006
1 0.765625 0.70625 0.034375 0.037500000000000006
3 0.38906250000000003 0.453125 0.22812500000000002 0.1125
3 0.403125 0.34140625 0.22187500000000002 0.11093750000000001
3 0.38906250000000003 0.14453125 0.22187500000000002 0.11093750000000001
