3 0.16015625 0.05390625 0.0234375 0.0328125
3 0.20078125000000002 0.07500000000000001 0.026562500000000003 0.037500000000000006
3 0.16953125000000002 0.134375 0.026562500000000003 0.040625
3 0.08281250000000001 0.13984375000000002 0.025 0.0390625
3 0.055468750000000004 0.16718750000000002 0.026562500000000003 0.040625
3 0.0765625 0.20546875 0.028125 0.0421875
3 0.0390625 0.22890625 0.025 0.0390625
3 0.06640625 0.26328125 0.0328125 0.0484375
3 0.1859375 0.29531250000000003 0.037500000000000006 0.05625
3 0.045312500000000006 0.32890625 0.05 0.08281250000000001
3 0.043750000000000004 0.41875 0.037500000000000006 0.0625
3 0.03125 0.49609375 0.03125 0.0703125
3 0.17343750000000002 0.534375 0.040625 0.08125
