3 0.7937500000000001 0.6109375 0.16875 0.19687500000000002
3 0.7445312500000001 0.5164062500000001 0.1796875 0.2015625
9 0.47109375000000003 0.3484375 0.060937500000000006 0.053125000000000006
9 0.6796875 0.36562500000000003 0.05625 0.065625
9 0.59140625 0.37421875000000004 0.060937500000000006 0.0703125
9 0.5640625 0.35781250000000003 0.07187500000000001 0.07187500000000001
9 0.96875 0.09453125000000001 0.059375000000000004 0.060937500000000006
1 0.47578125000000004 0.325 0.0390625 0.046875
1 0.6843750000000001 0.35781250000000003 0.034375 0.059375000000000004
1 0.5859375 0.36484375 0.037500000000000006 0.0390625
1 0.55859375 0.3453125 0.0421875 0.040625
1 0.9695312500000001 0.0859375 0.029687500000000002 0.037500000000000006
