3 0.34453125 0.55859375 0.0921875 0.1328125
3 0.44453125000000004 0.5296875 0.0734375 0.1375
3 0.625 0.5203125000000001 0.07500000000000001 0.13125
3 0.7046875 0.5171875 0.078125 0.13125
3 0.79296875 0.52109375 0.0765625 0.1421875
3 0.8695312500000001 0.503125 0.0765625 0.11875000000000001
3 0.7328125000000001 0.7515625 0.140625 0.0625
3 0.73984375 0.31484375000000003 0.07968750000000001 0.13593750000000002
3 0.6664062500000001 0.3375 0.060937500000000006 0.134375
3 0.596875 0.3484375 0.07500000000000001 0.13125
3 0.534375 0.34296875000000004 0.0625 0.1171875
3 0.46015625000000004 0.35234375 0.0703125 0.1265625
3 0.384375 0.36250000000000004 0.07500000000000001 0.1375
3 0.30625 0.35859375000000004 0.065625 0.1234375
3 0.2390625 0.3671875 0.05625 0.12812500000000002
3 0.1203125 0.36562500000000003 0.053125000000000006 0.1
3 0.0390625 0.38515625000000003 0.059375000000000004 0.1328125
3 0.4390625 0.12109375 0.13125 0.0859375
3 0.91171875 0.32578125 0.0765625 0.1328125
5 0.18046875 0.55390625 0.0703125 0.15781250000000002
9 0.7390625000000001 0.0671875 0.040625 0.040625
0 0.36796875 0.184375 0.026562500000000003 0.025
1 0.022656250000000003 0.06640625 0.0203125 0.0203125
1 0.32265625000000003 0.03828125 0.0234375 0.026562500000000003
