3 0.884375 0.79296875 0.040625 0.0546875
3 0.91171875 0.9070312500000001 0.0421875 0.06406250000000001
0 0.39453125 0.95234375 0.010937500000000001 0.0328125
3 0.36640625000000004 0.52578125 0.0546875 0.0234375
3 0.6273437500000001 0.02109375 0.010937500000000001 0.010937500000000001
3 0.61328125 0.08750000000000001 0.010937500000000001 0.0125
3 0.62421875 0.03359375 0.010937500000000001 0.0078125
3 0.59140625 0.0171875 0.010937500000000001 0.009375000000000001
3 0.60859375 0.1203125 0.010937500000000001 0.0125
3 0.60703125 0.1328125 0.010937500000000001 0.0125
3 0.60703125 0.1453125 0.010937500000000001 0.0125
3 0.634375 0.09921875000000001 0.009375000000000001 0.0078125
0 0.62890625 0.1125 0.004687500000000001 0.0125
0 0.6000000000000001 0.19843750000000002 0.003125 0.015625
3 0.5906250000000001 0.234375 0.021875000000000002 0.028125
9 0.49765625 0.27578125000000003 0.010937500000000001 0.0078125
9 0.5671875000000001 0.4234375 0.009375000000000001 0.021875000000000002
9 0.49843750000000003 0.96875 0.0125 0.040625
3 0.7328125000000001 0.75546875 0.034375 0.0484375
3 0.7781250000000001 0.7390625000000001 0.037500000000000006 0.05625
3 0.71484375 0.65234375 0.035937500000000004 0.045312500000000006
3 0.66796875 0.58203125 0.0484375 0.035937500000000004
3 0.7484375000000001 0.4765625 0.037500000000000006 0.037500000000000006
3 0.7046875 0.4234375 0.025 0.03125
3 0.6960937500000001 0.375 0.0234375 0.025
3 0.69453125 0.34453125 0.0203125 0.0234375
3 0.69453125 0.3171875 0.0203125 0.021875000000000002
3 0.69453125 0.2921875 0.0203125 0.025
3 0.8265625000000001 0.3203125 0.021875000000000002 0.025
3 0.71640625 0.18046875 0.0171875 0.0140625
3 0.7265625 0.15625 0.015625 0.015625
3 0.7046875 0.115625 0.0125 0.0125
3 0.7015625000000001 0.09843750000000001 0.0125 0.0125
3 0.67890625 0.025781250000000002 0.010937500000000001 0.0078125
3 0.7054687500000001 0.02890625 0.010937500000000001 0.010937500000000001
3 0.71484375 0.0421875 0.0078125 0.0125
3 0.70078125 0.06953125 0.010937500000000001 0.010937500000000001
4 0.7156250000000001 0.057031250000000006 0.009375000000000001 0.0140625
3 0.70078125 0.05 0.010937500000000001 0.0125
3 0.67890625 0.0421875 0.010937500000000001 0.0125
3 0.6671875 0.03359375 0.009375000000000001 0.0078125
3 0.7703125000000001 0.11093750000000001 0.00625 0.0125
9 0.7609375 0.11093750000000001 0.003125 0.009375000000000001
9 0.7546875000000001 0.11093750000000001 0.00625 0.0125
9 0.765625 0.1609375 0.00625 0.0125
9 0.7828125 0.20625000000000002 0.00625 0.0125
3 0.7984375 0.026562500000000003 0.015625 0.0125
9 0.74765625 0.025 0.004687500000000001 0.00625
3 0.7828125 0.153125 0.0125 0.0125
3 0.91328125 0.55390625 0.0765625 0.0421875
9 0.86484375 0.5750000000000001 0.035937500000000004 0.028125
0 0.9773437500000001 0.5265625 0.0078125 0.018750000000000003
3 0.89609375 0.30000000000000004 0.0390625 0.018750000000000003
3 0.8546875 0.3359375 0.015625 0.018750000000000003
3 0.8984375 0.37890625 0.018750000000000003 0.029687500000000002
0 0.9203125000000001 0.32890625 0.00625 0.010937500000000001
3 0.8148437500000001 0.06328125 0.010937500000000001 0.010937500000000001
1 0.74375 0.041406250000000006 0.00625 0.004687500000000001
1 0.765625 0.15703125 0.00625 0.0078125
1 0.7828125 0.20234375000000002 0.003125 0.0078125
1 0.56796875 0.41875 0.0078125 0.0125
1 0.8601562500000001 0.56796875 0.0140625 0.0171875
1 0.5015625 0.9609375 0.009375000000000001 0.025
