4 0.878125 0.4578125 0.043750000000000004 0.03125
3 0.8859375 0.434375 0.037500000000000006 0.028125
2 0.9437500000000001 0.42031250000000003 0.025 0.0125
1 0.94296875 0.41328125000000004 0.010937500000000001 0.0171875
0 0.89375 0.4109375 0.009375000000000001 0.021875000000000002
4 0.49765625 0.63828125 0.0390625 0.0484375
3 0.4734375 0.6875 0.084375 0.043750000000000004
3 0.4109375 0.69453125 0.109375 0.035937500000000004
3 0.38828125 0.70625 0.11093750000000001 0.034375
3 0.375 0.7203125 0.125 0.034375
3 0.3609375 0.7390625000000001 0.13125 0.034375
3 0.3515625 0.7625000000000001 0.125 0.05625
3 0.3984375 0.8234375 0.078125 0.08125
4 0.28828125 0.8070312500000001 0.1203125 0.06406250000000001
2 0.76953125 0.79296875 0.0421875 0.035937500000000004
3 0.75390625 0.75546875 0.1171875 0.0546875
5 0.7546875000000001 0.7203125 0.12812500000000002 0.059375000000000004
4 0.76171875 0.7015625000000001 0.1015625 0.05
3 0.7820312500000001 0.68515625 0.0890625 0.035937500000000004
0 0.8265625000000001 0.6875 0.018750000000000003 0.043750000000000004
0 0.84296875 0.68515625 0.0171875 0.0421875
3 0.7828125 0.64765625 0.09062500000000001 0.045312500000000006
4 0.7820312500000001 0.6265625 0.0890625 0.05
1 0.7507812500000001 0.61484375 0.010937500000000001 0.0203125
3 0.7757812500000001 0.6125 0.0328125 0.037500000000000006
0 0.7578125 0.5281250000000001 0.009375000000000001 0.03125
5 0.76484375 0.51171875 0.1078125 0.0546875
3 0.8046875 0.49765625 0.065625 0.026562500000000003
4 0.80078125 0.48828125 0.0734375 0.029687500000000002
4 0.7914062500000001 0.47421875 0.0484375 0.029687500000000002
0 0.9875 0.60078125 0.015625 0.0390625
9 0.7765625 0.56875 0.0125 0.028125
3 0.48984375 0.4578125 0.06406250000000001 0.025
3 0.49062500000000003 0.42500000000000004 0.059375000000000004 0.021875000000000002
3 0.55859375 0.42265625 0.0546875 0.026562500000000003
