3 0.7937500000000001 0.8828125 0.09375 0.078125
3 0.7234375000000001 0.8203125 0.08750000000000001 0.07187500000000001
3 0.65234375 0.7546875000000001 0.0765625 0.07500000000000001
3 0.603125 0.6937500000000001 0.08125 0.06875
3 0.540625 0.6453125000000001 0.0625 0.053125000000000006
3 0.9265625000000001 0.5953125 0.09375 0.05
3 0.8765625 0.5625 0.09062500000000001 0.053125000000000006
3 0.7875000000000001 0.509375 0.078125 0.040625
3 0.55859375 0.38671875 0.0703125 0.029687500000000002
3 0.51484375 0.34453125 0.060937500000000006 0.029687500000000002
3 0.21875 0.37031250000000004 0.034375 0.037500000000000006
3 0.18125000000000002 0.36171875000000003 0.03125 0.029687500000000002
3 0.22031250000000002 0.321875 0.021875000000000002 0.028125
3 0.18203125 0.32109375 0.029687500000000002 0.029687500000000002
3 0.26875 0.31640625 0.034375 0.0328125
3 0.6898437500000001 0.484375 0.0546875 0.046875
3 0.509375 0.603125 0.065625 0.053125000000000006
3 0.4609375 0.56796875 0.053125000000000006 0.045312500000000006
3 0.421875 0.5375 0.059375000000000004 0.043750000000000004
3 0.2703125 0.37890625 0.046875 0.0328125
3 0.8968750000000001 0.80859375 0.125 0.0578125
3 0.86484375 0.7679687500000001 0.1078125 0.045312500000000006
3 0.7734375 0.7265625 0.10625000000000001 0.053125000000000006
3 0.7390625000000001 0.69453125 0.115625 0.045312500000000006
3 0.7117187500000001 0.6578125 0.1046875 0.053125000000000006
3 0.6843750000000001 0.6312500000000001 0.115625 0.05625
3 0.628125 0.6109375 0.12187500000000001 0.043750000000000004
3 0.63984375 0.59140625 0.11406250000000001 0.045312500000000006
3 0.58046875 0.571875 0.0921875 0.053125000000000006
3 0.553125 0.54296875 0.07500000000000001 0.051562500000000004
3 0.53671875 0.51875 0.0703125 0.05
3 0.49921875000000004 0.50625 0.0703125 0.053125000000000006
3 0.46718750000000003 0.48515625 0.065625 0.0484375
3 0.44765625000000003 0.46406250000000004 0.06406250000000001 0.043750000000000004
3 0.41640625000000003 0.44375000000000003 0.0546875 0.043750000000000004
3 0.41250000000000003 0.42734375 0.07500000000000001 0.0328125
3 0.4109375 0.4109375 0.065625 0.037500000000000006
3 0.37421875000000004 0.4109375 0.0578125 0.037500000000000006
3 0.38906250000000003 0.3953125 0.065625 0.03125
3 0.36171875000000003 0.39140625 0.06406250000000001 0.0328125
3 0.35078125000000004 0.38203125000000004 0.0703125 0.0328125
3 0.340625 0.36250000000000004 0.065625 0.03125
3 0.33906250000000004 0.34609375000000003 0.037500000000000006 0.0328125
3 0.30625 0.353125 0.034375 0.028125
3 0.29765625 0.3125 0.0328125 0.028125
3 0.36875 0.31953125000000004 0.025 0.026562500000000003
3 0.3328125 0.3125 0.025 0.025
3 0.43281250000000004 0.3171875 0.043750000000000004 0.021875000000000002
3 0.4546875 0.32109375 0.059375000000000004 0.0203125
3 0.465625 0.32890625 0.05625 0.0234375
3 0.2625 0.36171875000000003 0.034375 0.0234375
3 0.30078125 0.403125 0.0390625 0.028125
3 0.31796875 0.4234375 0.0328125 0.028125
3 0.34687500000000004 0.44375000000000003 0.040625 0.037500000000000006
3 0.36875 0.46875 0.043750000000000004 0.037500000000000006
3 0.38906250000000003 0.5015625 0.043750000000000004 0.037500000000000006
3 0.7296875 0.47265625 0.053125000000000006 0.045312500000000006
3 0.7734375 0.45625000000000004 0.059375000000000004 0.040625
4 0.7718750000000001 0.48828125 0.07187500000000001 0.045312500000000006
0 0.6804687500000001 0.44062500000000004 0.0140625 0.03125
0 0.6804687500000001 0.43515625 0.0140625 0.0328125
1 0.57421875 0.46796875000000004 0.0171875 0.0234375
9 0.57421875 0.4765625 0.0171875 0.028125
2 0.5750000000000001 0.353125 0.028125 0.018750000000000003
2 0.60078125 0.36640625000000004 0.0234375 0.0203125
0 0.43828125 0.37421875000000004 0.010937500000000001 0.029687500000000002
3 0.5437500000000001 0.37812500000000004 0.0625 0.025
3 0.1484375 0.30546875 0.065625 0.0234375
3 0.20390625 0.30546875 0.0328125 0.0203125
3 0.10546875 0.25546875 0.0578125 0.0203125
3 0.017968750000000002 0.259375 0.0328125 0.025
3 0.060937500000000006 0.22578125000000002 0.021875000000000002 0.0203125
3 0.08125 0.24296875 0.028125 0.0234375
3 0.02109375 0.20546875 0.0390625 0.0203125
3 0.045312500000000006 0.19375 0.021875000000000002 0.015625
3 0.065625 0.21875 0.021875000000000002 0.018750000000000003
3 0.05625 0.2109375 0.021875000000000002 0.018750000000000003
4 0.171875 0.27968750000000003 0.053125000000000006 0.021875000000000002
5 0.17500000000000002 0.28828125 0.05 0.029687500000000002
0 0.23671875 0.31328125 0.010937500000000001 0.0203125
4 0.27265625 0.2390625 0.0421875 0.025
1 0.21796875000000002 0.25390625 0.010937500000000001 0.0171875
1 0.20859375000000002 0.25546875 0.010937500000000001 0.0171875
0 0.70625 0.890625 0.028125 0.043750000000000004
