3 0.25546875 0.8546875 0.19843750000000002 0.1125
3 0.2421875 0.73984375 0.18125000000000002 0.1046875
3 0.25078125 0.64765625 0.1765625 0.1015625
3 0.23515625 0.47734375 0.1484375 0.09843750000000001
3 0.23125 0.5750000000000001 0.140625 0.08125
3 0.20859375000000002 0.38984375000000004 0.1390625 0.0890625
3 0.19765625 0.321875 0.1421875 0.084375
3 0.22968750000000002 0.26015625000000003 0.146875 0.0703125
3 0.2421875 0.1609375 0.13125 0.0625
3 0.47187500000000004 0.234375 0.171875 0.08125
3 0.20859375000000002 0.12421875 0.1328125 0.0703125
3 0.20234375000000002 0.045312500000000006 0.1203125 0.065625
