3 0.4375 0.6351562500000001 0.109375 0.1453125
3 0.7835937500000001 0.8406250000000001 0.31093750000000003 0.184375
3 0.8046875 0.290625 0.07187500000000001 0.065625
3 0.63828125 0.05390625 0.035937500000000004 0.0328125
3 0.05859375 0.1390625 0.09843750000000001 0.053125000000000006
3 0.6570312500000001 0.0328125 0.0328125 0.025
0 0.7484375000000001 0.045312500000000006 0.015625 0.028125
3 0.7820312500000001 0.20390625 0.0546875 0.0484375
1 0.690625 0.2 0.018750000000000003 0.03125
1 0.6125 0.27890625 0.021875000000000002 0.0328125
9 0.690625 0.20859375000000002 0.025 0.035937500000000004
9 0.6117187500000001 0.28671875 0.026562500000000003 0.035937500000000004
0 0.81015625 0.38515625000000003 0.0328125 0.0546875
3 0.93671875 0.30781250000000004 0.0765625 0.07500000000000001
0 0.11093750000000001 0.28671875 0.018750000000000003 0.045312500000000006
0 0.08828125 0.28671875 0.0171875 0.045312500000000006
