3 0.7820312500000001 0.9359375000000001 0.07968750000000001 0.07187500000000001
3 0.7296875 0.9148437500000001 0.08125 0.0765625
4 0.6781250000000001 0.89375 0.08750000000000001 0.078125
3 0.565625 0.85859375 0.084375 0.0703125
3 0.52265625 0.8445312500000001 0.07968750000000001 0.060937500000000006
3 0.478125 0.82578125 0.07187500000000001 0.060937500000000006
3 0.5078125 0.7601562500000001 0.07500000000000001 0.06406250000000001
3 0.640625 0.8070312500000001 0.08750000000000001 0.0671875
4 0.67734375 0.8210937500000001 0.0703125 0.0734375
4 0.7523437500000001 0.82578125 0.0890625 0.0859375
4 0.8148437500000001 0.8539062500000001 0.08281250000000001 0.0671875
3 0.8703125 0.875 0.08125 0.0625
1 0.7796875000000001 0.7156250000000001 0.015625 0.025
9 0.78125 0.71796875 0.028125 0.026562500000000003
3 0.75390625 0.66171875 0.08281250000000001 0.045312500000000006
3 0.84921875 0.6976562500000001 0.08281250000000001 0.051562500000000004
3 0.6273437500000001 0.6195312500000001 0.07968750000000001 0.0421875
4 0.54140625 0.584375 0.0671875 0.043750000000000004
3 0.3921875 0.5328125 0.059375000000000004 0.040625
9 0.309375 0.50234375 0.021875000000000002 0.0234375
9 0.259375 0.49531250000000004 0.028125 0.025
