3 0.8265625000000001 0.03125 0.078125 0.059375000000000004
3 0.696875 0.1421875 0.078125 0.08125
0 0.61328125 0.1 0.0171875 0.037500000000000006
4 0.8656250000000001 0.10234375000000001 0.109375 0.07968750000000001
4 0.7562500000000001 0.2328125 0.08750000000000001 0.10625000000000001
0 0.8382812500000001 0.17890625000000002 0.0171875 0.0390625
0 0.8171875000000001 0.25859375 0.018750000000000003 0.035937500000000004
0 0.7781250000000001 0.290625 0.021875000000000002 0.03125
0 0.7781250000000001 0.37812500000000004 0.015625 0.034375
3 0.8226562500000001 0.34921875 0.0921875 0.1046875
3 0.9078125 0.4578125 0.09375 0.1125
0 0.7781250000000001 0.57734375 0.021875000000000002 0.0328125
0 0.7835937500000001 0.56953125 0.010937500000000001 0.029687500000000002
0 0.7875000000000001 0.640625 0.018750000000000003 0.03125
0 0.8046875 0.6570312500000001 0.015625 0.035937500000000004
0 0.71875 0.759375 0.021875000000000002 0.037500000000000006
9 0.66953125 0.7328125000000001 0.0390625 0.028125
0 0.93515625 0.8304687500000001 0.0140625 0.029687500000000002
0 0.7664062500000001 0.84765625 0.0171875 0.026562500000000003
0 0.8210937500000001 0.853125 0.0203125 0.018750000000000003
0 0.8445312500000001 0.8835937500000001 0.0203125 0.0203125
0 0.8140625 0.87421875 0.021875000000000002 0.0234375
0 0.821875 0.8953125000000001 0.018750000000000003 0.025
0 0.60078125 0.9554687500000001 0.026562500000000003 0.029687500000000002
0 0.58984375 0.93359375 0.029687500000000002 0.029687500000000002
