3 0.12734375 0.19062500000000002 0.060937500000000006 0.046875
3 0.31171875000000004 0.032031250000000004 0.0484375 0.035937500000000004
3 0.1765625 0.0328125 0.046875 0.034375
3 0.0671875 0.55 0.065625 0.07500000000000001
3 0.13046875 0.49296875 0.060937500000000006 0.0578125
3 0.18046875 0.4234375 0.0546875 0.053125000000000006
3 0.22968750000000002 0.38359375 0.043750000000000004 0.035937500000000004
3 0.28046875 0.340625 0.0421875 0.043750000000000004
3 0.3046875 0.41015625 0.046875 0.0421875
3 0.16484375 0.62890625 0.0703125 0.060937500000000006
3 0.54140625 0.48828125 0.0390625 0.0578125
4 0.5906250000000001 0.49296875 0.037500000000000006 0.0671875
4 0.634375 0.5015625 0.037500000000000006 0.0625
3 0.6843750000000001 0.5140625 0.040625 0.06875
3 0.7375 0.52578125 0.043750000000000004 0.0578125
3 0.7875000000000001 0.53359375 0.037500000000000006 0.0578125
3 0.8367187500000001 0.5359375000000001 0.045312500000000006 0.07187500000000001
3 0.8968750000000001 0.5453125 0.043750000000000004 0.084375
4 0.72265625 0.46718750000000003 0.0546875 0.053125000000000006
4 0.7820312500000001 0.47265625 0.0484375 0.0578125
4 0.603125 0.4453125 0.0625 0.05
3 0.33828125000000003 0.734375 0.06406250000000001 0.07187500000000001
3 0.43203125000000003 0.75703125 0.06406250000000001 0.08281250000000001
3 0.53125 0.77734375 0.065625 0.0734375
3 0.8734375000000001 0.8757812500000001 0.053125000000000006 0.0921875
3 0.8148437500000001 0.86875 0.0546875 0.084375
4 0.7640625000000001 0.8367187500000001 0.059375000000000004 0.08281250000000001
3 0.70625 0.8187500000000001 0.05 0.0625
3 0.59609375 0.7984375 0.0546875 0.08750000000000001
3 0.7390625000000001 0.7039062500000001 0.109375 0.0578125
4 0.74765625 0.66171875 0.11406250000000001 0.0671875
3 0.31015625 0.29921875000000003 0.035937500000000004 0.0484375
3 0.2515625 0.31015625 0.037500000000000006 0.0484375
3 0.49609375 0.48046875 0.045312500000000006 0.06406250000000001
3 0.5421875 0.43828125 0.043750000000000004 0.0703125
3 0.66796875 0.4546875 0.0484375 0.05625
3 0.25234375000000003 0.018750000000000003 0.0484375 0.034375
3 0.44375000000000003 0.6421875 0.10312500000000001 0.05625
3 0.453125 0.60546875 0.09375 0.0484375
3 0.4921875 0.35234375 0.05 0.045312500000000006
3 0.240625 0.23984375000000002 0.07500000000000001 0.0484375
3 0.19843750000000002 0.25625000000000003 0.0625 0.037500000000000006
3 0.17500000000000002 0.278125 0.07187500000000001 0.03125
3 0.10390625 0.34921875 0.0671875 0.051562500000000004
3 0.11953125 0.33125000000000004 0.06406250000000001 0.05
3 0.14765625000000002 0.30781250000000004 0.0765625 0.043750000000000004
