4 0.03828125 0.026562500000000003 0.0765625 0.05
3 0.03359375 0.92109375 0.0484375 0.0703125
3 0.07109375 0.9015625 0.0484375 0.07500000000000001
3 0.11328125 0.8835937500000001 0.0546875 0.07968750000000001
3 0.18984375 0.84296875 0.051562500000000004 0.0765625
3 0.22421875000000002 0.8140625 0.0390625 0.053125000000000006
3 0.33906250000000004 0.7734375 0.05 0.07500000000000001
3 0.37812500000000004 0.75546875 0.05 0.0765625
4 0.3015625 0.7914062500000001 0.053125000000000006 0.08281250000000001
4 0.11015625000000001 0.77890625 0.0765625 0.060937500000000006
3 0.14296875 0.6976562500000001 0.0765625 0.0578125
3 0.25234375000000003 0.640625 0.0703125 0.053125000000000006
0 0.26406250000000003 0.56171875 0.009375000000000001 0.0234375
8 0.30078125 0.6734375 0.1921875 0.12187500000000001
5 0.6570312500000001 0.83515625 0.1546875 0.07968750000000001
5 0.8765625 0.7765625 0.2 0.084375
9 0.48671875000000003 0.728125 0.0390625 0.018750000000000003
9 0.515625 0.72421875 0.015625 0.045312500000000006
9 0.55625 0.7039062500000001 0.025 0.029687500000000002
4 0.5796875 0.71640625 0.059375000000000004 0.07968750000000001
3 0.64453125 0.6960937500000001 0.060937500000000006 0.0734375
4 0.69921875 0.6859375000000001 0.0578125 0.06875
4 0.7562500000000001 0.6648437500000001 0.0625 0.07968750000000001
4 0.81953125 0.6421875 0.0578125 0.078125
4 0.875 0.63046875 0.05625 0.0765625
3 0.9085937500000001 0.28046875 0.0765625 0.0578125
4 0.8703125 0.24765625000000002 0.065625 0.051562500000000004
3 0.8250000000000001 0.35546875 0.07187500000000001 0.0671875
3 0.753125 0.32265625000000003 0.078125 0.0578125
5 0.8765625 0.38906250000000003 0.18125000000000002 0.125
4 0.4421875 0.23750000000000002 0.065625 0.05625
4 0.32734375000000004 0.45 0.060937500000000006 0.05
4 0.39296875000000003 0.5453125 0.0703125 0.0625
4 0.48671875000000003 0.5171875 0.0765625 0.059375000000000004
4 0.5421875 0.44453125000000004 0.078125 0.06406250000000001
4 0.72265625 0.40546875000000004 0.0734375 0.045312500000000006
4 0.66015625 0.38125000000000003 0.0703125 0.05
5 0.62890625 0.43359375 0.0859375 0.0703125
4 0.6078125000000001 0.540625 0.078125 0.05
4 0.48750000000000004 0.57421875 0.08125 0.0578125
