3 0.04296875 0.5515625000000001 0.0390625 0.028125
3 0.065625 0.628125 0.05 0.046875
3 0.296875 0.665625 0.034375 0.037500000000000006
3 0.27421875 0.6414062500000001 0.0328125 0.0328125
3 0.12109375 0.7679687500000001 0.0546875 0.035937500000000004
3 0.13671875 0.8 0.0390625 0.037500000000000006
3 0.15859375 0.8250000000000001 0.0484375 0.053125000000000006
3 0.1703125 0.9320312500000001 0.05625 0.0765625
3 0.44375000000000003 0.8250000000000001 0.0625 0.05625
3 0.36796875 0.7390625000000001 0.051562500000000004 0.040625
