3 0.8 0.045312500000000006 0.178125 0.07500000000000001
3 0.43203125000000003 0.12109375 0.1234375 0.0703125
9 0.97421875 0.040625 0.035937500000000004 0.0625
9 0.65546875 0.045312500000000006 0.0546875 0.037500000000000006
9 0.6734375 0.0171875 0.05 0.03125
2 0.46875 0.03359375 0.028125 0.06406250000000001
2 0.509375 0.034375 0.034375 0.05625
2 0.5320312500000001 0.02890625 0.0171875 0.0578125
9 0.55703125 0.02890625 0.029687500000000002 0.0546875
1 0.553125 0.02421875 0.028125 0.035937500000000004
