4 0.1703125 0.047656250000000004 0.028125 0.026562500000000003
1 0.125 0.026562500000000003 0.009375000000000001 0.025
2 0.1265625 0.03125 0.015625 0.025
1 0.1625 0.021875000000000002 0.009375000000000001 0.009375000000000001
6 0.16718750000000002 0.03359375 0.028125 0.026562500000000003
4 0.30000000000000004 0.21015625000000002 0.034375 0.0328125
4 0.3171875 0.2328125 0.046875 0.043750000000000004
4 0.3875 0.33359375 0.053125000000000006 0.045312500000000006
4 0.45 0.4109375 0.0625 0.053125000000000006
4 0.5484375 0.540625 0.084375 0.084375
3 0.6078125000000001 0.6195312500000001 0.1 0.0734375
1 0.7078125000000001 0.9710937500000001 0.037500000000000006 0.0578125
