5 0.35703125 0.7351562500000001 0.38593750000000004 0.41718750000000004
4 0.7273437500000001 0.66953125 0.30781250000000004 0.2265625
3 0.6453125000000001 0.96015625 0.33437500000000003 0.0765625
0 0.8515625 0.7859375000000001 0.07187500000000001 0.034375
0 0.828125 0.74921875 0.08750000000000001 0.0484375
0 0.77734375 0.18125000000000002 0.0546875 0.0625
0 0.3140625 0.05859375 0.043750000000000004 0.06406250000000001
0 0.17109375000000002 0.33906250000000004 0.051562500000000004 0.06875
0 0.19921875 0.2921875 0.0390625 0.0625
9 0.19765625 0.58828125 0.060937500000000006 0.1171875
1 0.18828125 0.58359375 0.0421875 0.0546875
1 0.20078125000000002 0.553125 0.051562500000000004 0.040625
