3 0.31093750000000003 0.7835937500000001 0.037500000000000006 0.045312500000000006
3 0.34921875 0.8734375000000001 0.051562500000000004 0.059375000000000004
3 0.284375 0.6937500000000001 0.034375 0.040625
0 0.04453125 0.7234375000000001 0.010937500000000001 0.021875000000000002
0 0.03125 0.690625 0.00625 0.021875000000000002
0 0.0765625 0.60703125 0.00625 0.0203125
0 0.09921875000000001 0.55859375 0.0078125 0.0171875
1 0.203125 0.60859375 0.009375000000000001 0.0171875
9 0.2015625 0.6125 0.009375000000000001 0.025
5 0.16562500000000002 0.403125 0.021875000000000002 0.03125
5 0.26875 0.40625 0.028125 0.037500000000000006
5 0.21250000000000002 0.3046875 0.0125 0.015625
5 0.1921875 0.30000000000000004 0.028125 0.015625
5 0.20390625 0.3203125 0.010937500000000001 0.018750000000000003
5 0.42265625 0.40390625 0.026562500000000003 0.035937500000000004
5 0.44765625000000003 0.44375000000000003 0.0234375 0.025
5 0.4765625 0.47968750000000004 0.018750000000000003 0.021875000000000002
5 0.4 0.353125 0.021875000000000002 0.037500000000000006
3 0.40937500000000004 0.37421875000000004 0.009375000000000001 0.0078125
0 0.16328125000000002 0.36171875000000003 0.004687500000000001 0.0078125
0 0.17109375000000002 0.35000000000000003 0.004687500000000001 0.0125
0 0.17578125 0.3375 0.004687500000000001 0.0125
3 0.23515625 0.30390625000000004 0.010937500000000001 0.0078125
3 0.22890625 0.30078125 0.0078125 0.0078125
