0 0.9359375000000001 0.7015625000000001 0.037500000000000006 0.065625
0 0.8640625000000001 0.70625 0.034375 0.06875
3 0.54296875 0.5703125 0.1484375 0.065625
3 0.70234375 0.46796875000000004 0.11406250000000001 0.0484375
3 0.0890625 0.53828125 0.10625000000000001 0.060937500000000006
3 0.28125 0.46015625000000004 0.1375 0.045312500000000006
3 0.42734375 0.41484375 0.1078125 0.045312500000000006
4 0.19140625 0.33828125000000003 0.0765625 0.051562500000000004
3 0.1421875 0.33359375 0.08125 0.0390625
3 0.06796875000000001 0.42031250000000003 0.1171875 0.053125000000000006
3 0.04609375 0.39453125 0.0921875 0.0578125
3 0.12109375 0.43046875 0.13593750000000002 0.051562500000000004
3 0.15781250000000002 0.43984375000000003 0.125 0.0484375
3 0.21484375 0.44453125000000004 0.1234375 0.0578125
3 0.36171875000000003 0.4890625 0.1046875 0.05625
3 0.40078125000000003 0.50546875 0.13593750000000002 0.060937500000000006
3 0.43203125000000003 0.53046875 0.1328125 0.060937500000000006
3 0.47734375 0.546875 0.1421875 0.06875
3 0.5476562500000001 0.43593750000000003 0.09843750000000001 0.053125000000000006
3 0.6039062500000001 0.44453125000000004 0.1046875 0.045312500000000006
3 0.6625000000000001 0.45234375000000004 0.115625 0.0484375
3 0.026562500000000003 0.49296875 0.05 0.060937500000000006
