5 0.84375 0.46406250000000004 0.08750000000000001 0.025
5 0.83359375 0.45625000000000004 0.08281250000000001 0.025
5 0.9515625000000001 0.43984375000000003 0.096875 0.029687500000000002
5 0.81640625 0.44765625000000003 0.0890625 0.0328125
5 0.8523437500000001 0.42734375 0.0390625 0.0234375
5 0.7453125 0.4765625 0.06875 0.028125
3 0.9359375000000001 0.415625 0.021875000000000002 0.0125
3 0.925 0.45234375000000004 0.028125 0.0171875
3 0.70703125 0.4734375 0.0234375 0.0125
5 0.6171875 0.29531250000000003 0.046875 0.0125
