0 0.032031250000000004 0.76484375 0.0484375 0.08281250000000001
0 0.02734375 0.74140625 0.051562500000000004 0.07968750000000001
0 0.026562500000000003 0.7328125000000001 0.053125000000000006 0.09375
3 0.15234375 0.6039062500000001 0.2234375 0.1171875
3 0.43125 0.584375 0.215625 0.1
9 0.51875 0.64375 0.084375 0.05625
1 0.51484375 0.62890625 0.0421875 0.0671875
6 0.032031250000000004 0.17421875 0.029687500000000002 0.0390625
9 0.13593750000000002 0.284375 0.034375 0.053125000000000006
9 0.09062500000000001 0.284375 0.03125 0.053125000000000006
4 0.7703125000000001 0.7367187500000001 0.203125 0.1421875
0 0.88984375 0.76484375 0.029687500000000002 0.0921875
0 0.95859375 0.7421875 0.0390625 0.09375
9 0.93671875 0.7367187500000001 0.0484375 0.0671875
0 0.6265625 0.5867187500000001 0.025 0.0765625
6 0.90234375 0.1296875 0.0703125 0.037500000000000006
3 0.92578125 0.059375000000000004 0.1328125 0.0625
