3 0.078125 0.9187500000000001 0.14375000000000002 0.15625
3 0.26953125 0.8203125 0.1265625 0.14375000000000002
3 0.17421875 0.8703125 0.1421875 0.16562500000000002
3 0.53125 0.6273437500000001 0.1375 0.1390625
4 0.42812500000000003 0.68515625 0.153125 0.15781250000000002
4 0.8359375 0.4109375 0.12812500000000002 0.140625
3 0.67890625 0.51875 0.1265625 0.1375
3 0.60078125 0.5710937500000001 0.1234375 0.1234375
3 0.3453125 0.7390625000000001 0.146875 0.153125
3 0.7820312500000001 0.46406250000000004 0.1453125 0.1375
3 0.9140625 0.36250000000000004 0.115625 0.115625
0 0.51484375 0.8914062500000001 0.026562500000000003 0.026562500000000003
