3 0.2984375 0.69140625 0.16875 0.0859375
8 0.25078125 0.8250000000000001 0.4390625 0.3375
2 0.11015625000000001 0.52734375 0.0328125 0.0546875
2 0.153125 0.56953125 0.05625 0.035937500000000004
2 0.23593750000000002 0.5625 0.05 0.034375
2 0.3953125 0.628125 0.059375000000000004 0.037500000000000006
2 0.39453125 0.5789062500000001 0.035937500000000004 0.0546875
2 0.4859375 0.6585937500000001 0.05 0.035937500000000004
2 0.55625 0.6421875 0.059375000000000004 0.034375
2 0.63203125 0.65390625 0.0546875 0.0390625
