0 0.11875000000000001 0.8828125 0.03125 0.078125
0 0.18046875 0.09062500000000001 0.010937500000000001 0.040625
0 0.21796875000000002 0.09062500000000001 0.026562500000000003 0.037500000000000006
0 0.2890625 0.09531250000000001 0.015625 0.028125
0 0.31640625 0.07968750000000001 0.010937500000000001 0.025
0 0.3953125 0.44453125000000004 0.021875000000000002 0.060937500000000006
0 0.27890625 0.38984375000000004 0.0234375 0.051562500000000004
0 0.546875 0.49296875 0.021875000000000002 0.0703125
0 0.7859375000000001 0.4859375 0.025 0.059375000000000004
0 0.7125 0.43515625 0.018750000000000003 0.0484375
0 0.8031250000000001 0.34609375000000003 0.0125 0.0421875
0 0.79296875 0.31171875000000004 0.026562500000000003 0.0421875
0 0.1859375 0.275 0.0125 0.037500000000000006
0 0.1765625 0.27968750000000003 0.0125 0.040625
0 0.17500000000000002 0.26328125 0.015625 0.0328125
0 0.21953125 0.26328125 0.0171875 0.0328125
0 0.23515625 0.23828125 0.026562500000000003 0.0421875
0 0.28515625 0.24296875 0.0140625 0.029687500000000002
0 0.2734375 0.23359375000000002 0.009375000000000001 0.045312500000000006
0 0.30234375 0.19062500000000002 0.0140625 0.037500000000000006
0 0.33203125 0.20546875 0.0140625 0.045312500000000006
0 0.40468750000000003 0.19843750000000002 0.021875000000000002 0.046875
0 0.421875 0.2015625 0.009375000000000001 0.040625
0 0.37265625 0.14140625 0.026562500000000003 0.045312500000000006
0 0.44453125000000004 0.16484375 0.0234375 0.0421875
0 0.41953125 0.1640625 0.0140625 0.034375
0 0.43203125000000003 0.0921875 0.010937500000000001 0.034375
0 0.45546875000000003 0.09453125000000001 0.0171875 0.029687500000000002
0 0.5593750000000001 0.16875 0.015625 0.037500000000000006
0 0.6015625 0.1390625 0.028125 0.034375
0 0.5398437500000001 0.13203125000000002 0.0140625 0.0171875
0 0.46875 0.07500000000000001 0.009375000000000001 0.025
0 0.4546875 0.07109375 0.009375000000000001 0.0203125
0 0.60703125 0.05 0.0203125 0.028125
0 0.56484375 0.046875 0.0140625 0.025
0 0.69296875 0.06953125 0.0140625 0.029687500000000002
0 0.75 0.07890625000000001 0.015625 0.035937500000000004
0 0.7429687500000001 0.046875 0.0171875 0.025
0 0.87890625 0.07578125000000001 0.0140625 0.026562500000000003
0 0.9578125000000001 0.12734375 0.015625 0.0203125
0 0.98046875 0.446875 0.026562500000000003 0.0625
0 0.9421875000000001 0.5625 0.034375 0.065625
0 0.9796875 0.66171875 0.021875000000000002 0.0328125
0 0.9234375 0.74375 0.043750000000000004 0.078125
