0 0.8921875 0.66015625 0.021875000000000002 0.0421875
9 0.71796875 0.521875 0.0328125 0.037500000000000006
9 0.39453125 0.55390625 0.026562500000000003 0.0328125
9 0.14921875 0.65234375 0.0578125 0.0328125
1 0.14375000000000002 0.64453125 0.028125 0.0328125
3 0.603125 0.46484375 0.05625 0.045312500000000006
0 0.74921875 0.26015625000000003 0.010937500000000001 0.026562500000000003
0 0.759375 0.259375 0.009375000000000001 0.028125
0 0.765625 0.2625 0.015625 0.025
0 0.78671875 0.246875 0.010937500000000001 0.025
0 0.80078125 0.246875 0.010937500000000001 0.025
0 0.8148437500000001 0.25078125 0.010937500000000001 0.0234375
0 0.8484375000000001 0.23046875 0.00625 0.0203125
0 0.85546875 0.23046875 0.010937500000000001 0.0203125
0 0.99140625 0.19375 0.010937500000000001 0.015625
0 0.04453125 0.5421875 0.0328125 0.040625
0 0.02890625 0.53828125 0.0328125 0.045312500000000006
0 0.12265625000000001 0.52890625 0.0328125 0.0390625
0 0.11953125 0.5171875 0.026562500000000003 0.040625
0 0.33984375 0.46796875000000004 0.026562500000000003 0.035937500000000004
9 0.5703125 0.41171875 0.025 0.0328125
0 0.44375000000000003 0.4109375 0.015625 0.037500000000000006
0 0.42265625 0.403125 0.0140625 0.037500000000000006
0 0.434375 0.40234375 0.015625 0.035937500000000004
0 0.4109375 0.38203125000000004 0.015625 0.0328125
0 0.43203125000000003 0.38125000000000003 0.0171875 0.037500000000000006
0 0.4546875 0.38984375000000004 0.015625 0.0328125
0 0.44765625000000003 0.37890625 0.0171875 0.0328125
0 0.45546875000000003 0.37890625 0.010937500000000001 0.035937500000000004
0 0.46640625 0.38671875 0.0171875 0.035937500000000004
0 0.47734375 0.38593750000000004 0.0171875 0.034375
0 0.47109375000000003 0.36640625000000004 0.0171875 0.0328125
0 0.415625 0.35468750000000004 0.015625 0.034375
0 0.42578125 0.34453125 0.0171875 0.0328125
0 0.48671875000000003 0.36562500000000003 0.0171875 0.034375
0 0.5203125000000001 0.38203125000000004 0.0125 0.0328125
0 0.53671875 0.38203125000000004 0.0171875 0.0328125
0 0.553125 0.37031250000000004 0.015625 0.03125
0 0.546875 0.37109375 0.015625 0.0328125
0 0.53671875 0.37109375 0.010937500000000001 0.029687500000000002
0 0.49843750000000003 0.35390625000000003 0.015625 0.0328125
0 0.5085937500000001 0.35234375 0.0140625 0.029687500000000002
0 0.5203125000000001 0.34453125 0.015625 0.029687500000000002
0 0.51015625 0.34453125 0.010937500000000001 0.0328125
0 0.46015625000000004 0.33359375 0.0171875 0.0328125
0 0.43125 0.33359375 0.018750000000000003 0.0328125
4 0.40390625 0.32109375 0.0390625 0.0390625
3 0.434375 0.29609375 0.043750000000000004 0.045312500000000006
0 0.4421875 0.31953125000000004 0.0125 0.029687500000000002
0 0.46640625 0.3171875 0.010937500000000001 0.025
0 0.49453125000000003 0.28828125 0.0140625 0.029687500000000002
1 0.371875 0.27109375 0.0125 0.0203125
9 0.37265625 0.27968750000000003 0.0171875 0.021875000000000002
3 0.41640625000000003 0.25390625 0.0390625 0.029687500000000002
0 0.40937500000000004 0.21875 0.009375000000000001 0.025
0 0.41640625000000003 0.22109375 0.010937500000000001 0.026562500000000003
0 0.42265625 0.22187500000000002 0.010937500000000001 0.025
0 0.3453125 0.12421875 0.0125 0.0203125
