8 0.64375 0.35859375000000004 0.33437500000000003 0.1703125
8 0.25234375000000003 0.4453125 0.2703125 0.134375
3 0.56875 0.05 0.037500000000000006 0.05625
9 0.04453125 0.5 0.029687500000000002 0.078125
0 0.07734375 0.4078125 0.0328125 0.046875
0 0.15781250000000002 0.384375 0.021875000000000002 0.046875
0 0.21796875000000002 0.7578125 0.0203125 0.05625
0 0.22031250000000002 0.75 0.0125 0.028125
0 0.3015625 0.7640625000000001 0.028125 0.053125000000000006
4 0.24765625000000002 0.9484375 0.0734375 0.10312500000000001
3 0.57421875 0.7937500000000001 0.0703125 0.13125
3 0.6664062500000001 0.77109375 0.060937500000000006 0.1234375
0 0.40546875000000004 0.9859375 0.0203125 0.028125
0 0.59609375 0.6703125000000001 0.0234375 0.053125000000000006
0 0.875 0.9304687500000001 0.021875000000000002 0.051562500000000004
0 0.91328125 0.8875000000000001 0.026562500000000003 0.05625
0 0.8859375 0.9007812500000001 0.0125 0.035937500000000004
0 0.8984375 0.9015625 0.018750000000000003 0.046875
9 0.909375 0.74140625 0.037500000000000006 0.0765625
0 0.91953125 0.22578125000000002 0.0171875 0.0390625
0 0.640625 0.25859375 0.021875000000000002 0.0328125
0 0.640625 0.26015625000000003 0.018750000000000003 0.0171875
0 0.09375 0.2703125 0.0125 0.028125
0 0.11093750000000001 0.2 0.0125 0.034375
0 0.1421875 0.16328125000000002 0.0125 0.035937500000000004
0 0.1421875 0.1421875 0.0125 0.03125
