3 0.51328125 0.8617187500000001 0.3640625 0.15156250000000002
0 0.63671875 0.759375 0.0734375 0.09062500000000001
0 0.64453125 0.66953125 0.0484375 0.09531250000000001
0 0.59609375 0.690625 0.0546875 0.09062500000000001
9 0.2859375 0.92734375 0.084375 0.13593750000000002
9 0.49843750000000003 0.3328125 0.059375000000000004 0.08125
2 0.53828125 0.1078125 0.026562500000000003 0.059375000000000004
3 0.6664062500000001 0.19375 0.19843750000000002 0.09375
3 0.6640625 0.06953125 0.184375 0.0765625
3 0.70234375 0.034375 0.1765625 0.065625
