3 0.07734375 0.8500000000000001 0.029687500000000002 0.053125000000000006
3 0.07109375 0.759375 0.0328125 0.040625
3 0.0125 0.13671875 0.00625 0.0078125
3 0.00703125 0.14765625000000002 0.0078125 0.0078125
3 0.009375000000000001 0.15703125 0.009375000000000001 0.0078125
3 0.01640625 0.20703125 0.010937500000000001 0.0078125
3 0.0054687500000000005 0.21406250000000002 0.010937500000000001 0.009375000000000001
3 0.01171875 0.19765625 0.010937500000000001 0.0078125
3 0.010937500000000001 0.18984375 0.009375000000000001 0.0078125
3 0.01171875 0.18515625000000002 0.010937500000000001 0.0078125
3 0.01171875 0.17734375000000002 0.010937500000000001 0.0078125
3 0.01015625 0.16875 0.0078125 0.00625
0 0.00625 0.23984375000000002 0.00625 0.0078125
9 0.022656250000000003 0.578125 0.010937500000000001 0.018750000000000003
3 0.01015625 0.496875 0.0203125 0.025
9 0.0328125 0.46796875000000004 0.00625 0.0203125
3 0.053125000000000006 0.09843750000000001 0.015625 0.00625
3 0.065625 0.1078125 0.00625 0.00625
3 0.0765625 0.10703125000000001 0.00625 0.004687500000000001
3 0.08750000000000001 0.11484375000000001 0.00625 0.0078125
3 0.08671875000000001 0.0921875 0.0078125 0.00625
3 0.08750000000000001 0.1 0.009375000000000001 0.00625
3 0.049218750000000006 0.11171875 0.0171875 0.004687500000000001
3 0.0859375 0.140625 0.009375000000000001 0.00625
3 0.08281250000000001 0.21015625000000002 0.018750000000000003 0.0078125
3 0.1046875 0.21875 0.021875000000000002 0.0125
3 0.08203125 0.20546875 0.0171875 0.0078125
3 0.10390625 0.209375 0.0171875 0.00625
3 0.1265625 0.22109375 0.021875000000000002 0.010937500000000001
0 0.109375 0.26796875000000003 0.00625 0.010937500000000001
0 0.09921875000000001 0.3203125 0.004687500000000001 0.0125
0 0.13671875 0.32421875 0.004687500000000001 0.010937500000000001
0 0.13515625 0.296875 0.004687500000000001 0.0125
0 0.12578125 0.36484375 0.004687500000000001 0.010937500000000001
0 0.11640625 0.38671875 0.004687500000000001 0.010937500000000001
0 0.109375 0.3875 0.00625 0.0125
0 0.12578125 0.3953125 0.004687500000000001 0.009375000000000001
0 0.13125 0.46406250000000004 0.00625 0.0125
9 0.13125 0.5007812500000001 0.009375000000000001 0.0171875
9 0.13593750000000002 0.52890625 0.00625 0.0140625
0 0.14375000000000002 0.45546875000000003 0.00625 0.0203125
3 0.07500000000000001 0.0734375 0.015625 0.009375000000000001
3 0.0765625 0.3046875 0.0125 0.015625
3 0.08203125 0.3328125 0.0203125 0.0125
3 0.03671875 0.29140625000000003 0.0171875 0.0140625
3 0.037500000000000006 0.30390625000000004 0.015625 0.0140625
3 0.03828125 0.3171875 0.0171875 0.0125
3 0.0390625 0.34453125 0.015625 0.0140625
3 0.0390625 0.35703125 0.015625 0.010937500000000001
3 0.0421875 0.36640625000000004 0.015625 0.0140625
3 0.0421875 0.38203125000000004 0.015625 0.0140625
3 0.04296875 0.39453125 0.0171875 0.0171875
3 0.043750000000000004 0.41015625 0.015625 0.0140625
3 0.049218750000000006 0.43984375000000003 0.0203125 0.0203125
3 0.0484375 0.45937500000000003 0.021875000000000002 0.018750000000000003
3 0.05078125 0.5 0.0203125 0.015625
3 0.053125000000000006 0.51875 0.021875000000000002 0.028125
7 0.13593750000000002 0.3359375 0.015625 0.009375000000000001
9 0.1484375 0.38984375000000004 0.009375000000000001 0.0171875
3 0.10312500000000001 0.434375 0.015625 0.018750000000000003
3 0.10312500000000001 0.5046875000000001 0.018750000000000003 0.018750000000000003
3 0.10312500000000001 0.47968750000000004 0.015625 0.018750000000000003
3 0.060937500000000006 0.58828125 0.028125 0.035937500000000004
3 0.09375 0.58828125 0.021875000000000002 0.0328125
5 0.1296875 0.57578125 0.028125 0.0390625
3 0.13203125000000002 0.6078125000000001 0.045312500000000006 0.021875000000000002
3 0.14140625 0.6414062500000001 0.0671875 0.029687500000000002
3 0.06406250000000001 0.68125 0.034375 0.037500000000000006
3 0.06640625 0.7195312500000001 0.035937500000000004 0.035937500000000004
3 0.08125 0.90234375 0.03125 0.0484375
3 0.13203125000000002 0.9328125 0.0484375 0.11875000000000001
3 0.19687500000000002 0.5867187500000001 0.028125 0.0328125
3 0.1640625 0.58359375 0.03125 0.0390625
3 0.16953125000000002 0.5453125 0.0546875 0.025
3 0.28515625 0.61640625 0.0765625 0.035937500000000004
0 0.2015625 0.5046875000000001 0.003125 0.0125
7 0.28984375 0.5453125 0.0328125 0.021875000000000002
0 0.20078125000000002 0.521875 0.004687500000000001 0.0125
0 0.16953125000000002 0.43593750000000003 0.004687500000000001 0.00625
9 0.16875 0.46406250000000004 0.025 0.018750000000000003
9 0.16328125000000002 0.39453125 0.0171875 0.010937500000000001
3 0.209375 0.153125 0.0125 0.0125
3 0.19687500000000002 0.15156250000000002 0.00625 0.0125
3 0.40468750000000003 0.18984375 0.009375000000000001 0.010937500000000001
3 0.33437500000000003 0.5546875 0.021875000000000002 0.015625
1 0.0328125 0.46406250000000004 0.00625 0.009375000000000001
1 0.021875000000000002 0.5750000000000001 0.00625 0.009375000000000001
1 0.13125 0.49765625 0.009375000000000001 0.0078125
1 0.13671875 0.52578125 0.010937500000000001 0.0078125
1 0.14921875 0.38593750000000004 0.0078125 0.0125
