3 0.1640625 0.9359375000000001 0.21250000000000002 0.12812500000000002
4 0.384375 0.7578125 0.2 0.184375
3 0.27421875 0.64609375 0.20468750000000002 0.1796875
1 0.05625 0.31562500000000004 0.021875000000000002 0.034375
0 0.02734375 0.19062500000000002 0.026562500000000003 0.034375
0 0.08671875000000001 0.19921875 0.029687500000000002 0.045312500000000006
0 0.284375 0.27734375 0.021875000000000002 0.045312500000000006
0 0.21484375 0.23750000000000002 0.029687500000000002 0.053125000000000006
0 0.321875 0.26875 0.03125 0.043750000000000004
0 0.33515625000000004 0.246875 0.029687500000000002 0.05
0 0.3609375 0.23515625 0.03125 0.0421875
0 0.18046875 0.06796875000000001 0.0203125 0.0484375
0 0.19609375 0.07890625000000001 0.026562500000000003 0.051562500000000004
0 0.28984375 0.16640625 0.0203125 0.0390625
0 0.30234375 0.16640625 0.0171875 0.035937500000000004
0 0.31328125 0.15234375 0.0203125 0.051562500000000004
0 0.31875000000000003 0.16953125000000002 0.018750000000000003 0.0328125
0 0.4109375 0.18515625000000002 0.03125 0.0421875
0 0.41015625 0.1625 0.0328125 0.043750000000000004
0 0.41640625000000003 0.15000000000000002 0.026562500000000003 0.043750000000000004
1 0.415625 0.08828125 0.034375 0.0390625
0 0.75 0.640625 0.05 0.043750000000000004
0 0.96875 0.83515625 0.0625 0.051562500000000004
