3 0.12187500000000001 0.07421875 0.203125 0.1390625
1 0.02890625 0.14765625000000002 0.0484375 0.0703125
3 0.08203125 0.23750000000000002 0.1609375 0.14375000000000002
3 0.35625 0.2421875 0.275 0.11875000000000001
3 0.40703125 0.184375 0.2484375 0.08750000000000001
3 0.40468750000000003 0.08984375 0.16562500000000002 0.1234375
0 0.3328125 0.14375000000000002 0.05 0.096875
0 0.3796875 0.12812500000000002 0.028125 0.059375000000000004
0 0.80078125 0.24531250000000002 0.0421875 0.078125
0 0.81953125 0.24140625000000002 0.0484375 0.0890625
2 0.8375 0.31093750000000003 0.10312500000000001 0.0625
