0 0.01015625 0.40703125 0.010937500000000001 0.029687500000000002
0 0.032031250000000004 0.403125 0.010937500000000001 0.03125
0 0.25234375000000003 0.27578125000000003 0.010937500000000001 0.0234375
0 0.043750000000000004 0.2765625 0.00625 0.025
0 0.0328125 0.27109375 0.00625 0.0203125
0 0.037500000000000006 0.27265625 0.00625 0.026562500000000003
0 0.07500000000000001 0.275 0.009375000000000001 0.025
0 0.08046875 0.275 0.0078125 0.025
0 0.08750000000000001 0.2671875 0.00625 0.025
0 0.08281250000000001 0.26640625 0.009375000000000001 0.0234375
0 0.1 0.26406250000000003 0.009375000000000001 0.021875000000000002
0 0.11328125 0.2671875 0.0078125 0.025
0 0.125 0.2765625 0.0125 0.025
0 0.13671875 0.2671875 0.010937500000000001 0.025
0 0.0890625 0.17734375000000002 0.00625 0.0203125
0 0.096875 0.17734375000000002 0.00625 0.0203125
0 0.12187500000000001 0.18203125 0.009375000000000001 0.0203125
0 0.1296875 0.18515625000000002 0.00625 0.0203125
0 0.125 0.17265625 0.00625 0.0171875
0 0.1296875 0.17421875 0.00625 0.0203125
0 0.14609375 0.1609375 0.0078125 0.018750000000000003
0 0.13593750000000002 0.16015625 0.00625 0.0203125
0 0.140625 0.1609375 0.009375000000000001 0.025
0 0.17500000000000002 0.15703125 0.00625 0.0171875
0 0.184375 0.16484375 0.009375000000000001 0.0203125
0 0.1921875 0.16484375 0.009375000000000001 0.0203125
0 0.18515625000000002 0.15781250000000002 0.0078125 0.021875000000000002
0 0.20234375000000002 0.15625 0.010937500000000001 0.018750000000000003
0 0.209375 0.14921875 0.00625 0.0203125
0 0.21484375 0.15156250000000002 0.0078125 0.018750000000000003
0 0.225 0.13984375000000002 0.00625 0.0203125
0 0.23984375000000002 0.1390625 0.0078125 0.015625
4 0.815625 0.2015625 0.034375 0.025
5 0.6953125 0.030468750000000003 0.025 0.0171875
3 0.71640625 0.034375 0.0171875 0.0125
