3 0.3875 0.7601562500000001 0.07187500000000001 0.0328125
3 0.35000000000000003 0.821875 0.07187500000000001 0.028125
3 0.41015625 0.8890625000000001 0.0765625 0.03125
3 0.353125 0.9015625 0.08125 0.037500000000000006
0 0.45703125 0.89609375 0.010937500000000001 0.0328125
3 0.3875 0.9382812500000001 0.08125 0.029687500000000002
3 0.3765625 0.9593750000000001 0.09062500000000001 0.03125
3 0.35859375000000004 0.98046875 0.09531250000000001 0.0328125
3 0.72265625 0.8187500000000001 0.0734375 0.03125
3 0.7156250000000001 0.846875 0.078125 0.03125
3 0.703125 0.88203125 0.078125 0.0328125
3 0.6039062500000001 0.92890625 0.07968750000000001 0.029687500000000002
4 0.59375 0.9453125 0.07187500000000001 0.037500000000000006
3 0.2171875 0.5421875 0.034375 0.03125
3 0.253125 0.5421875 0.03125 0.03125
3 0.28515625 0.54453125 0.0328125 0.026562500000000003
4 0.31640625 0.5453125 0.026562500000000003 0.028125
3 0.34609375000000003 0.54296875 0.029687500000000002 0.0234375
3 0.37734375000000003 0.5453125 0.026562500000000003 0.028125
3 0.40859375000000003 0.546875 0.029687500000000002 0.028125
3 0.44140625 0.54453125 0.029687500000000002 0.029687500000000002
3 0.47421875 0.546875 0.029687500000000002 0.028125
3 0.50703125 0.546875 0.026562500000000003 0.028125
3 0.6195312500000001 0.54921875 0.029687500000000002 0.029687500000000002
3 0.6492187500000001 0.54921875 0.026562500000000003 0.029687500000000002
3 0.6765625000000001 0.55390625 0.025 0.026562500000000003
3 0.70625 0.55625 0.028125 0.03125
3 0.73828125 0.5515625000000001 0.0234375 0.03125
3 0.7734375 0.55390625 0.021875000000000002 0.029687500000000002
3 0.8054687500000001 0.54921875 0.0203125 0.029687500000000002
3 0.8132812500000001 0.51171875 0.0234375 0.0203125
3 0.7835937500000001 0.51171875 0.026562500000000003 0.0234375
3 0.7515625 0.509375 0.025 0.03125
3 0.721875 0.5125000000000001 0.025 0.028125
3 0.6640625 0.50703125 0.025 0.026562500000000003
3 0.5578125 0.50703125 0.025 0.0234375
3 0.53046875 0.50703125 0.0234375 0.0234375
3 0.48046875 0.50234375 0.0234375 0.026562500000000003
3 0.44453125000000004 0.5046875000000001 0.0203125 0.021875000000000002
3 0.41250000000000003 0.50234375 0.028125 0.0234375
3 0.35234375 0.5 0.0546875 0.021875000000000002
8 0.275 0.48828125 0.07187500000000001 0.035937500000000004
4 0.371875 0.2703125 0.025 0.03125
2 0.6257812500000001 0.9851562500000001 0.0328125 0.0234375
1 0.6351562500000001 0.9851562500000001 0.0140625 0.026562500000000003
1 0.62421875 0.978125 0.0140625 0.025
2 0.084375 0.81953125 0.028125 0.0140625
2 0.97421875 0.8875000000000001 0.029687500000000002 0.018750000000000003
0 0.45546875000000003 0.4390625 0.010937500000000001 0.021875000000000002
3 0.9148437500000001 0.7625000000000001 0.0765625 0.028125
3 0.9085937500000001 0.7742187500000001 0.0765625 0.029687500000000002
3 0.9007812500000001 0.78828125 0.06406250000000001 0.026562500000000003
4 0.9015625 0.80234375 0.0625 0.035937500000000004
3 0.9140625 0.8210937500000001 0.078125 0.0328125
3 0.9085937500000001 0.8375 0.0734375 0.03125
3 0.9140625 0.8515625 0.06875 0.034375
3 0.91015625 0.8679687500000001 0.0734375 0.035937500000000004
