3 0.19140625 0.34453125 0.15156250000000002 0.11093750000000001
0 0.23359375000000002 0.184375 0.0203125 0.053125000000000006
0 0.2515625 0.19687500000000002 0.021875000000000002 0.05625
0 0.16328125000000002 0.02890625 0.0171875 0.0421875
3 0.5046875000000001 0.11093750000000001 0.12812500000000002 0.08125
9 0.26406250000000003 0.0734375 0.040625 0.05
3 0.33906250000000004 0.0328125 0.109375 0.065625
1 0.26171875 0.06875 0.0171875 0.040625
9 0.27890625 0.0703125 0.0328125 0.040625
1 0.278125 0.065625 0.021875000000000002 0.043750000000000004
