3 0.45 0.8250000000000001 0.22187500000000002 0.09375
1 0.49296875 0.62421875 0.0171875 0.0234375
1 0.40156250000000004 0.63671875 0.018750000000000003 0.0328125
1 0.59765625 0.640625 0.0171875 0.028125
1 0.609375 0.5671875000000001 0.009375000000000001 0.0125
0 0.30703125000000003 0.6648437500000001 0.0171875 0.0390625
2 0.30625 0.6664062500000001 0.021875000000000002 0.0234375
9 0.40078125000000003 0.6414062500000001 0.0390625 0.0234375
9 0.49765625 0.63203125 0.0203125 0.0234375
9 0.60078125 0.64375 0.026562500000000003 0.028125
3 0.675 0.66171875 0.0625 0.045312500000000006
3 0.609375 0.6125 0.05 0.03125
3 0.62265625 0.6039062500000001 0.0421875 0.029687500000000002
5 0.721875 0.6156250000000001 0.078125 0.06875
3 0.5265625 0.6117187500000001 0.043750000000000004 0.026562500000000003
4 0.4921875 0.6125 0.05 0.043750000000000004
4 0.465625 0.6046875 0.037500000000000006 0.034375
4 0.31875000000000003 0.6125 0.065625 0.040625
3 0.25234375000000003 0.6203125 0.0546875 0.046875
5 0.36328125 0.6000000000000001 0.0484375 0.046875
0 0.9625 0.61484375 0.0125 0.026562500000000003
5 0.875 0.6156250000000001 0.12187500000000001 0.040625
0 0.89375 0.61640625 0.0125 0.0328125
0 0.8859375 0.6156250000000001 0.015625 0.034375
0 0.8757812500000001 0.6195312500000001 0.0171875 0.029687500000000002
0 0.8718750000000001 0.6117187500000001 0.018750000000000003 0.035937500000000004
0 0.59765625 0.57578125 0.010937500000000001 0.0203125
3 0.5437500000000001 0.5828125000000001 0.03125 0.025
3 0.49921875000000004 0.5750000000000001 0.0328125 0.021875000000000002
5 0.5109375 0.5953125 0.053125000000000006 0.040625
8 0.49140625000000004 0.5710937500000001 0.0484375 0.0328125
8 0.4546875 0.5554687500000001 0.037500000000000006 0.029687500000000002
3 0.465625 0.58359375 0.037500000000000006 0.0203125
3 0.44921875 0.5789062500000001 0.026562500000000003 0.0203125
3 0.45 0.571875 0.021875000000000002 0.021875000000000002
3 0.4375 0.5750000000000001 0.028125 0.021875000000000002
3 0.44765625000000003 0.603125 0.029687500000000002 0.025
3 0.43984375000000003 0.59921875 0.0328125 0.026562500000000003
3 0.42734375 0.5906250000000001 0.0328125 0.021875000000000002
3 0.41250000000000003 0.5828125000000001 0.025 0.025
3 0.30703125000000003 0.603125 0.0546875 0.040625
3 0.28515625 0.5796875 0.026562500000000003 0.028125
3 0.2515625 0.571875 0.025 0.021875000000000002
