3 0.81171875 0.6484375 0.0703125 0.15937500000000002
0 0.859375 0.06171875 0.028125 0.045312500000000006
0 0.5921875 0.375 0.028125 0.043750000000000004
0 0.88046875 0.05078125 0.026562500000000003 0.0390625
9 0.521875 0.39453125 0.025 0.045312500000000006
9 0.5375 0.3328125 0.034375 0.053125000000000006
9 0.4 0.2890625 0.043750000000000004 0.053125000000000006
6 0.4546875 0.59140625 0.05 0.09843750000000001
7 0.5375 0.06640625 0.046875 0.0671875
0 0.5203125000000001 0.017968750000000002 0.021875000000000002 0.0328125
0 0.61484375 0.017968750000000002 0.0234375 0.0328125
0 0.90234375 0.025 0.010937500000000001 0.046875
0 0.6515625 0.14453125 0.021875000000000002 0.0421875
0 0.628125 0.11640625 0.021875000000000002 0.0546875
0 0.68359375 0.08203125 0.026562500000000003 0.045312500000000006
0 0.48046875 0.013281250000000001 0.026562500000000003 0.0234375
0 0.5046875000000001 0.02890625 0.021875000000000002 0.0328125
0 0.24140625000000002 0.65234375 0.0390625 0.0484375
9 0.38515625000000003 0.36953125000000003 0.051562500000000004 0.0328125
1 0.6796875 0.05390625 0.015625 0.026562500000000003
1 0.6671875 0.0546875 0.0125 0.025
9 0.6882812500000001 0.07109375 0.0421875 0.0328125
0 0.42734375 0.97265625 0.0328125 0.0421875
