5 0.11093750000000001 0.25859375 0.018750000000000003 0.035937500000000004
5 0.0921875 0.25078125 0.021875000000000002 0.029687500000000002
5 0.1421875 0.15234375 0.015625 0.0203125
0 0.26796875000000003 0.63671875 0.010937500000000001 0.0234375
0 0.28984375 0.6039062500000001 0.010937500000000001 0.0203125
0 0.17578125 0.6117187500000001 0.0078125 0.0203125
0 0.1765625 0.5828125000000001 0.009375000000000001 0.021875000000000002
0 0.2515625 0.59609375 0.009375000000000001 0.0203125
0 0.27968750000000003 0.5875 0.00625 0.025
0 0.33359375 0.5984375000000001 0.010937500000000001 0.025
0 0.31328125 0.59921875 0.0078125 0.0234375
0 0.35000000000000003 0.6781250000000001 0.015625 0.021875000000000002
0 0.321875 0.5953125 0.009375000000000001 0.015625
0 0.21328125 0.57578125 0.010937500000000001 0.0203125
0 0.234375 0.5906250000000001 0.0125 0.021875000000000002
3 0.36796875 0.5125000000000001 0.026562500000000003 0.018750000000000003
1 0.38359375 0.8828125 0.0171875 0.025
0 0.30000000000000004 0.8453125 0.0125 0.040625
0 0.42109375000000004 0.8296875 0.010937500000000001 0.03125
9 0.51484375 0.8171875000000001 0.010937500000000001 0.025
3 0.51484375 0.9476562500000001 0.0546875 0.0578125
3 0.9187500000000001 0.81171875 0.07187500000000001 0.0484375
3 0.8210937500000001 0.8578125000000001 0.060937500000000006 0.040625
3 0.7921875 0.8250000000000001 0.059375000000000004 0.040625
1 0.51484375 0.8125 0.0140625 0.0125
