1 0.16015625 0.9109375000000001 0.0203125 0.03125
9 0.1640625 0.9203125000000001 0.03125 0.040625
1 0.22968750000000002 0.8460937500000001 0.0125 0.026562500000000003
9 0.22968750000000002 0.8578125000000001 0.021875000000000002 0.034375
0 0.29531250000000003 0.7921875 0.015625 0.028125
4 0.31796875 0.8093750000000001 0.0734375 0.065625
3 0.1265625 0.87890625 0.08750000000000001 0.0765625
0 0.06171875 0.7468750000000001 0.010937500000000001 0.034375
0 0.055468750000000004 0.7390625000000001 0.010937500000000001 0.028125
0 0.043750000000000004 0.7234375000000001 0.0125 0.03125
0 0.0546875 0.721875 0.0125 0.03125
0 0.07265625 0.70703125 0.0140625 0.0328125
0 0.25703125 0.65 0.010937500000000001 0.03125
0 0.25 0.6492187500000001 0.009375000000000001 0.0328125
0 0.23593750000000002 0.6414062500000001 0.0125 0.026562500000000003
0 0.22968750000000002 0.640625 0.009375000000000001 0.03125
0 0.3671875 0.68515625 0.015625 0.0328125
3 0.38828125 0.65234375 0.0546875 0.045312500000000006
5 0.43828125 0.59921875 0.0546875 0.06406250000000001
0 0.66171875 0.77109375 0.010937500000000001 0.035937500000000004
0 0.65234375 0.7601562500000001 0.0234375 0.035937500000000004
0 0.38671875 0.525 0.010937500000000001 0.025
3 0.95859375 0.30000000000000004 0.035937500000000004 0.0125
3 0.96875 0.296875 0.037500000000000006 0.015625
3 0.96796875 0.29140625000000003 0.0390625 0.0140625
