3 0.46406250000000004 0.78046875 0.09062500000000001 0.1390625
3 0.8148437500000001 0.8343750000000001 0.1203125 0.14375000000000002
3 0.1703125 0.19765625 0.13125 0.0734375
3 0.19609375 0.08359375000000001 0.1328125 0.0578125
3 0.36796875 0.2625 0.1296875 0.053125000000000006
4 0.7156250000000001 0.13984375000000002 0.125 0.0703125
0 0.57578125 0.83359375 0.035937500000000004 0.045312500000000006
0 0.234375 0.76328125 0.034375 0.045312500000000006
0 0.60703125 0.7718750000000001 0.0234375 0.028125
0 0.5632812500000001 0.7976562500000001 0.026562500000000003 0.045312500000000006
0 0.36562500000000003 0.6039062500000001 0.028125 0.045312500000000006
0 0.25546875 0.5875 0.0234375 0.040625
0 0.115625 0.50625 0.021875000000000002 0.040625
0 0.08359375000000001 0.44296875 0.0203125 0.045312500000000006
0 0.2015625 0.46406250000000004 0.025 0.040625
0 0.53125 0.40390625 0.021875000000000002 0.0546875
0 0.82578125 0.45234375000000004 0.0328125 0.0390625
0 0.63984375 0.54296875 0.0328125 0.0578125
0 0.70625 0.49375 0.021875000000000002 0.040625
0 0.67890625 0.5593750000000001 0.0328125 0.037500000000000006
0 0.66171875 0.56171875 0.0203125 0.029687500000000002
0 0.59765625 0.4390625 0.026562500000000003 0.046875
0 0.7125 0.4609375 0.025 0.046875
1 0.7046875 0.36953125000000003 0.018750000000000003 0.0328125
1 0.6078125000000001 0.284375 0.021875000000000002 0.025
2 0.69921875 0.375 0.0546875 0.021875000000000002
2 0.7000000000000001 0.46718750000000003 0.05 0.025
9 0.6015625 0.30390625000000004 0.05 0.0203125
