4 0.7171875000000001 0.75546875 0.065625 0.0859375
3 0.7601562500000001 0.61484375 0.051562500000000004 0.045312500000000006
3 0.6890625 0.6976562500000001 0.065625 0.060937500000000006
3 0.62890625 0.775 0.0765625 0.07500000000000001
3 0.51328125 0.8078125 0.0859375 0.08125
3 0.45546875000000003 0.80078125 0.09843750000000001 0.0765625
3 0.54140625 0.71796875 0.0734375 0.06406250000000001
3 0.596875 0.7250000000000001 0.07187500000000001 0.06875
3 0.6578125 0.6640625 0.0625 0.053125000000000006
3 0.6140625000000001 0.64375 0.059375000000000004 0.046875
3 0.6625000000000001 0.603125 0.053125000000000006 0.040625
3 0.66171875 0.41718750000000004 0.0484375 0.018750000000000003
3 0.5859375 0.41796875 0.05 0.0203125
3 0.59765625 0.40156250000000004 0.0171875 0.015625
3 0.013281250000000001 0.421875 0.026562500000000003 0.0125
3 0.06796875000000001 0.40625 0.0328125 0.015625
3 0.09375 0.40625 0.03125 0.018750000000000003
3 0.15937500000000002 0.403125 0.028125 0.018750000000000003
3 0.19296875000000002 0.40234375 0.035937500000000004 0.0171875
3 0.22968750000000002 0.40546875000000004 0.028125 0.0171875
3 0.28515625 0.3984375 0.0390625 0.021875000000000002
3 0.31093750000000003 0.40156250000000004 0.040625 0.021875000000000002
3 0.109375 0.421875 0.053125000000000006 0.015625
3 0.171875 0.45546875000000003 0.040625 0.029687500000000002
3 0.7507812500000001 0.40625 0.045312500000000006 0.0125
3 0.7132812500000001 0.37812500000000004 0.0171875 0.018750000000000003
3 0.74609375 0.39375000000000004 0.035937500000000004 0.0125
3 0.7664062500000001 0.38906250000000003 0.0390625 0.0125
3 0.7734375 0.38125000000000003 0.043750000000000004 0.0125
3 0.8093750000000001 0.38515625000000003 0.021875000000000002 0.0140625
3 0.815625 0.37421875000000004 0.015625 0.010937500000000001
3 0.82578125 0.36875 0.0140625 0.0125
3 0.8328125000000001 0.36484375 0.018750000000000003 0.010937500000000001
3 0.85546875 0.35703125 0.0203125 0.0171875
4 0.846875 0.340625 0.03125 0.0125
3 0.8523437500000001 0.33125000000000004 0.0203125 0.009375000000000001
3 0.9515625000000001 0.3125 0.0125 0.0125
8 0.9796875 0.28359375000000003 0.015625 0.0203125
3 0.98984375 0.27421875 0.010937500000000001 0.0078125
3 0.9859375 0.26171875 0.00625 0.0078125
3 0.8851562500000001 0.31171875000000004 0.0234375 0.0078125
3 0.9148437500000001 0.31171875000000004 0.0171875 0.010937500000000001
3 0.9031250000000001 0.29921875000000003 0.021875000000000002 0.0078125
3 0.9085937500000001 0.29531250000000003 0.0171875 0.009375000000000001
