3 0.02734375 0.9304687500000001 0.0546875 0.0765625
3 0.11640625 0.8054687500000001 0.0421875 0.060937500000000006
3 0.21328125 0.7445312500000001 0.0390625 0.060937500000000006
3 0.27890625 0.7625000000000001 0.0390625 0.06875
3 0.08281250000000001 0.66171875 0.043750000000000004 0.045312500000000006
3 0.26796875000000003 0.6117187500000001 0.0390625 0.0546875
3 0.09765625 0.57421875 0.0421875 0.0421875
3 0.22265625 0.54296875 0.0390625 0.045312500000000006
3 0.32265625000000003 0.50625 0.0390625 0.05
3 0.278125 0.4765625 0.037500000000000006 0.043750000000000004
3 0.14765625000000002 0.48359375000000004 0.0390625 0.0390625
3 0.28359375000000003 0.24765625000000002 0.026562500000000003 0.0328125
3 0.21484375 0.26640625 0.029687500000000002 0.0390625
3 0.1546875 0.26171875 0.025 0.0390625
3 0.1203125 0.27265625 0.028125 0.035937500000000004
8 0.8812500000000001 0.6726562500000001 0.17500000000000002 0.0921875
8 0.7265625 0.51953125 0.046875 0.1078125
8 0.95703125 0.24296875 0.0390625 0.0421875
5 0.9148437500000001 0.21640625000000002 0.0328125 0.0390625
3 0.88671875 0.203125 0.0171875 0.015625
8 0.8640625000000001 0.17265625 0.05 0.0390625
8 0.83125 0.15078125 0.043750000000000004 0.045312500000000006
8 0.8296875 0.1125 0.078125 0.03125
8 0.7375 0.13046875 0.065625 0.0328125
8 0.6937500000000001 0.115625 0.065625 0.028125
4 0.7757812500000001 0.234375 0.026562500000000003 0.03125
4 0.8203125 0.278125 0.03125 0.03125
4 0.640625 0.3375 0.043750000000000004 0.03125
4 0.5234375 0.30703125000000003 0.03125 0.026562500000000003
4 0.4609375 0.34453125 0.043750000000000004 0.026562500000000003
4 0.45390625 0.23750000000000002 0.0203125 0.021875000000000002
4 0.51328125 0.21328125 0.0203125 0.0328125
3 0.4109375 0.2078125 0.021875000000000002 0.025
3 0.39765625000000004 0.16953125000000002 0.026562500000000003 0.0203125
3 0.7265625 0.2390625 0.021875000000000002 0.025
4 0.74921875 0.21484375 0.026562500000000003 0.0328125
4 0.6882812500000001 0.1453125 0.0203125 0.025
4 0.65 0.1203125 0.028125 0.021875000000000002
4 0.62890625 0.1171875 0.0234375 0.015625
4 0.61328125 0.109375 0.0328125 0.025
4 0.58125 0.1078125 0.028125 0.025
3 0.46875 0.18046875 0.018750000000000003 0.0203125
8 0.42578125 0.08984375 0.0234375 0.035937500000000004
8 0.40859375000000003 0.05859375 0.0234375 0.0328125
4 0.38984375000000004 0.15625 0.026562500000000003 0.015625
4 0.3875 0.1484375 0.025 0.015625
4 0.37890625 0.13515625 0.0234375 0.0140625
4 0.37812500000000004 0.12578125 0.028125 0.0171875
3 0.39453125 0.1171875 0.0140625 0.015625
3 0.42578125 0.0203125 0.0328125 0.015625
5 0.39375000000000004 0.03125 0.015625 0.028125
8 0.3828125 0.05625 0.015625 0.025
3 0.36640625000000004 0.05390625 0.0171875 0.0171875
3 0.5750000000000001 0.153125 0.015625 0.015625
4 0.26796875000000003 0.1875 0.026562500000000003 0.034375
5 0.08828125 0.21640625000000002 0.0390625 0.0546875
3 0.12187500000000001 0.1625 0.025 0.021875000000000002
8 0.15234375 0.12187500000000001 0.0234375 0.034375
3 0.125 0.08984375 0.018750000000000003 0.0171875
3 0.19609375 0.09296875 0.0140625 0.0171875
3 0.25 0.1046875 0.021875000000000002 0.025
4 0.23593750000000002 0.04296875 0.018750000000000003 0.0203125
5 0.09765625 0.04453125 0.026562500000000003 0.0328125
5 0.1265625 0.0203125 0.021875000000000002 0.03125
4 0.8109375000000001 0.1953125 0.018750000000000003 0.018750000000000003
3 0.7937500000000001 0.18359375 0.021875000000000002 0.0203125
