3 0.078125 0.0328125 0.021875000000000002 0.0125
3 0.08984375 0.04609375 0.0140625 0.0078125
8 0.14921875 0.0703125 0.0546875 0.037500000000000006
8 0.19296875000000002 0.09609375 0.0546875 0.0390625
0 0.10546875 0.0671875 0.0078125 0.009375000000000001
3 0.2265625 0.12734375 0.021875000000000002 0.010937500000000001
3 0.21015625000000002 0.13593750000000002 0.0140625 0.025
8 0.29531250000000003 0.16015625 0.059375000000000004 0.045312500000000006
3 0.34375 0.19375 0.021875000000000002 0.015625
8 0.23593750000000002 0.05 0.05 0.040625
8 0.26171875 0.03359375 0.06406250000000001 0.035937500000000004
8 0.28359375000000003 0.07421875 0.051562500000000004 0.045312500000000006
8 0.33359375 0.0328125 0.0546875 0.040625
4 0.2265625 0.02109375 0.021875000000000002 0.0203125
4 0.16875 0.037500000000000006 0.028125 0.018750000000000003
3 0.19140625 0.025 0.029687500000000002 0.021875000000000002
3 0.234375 0.00859375 0.015625 0.0140625
4 0.278125 0.0125 0.021875000000000002 0.0125
3 0.35625 0.07968750000000001 0.028125 0.015625
3 0.36328125 0.08359375000000001 0.0171875 0.0140625
3 0.3984375 0.07500000000000001 0.015625 0.015625
3 0.38828125 0.09062500000000001 0.0171875 0.0125
3 0.37812500000000004 0.12421875 0.015625 0.0203125
3 0.38515625000000003 0.13203125000000002 0.0203125 0.0203125
3 0.36015625 0.10312500000000001 0.0203125 0.015625
3 0.43828125 0.31640625 0.026562500000000003 0.0203125
3 0.46718750000000003 0.353125 0.028125 0.025
3 0.5437500000000001 0.38984375000000004 0.03125 0.0203125
3 0.5906250000000001 0.39140625 0.03125 0.0234375
3 0.65625 0.37812500000000004 0.028125 0.025
3 0.690625 0.39765625000000004 0.028125 0.0234375
3 0.7273437500000001 0.415625 0.026562500000000003 0.025
3 0.76484375 0.4390625 0.026562500000000003 0.025
3 0.80390625 0.46796875000000004 0.026562500000000003 0.029687500000000002
3 0.7515625 0.49375 0.037500000000000006 0.025
0 0.3140625 0.11171875 0.00625 0.004687500000000001
0 0.34375 0.11171875 0.003125 0.0078125
0 0.4 0.234375 0.00625 0.0125
8 0.38203125000000004 0.20625000000000002 0.060937500000000006 0.05
8 0.55390625 0.34921875 0.0765625 0.060937500000000006
0 0.56796875 0.29296875 0.0078125 0.0140625
0 0.5632812500000001 0.32890625 0.0078125 0.0171875
3 0.40156250000000004 0.13593750000000002 0.025 0.018750000000000003
3 0.41171875 0.14453125 0.0234375 0.0203125
3 0.421875 0.15781250000000002 0.021875000000000002 0.025
3 0.42812500000000003 0.1609375 0.015625 0.018750000000000003
3 0.44453125000000004 0.17343750000000002 0.0203125 0.018750000000000003
3 0.44296875 0.1609375 0.0140625 0.018750000000000003
3 0.4609375 0.18046875 0.025 0.0234375
3 0.4765625 0.18828125 0.021875000000000002 0.026562500000000003
3 0.49375 0.18828125 0.021875000000000002 0.026562500000000003
3 0.48750000000000004 0.20234375000000002 0.021875000000000002 0.0203125
3 0.50390625 0.20703125 0.0171875 0.0234375
3 0.5164062500000001 0.21875 0.0234375 0.025
3 0.53046875 0.23359375000000002 0.026562500000000003 0.0203125
3 0.515625 0.22578125000000002 0.03125 0.026562500000000003
3 0.5375 0.23125 0.021875000000000002 0.021875000000000002
3 0.54921875 0.2421875 0.026562500000000003 0.015625
3 0.55234375 0.24609375 0.026562500000000003 0.029687500000000002
3 0.56953125 0.2546875 0.026562500000000003 0.021875000000000002
3 0.5796875 0.26406250000000003 0.025 0.025
3 0.61328125 0.27968750000000003 0.0328125 0.021875000000000002
3 0.6453125000000001 0.27890625 0.025 0.0171875
3 0.6570312500000001 0.28359375000000003 0.026562500000000003 0.0203125
3 0.6734375 0.29140625000000003 0.028125 0.029687500000000002
3 0.67734375 0.30000000000000004 0.029687500000000002 0.025
3 0.6898437500000001 0.3046875 0.0171875 0.025
3 0.70078125 0.309375 0.026562500000000003 0.025
3 0.7171875000000001 0.31328125 0.021875000000000002 0.026562500000000003
3 0.7289062500000001 0.325 0.0234375 0.025
3 0.74375 0.3296875 0.025 0.025
3 0.75546875 0.33671875 0.026562500000000003 0.0203125
3 0.765625 0.3484375 0.021875000000000002 0.03125
3 0.7835937500000001 0.353125 0.0328125 0.025
3 0.7937500000000001 0.35468750000000004 0.021875000000000002 0.018750000000000003
3 0.8046875 0.36640625000000004 0.021875000000000002 0.0203125
3 0.7609375 0.39453125 0.028125 0.0203125
3 0.72265625 0.375 0.026562500000000003 0.018750000000000003
3 0.9750000000000001 0.32421875 0.028125 0.0203125
0 0.051562500000000004 0.6312500000000001 0.0125 0.018750000000000003
3 0.9046875000000001 0.36250000000000004 0.03125 0.025
3 0.94296875 0.34140625 0.029687500000000002 0.0203125
3 0.8210937500000001 0.390625 0.0390625 0.025
3 0.60859375 0.534375 0.0421875 0.03125
3 0.5953125 0.58359375 0.034375 0.029687500000000002
3 0.5921875 0.65625 0.03125 0.034375
3 0.73984375 0.5632812500000001 0.0328125 0.0328125
3 0.8382812500000001 0.48359375000000004 0.035937500000000004 0.026562500000000003
0 0.85546875 0.403125 0.0078125 0.0125
0 0.8140625 0.4109375 0.009375000000000001 0.009375000000000001
0 0.875 0.38671875 0.00625 0.0171875
0 0.8812500000000001 0.44375000000000003 0.00625 0.009375000000000001
0 0.8859375 0.41875 0.00625 0.0125
0 0.57421875 0.6312500000000001 0.010937500000000001 0.025
4 0.7671875 0.5296875 0.037500000000000006 0.025
8 0.8812500000000001 0.53046875 0.08125 0.06406250000000001
3 0.84296875 0.6078125000000001 0.0484375 0.03125
3 0.88671875 0.59140625 0.0390625 0.029687500000000002
3 0.925 0.5921875 0.03125 0.025
3 0.97578125 0.5671875000000001 0.0390625 0.028125
3 0.9812500000000001 0.603125 0.037500000000000006 0.025
3 0.89609375 0.5171875 0.0328125 0.03125
3 0.9398437500000001 0.546875 0.0328125 0.025
9 0.93671875 0.5710937500000001 0.0171875 0.0171875
1 0.93671875 0.5671875000000001 0.010937500000000001 0.0125
5 0.91328125 0.6328125 0.060937500000000006 0.05
3 0.63671875 0.6359375 0.0328125 0.034375
0 0.22109375 0.8289062500000001 0.0140625 0.0140625
3 0.284375 0.88671875 0.043750000000000004 0.035937500000000004
3 0.93671875 0.6859375000000001 0.0390625 0.034375
3 0.88671875 0.65390625 0.0328125 0.026562500000000003
4 0.9640625 0.6734375 0.040625 0.040625
4 0.9812500000000001 0.65 0.037500000000000006 0.028125
4 0.6507812500000001 0.721875 0.0390625 0.043750000000000004
0 0.83203125 0.90390625 0.010937500000000001 0.0171875
9 0.8093750000000001 0.96484375 0.025 0.0171875
9 0.7953125000000001 0.9515625000000001 0.018750000000000003 0.021875000000000002
3 0.7898437500000001 0.93671875 0.0421875 0.045312500000000006
3 0.76484375 0.915625 0.051562500000000004 0.037500000000000006
3 0.7484375000000001 0.90390625 0.043750000000000004 0.035937500000000004
3 0.73359375 0.88671875 0.045312500000000006 0.0328125
