4 0.578125 0.9148437500000001 0.09062500000000001 0.1703125
4 0.9398437500000001 0.18281250000000002 0.08281250000000001 0.06875
3 0.246875 0.525 0.065625 0.11875000000000001
3 0.1046875 0.9015625 0.08125 0.15000000000000002
3 0.15781250000000002 0.2765625 0.065625 0.096875
4 0.060937500000000006 0.13046875 0.05625 0.09843750000000001
4 0.24609375 0.21953125 0.060937500000000006 0.09843750000000001
0 0.875 0.08046875 0.021875000000000002 0.035937500000000004
9 0.85859375 0.22812500000000002 0.026562500000000003 0.046875
0 0.78828125 0.0625 0.0171875 0.037500000000000006
0 0.7039062500000001 0.09375 0.0203125 0.037500000000000006
5 0.6515625 0.51796875 0.1375 0.2734375
0 0.75390625 0.10312500000000001 0.0171875 0.028125
0 0.74375 0.12265625000000001 0.021875000000000002 0.026562500000000003
3 0.88984375 0.11015625000000001 0.0765625 0.035937500000000004
