3 0.38359375 0.74765625 0.2078125 0.2390625
3 0.27187500000000003 0.46328125000000003 0.16562500000000002 0.1609375
3 0.065625 0.32421875 0.10312500000000001 0.11406250000000001
5 0.14296875 0.1640625 0.11406250000000001 0.109375
0 0.765625 0.30234375 0.05 0.0546875
0 0.6414062500000001 0.34140625 0.026562500000000003 0.0546875
0 0.534375 0.11953125 0.021875000000000002 0.0546875
0 0.55390625 0.15625 0.0234375 0.065625
0 0.5890625 0.15625 0.015625 0.05
0 0.634375 0.30000000000000004 0.03125 0.0625
2 0.48281250000000003 0.23046875 0.05 0.0390625
0 0.30625 0.10625000000000001 0.028125 0.03125
