3 0.275 0.9281250000000001 0.043750000000000004 0.046875
3 0.32265625000000003 0.82421875 0.0390625 0.026562500000000003
3 0.49140625000000004 0.9609375 0.09843750000000001 0.05
3 0.446875 0.9320312500000001 0.109375 0.0421875
4 0.44843750000000004 0.8992187500000001 0.09375 0.0484375
3 0.328125 0.8046875 0.05 0.025
3 0.33359375 0.7914062500000001 0.0484375 0.0234375
3 0.340625 0.7765625 0.05 0.025
3 0.340625 0.76484375 0.05 0.0234375
3 0.3453125 0.75546875 0.05 0.0234375
3 0.3609375 0.7484375000000001 0.037500000000000006 0.021875000000000002
3 0.36484375 0.7390625000000001 0.0390625 0.021875000000000002
3 0.36562500000000003 0.7296875 0.037500000000000006 0.021875000000000002
3 0.2625 0.8132812500000001 0.037500000000000006 0.0328125
3 0.2828125 0.796875 0.028125 0.025
3 0.29531250000000003 0.775 0.028125 0.025
3 0.29375 0.89375 0.05 0.05
3 0.31093750000000003 0.8695312500000001 0.05 0.0390625
3 0.46953125 0.8859375 0.08281250000000001 0.03125
3 0.48203125 0.8703125 0.08281250000000001 0.03125
3 0.45390625 0.8578125000000001 0.08281250000000001 0.03125
3 0.45390625 0.8421875000000001 0.08281250000000001 0.03125
3 0.19687500000000002 0.9234375 0.05 0.040625
3 0.13203125000000002 0.95625 0.0578125 0.05
3 0.22421875000000002 0.890625 0.0421875 0.037500000000000006
3 0.24140625000000002 0.86640625 0.0390625 0.0328125
3 0.1265625 0.7468750000000001 0.037500000000000006 0.03125
3 0.28359375000000003 0.690625 0.0234375 0.015625
3 0.2671875 0.6703125000000001 0.021875000000000002 0.015625
3 0.240625 0.6664062500000001 0.021875000000000002 0.0171875
3 0.19765625 0.665625 0.0234375 0.015625
3 0.1328125 0.70625 0.028125 0.021875000000000002
3 0.10390625 0.7273437500000001 0.026562500000000003 0.0203125
3 0.032031250000000004 0.734375 0.051562500000000004 0.025
4 0.13203125000000002 0.68515625 0.0421875 0.0234375
3 0.26875 0.6414062500000001 0.0125 0.0140625
3 0.28515625 0.6359375 0.0140625 0.0125
3 0.27890625 0.6078125000000001 0.010937500000000001 0.009375000000000001
3 0.2890625 0.6234375000000001 0.009375000000000001 0.009375000000000001
3 0.26875 0.6234375000000001 0.00625 0.009375000000000001
3 0.27421875 0.62890625 0.010937500000000001 0.0078125
0 0.534375 0.8171875000000001 0.0125 0.028125
0 0.5671875000000001 0.8250000000000001 0.0125 0.028125
0 0.5359375000000001 0.91015625 0.0125 0.0328125
0 0.5593750000000001 0.9031250000000001 0.015625 0.037500000000000006
2 0.553125 0.91171875 0.015625 0.0328125
0 0.54140625 0.7640625000000001 0.010937500000000001 0.025
0 0.51875 0.71015625 0.00625 0.0171875
9 0.5320312500000001 0.7507812500000001 0.010937500000000001 0.0171875
0 0.49765625 0.70234375 0.004687500000000001 0.0171875
