3 0.08359375000000001 0.30078125 0.0734375 0.029687500000000002
3 0.2234375 0.25859375 0.0625 0.026562500000000003
4 0.08046875 0.18359375 0.060937500000000006 0.0328125
3 0.03515625 0.19296875000000002 0.035937500000000004 0.026562500000000003
3 0.08203125 0.22109375 0.035937500000000004 0.029687500000000002
3 0.12890625 0.21640625000000002 0.026562500000000003 0.026562500000000003
3 0.10703125000000001 0.20234375000000002 0.029687500000000002 0.0203125
3 0.12812500000000002 0.18828125 0.028125 0.0171875
3 0.14375000000000002 0.16484375 0.053125000000000006 0.0234375
4 0.16640625 0.1859375 0.029687500000000002 0.025
0 0.20546875 0.1625 0.029687500000000002 0.021875000000000002
3 0.2078125 0.22812500000000002 0.059375000000000004 0.025
5 0.278125 0.2171875 0.059375000000000004 0.046875
5 0.3203125 0.21640625000000002 0.046875 0.045312500000000006
4 0.234375 0.19765625 0.05 0.026562500000000003
3 0.278125 0.18203125 0.028125 0.0234375
3 0.30859375 0.18125000000000002 0.026562500000000003 0.021875000000000002
3 0.34687500000000004 0.18359375 0.040625 0.0234375
3 0.37265625 0.18359375 0.026562500000000003 0.0203125
3 0.16875 0.15078125 0.040625 0.0203125
3 0.15937500000000002 0.16015625 0.043750000000000004 0.0203125
3 0.22734375 0.21171875 0.051562500000000004 0.0234375
3 0.17500000000000002 0.15156250000000002 0.03125 0.018750000000000003
0 0.5164062500000001 0.26406250000000003 0.0140625 0.028125
6 0.45937500000000003 0.26796875000000003 0.040625 0.0203125
2 0.42812500000000003 0.24921875000000002 0.025 0.0171875
0 0.1203125 0.25390625 0.0125 0.029687500000000002
1 0.23671875 0.40625 0.0171875 0.021875000000000002
9 0.23750000000000002 0.41328125000000004 0.018750000000000003 0.029687500000000002
3 0.17265625 0.59921875 0.0546875 0.051562500000000004
3 0.11406250000000001 0.7601562500000001 0.07187500000000001 0.06406250000000001
3 0.041406250000000006 0.91953125 0.07968750000000001 0.0765625
