3 0.25 0.734375 0.115625 0.134375
3 0.23515625 0.546875 0.0921875 0.09062500000000001
4 0.23125 0.44765625000000003 0.065625 0.0890625
3 0.20703125 0.36640625000000004 0.1171875 0.0734375
3 0.1796875 0.2546875 0.09375 0.05625
3 0.18046875 0.21406250000000002 0.0921875 0.05625
3 0.18125000000000002 0.18125000000000002 0.08750000000000001 0.043750000000000004
3 0.16484375 0.15156250000000002 0.09843750000000001 0.043750000000000004
3 0.15859375 0.1328125 0.09843750000000001 0.040625
3 0.15703125 0.10859375 0.0890625 0.0390625
3 0.15703125 0.08671875000000001 0.0890625 0.0328125
3 0.14765625000000002 0.07421875 0.0765625 0.0328125
3 0.15390625000000002 0.0546875 0.08281250000000001 0.03125
3 0.14140625 0.03828125 0.07968750000000001 0.0328125
3 0.13125 0.017968750000000002 0.08750000000000001 0.0328125
5 0.22968750000000002 0.27890625 0.09375 0.11093750000000001
