3 0.92734375 0.58515625 0.060937500000000006 0.035937500000000004
0 0.5242187500000001 0.65390625 0.026562500000000003 0.0390625
0 0.54609375 0.6515625 0.0203125 0.053125000000000006
3 0.59921875 0.52265625 0.035937500000000004 0.029687500000000002
5 0.65390625 0.5625 0.060937500000000006 0.08125
3 0.86484375 0.52109375 0.0421875 0.029687500000000002
8 0.8546875 0.48125 0.10625000000000001 0.0625
8 0.628125 0.37890625 0.078125 0.0234375
3 0.49140625000000004 0.5906250000000001 0.0921875 0.037500000000000006
3 0.25 0.55234375 0.046875 0.045312500000000006
3 0.203125 0.5609375 0.05 0.040625
3 0.39140625 0.3765625 0.0203125 0.015625
3 0.39765625000000004 0.39921875 0.035937500000000004 0.0171875
0 0.40468750000000003 0.5359375000000001 0.0125 0.03125
3 0.31484375000000003 0.55390625 0.0765625 0.0390625
3 0.34609375000000003 0.546875 0.060937500000000006 0.037500000000000006
3 0.3640625 0.5359375000000001 0.053125000000000006 0.03125
3 0.36171875000000003 0.52734375 0.07968750000000001 0.029687500000000002
3 0.38359375 0.521875 0.045312500000000006 0.021875000000000002
3 0.36484375 0.51484375 0.0703125 0.0234375
3 0.353125 0.5046875000000001 0.07500000000000001 0.03125
3 0.36484375 0.49453125000000003 0.06406250000000001 0.029687500000000002
3 0.359375 0.47968750000000004 0.0625 0.021875000000000002
3 0.359375 0.4703125 0.0625 0.025
3 0.4890625 0.55234375 0.037500000000000006 0.0390625
3 0.496875 0.5296875 0.046875 0.034375
3 0.47890625000000003 0.5109375 0.0328125 0.037500000000000006
3 0.47109375000000003 0.4890625 0.0390625 0.021875000000000002
3 0.46796875000000004 0.47890625000000003 0.035937500000000004 0.029687500000000002
3 0.14765625000000002 0.56171875 0.045312500000000006 0.0484375
0 0.3609375 0.625 0.015625 0.046875
0 0.31328125 0.7953125000000001 0.0234375 0.05625
0 0.2859375 0.7953125000000001 0.0125 0.05625
0 0.09609375 0.8812500000000001 0.0203125 0.059375000000000004
0 0.32734375000000004 0.6921875000000001 0.0203125 0.046875
0 0.3765625 0.6328125 0.015625 0.040625
0 0.36953125000000003 0.7351562500000001 0.0203125 0.0484375
0 0.421875 0.5984375000000001 0.015625 0.03125
0 0.40859375000000003 0.59375 0.010937500000000001 0.040625
0 0.3328125 0.66171875 0.015625 0.0328125
0 0.27187500000000003 0.77890625 0.025 0.060937500000000006
0 0.1625 0.8578125000000001 0.025 0.053125000000000006
0 0.24609375 0.78046875 0.0203125 0.0546875
0 0.22890625 0.78046875 0.026562500000000003 0.0546875
0 0.030468750000000003 0.93671875 0.026562500000000003 0.0703125
0 0.06015625 0.9625 0.0234375 0.07187500000000001
2 0.35625 0.7781250000000001 0.015625 0.040625
2 0.32890625 0.63046875 0.0140625 0.0328125
0 0.3453125 0.765625 0.015625 0.05625
1 0.33125000000000004 0.61328125 0.018750000000000003 0.029687500000000002
1 0.8445312500000001 0.62421875 0.0140625 0.0171875
9 0.84296875 0.6359375 0.010937500000000001 0.025
