3 0.33046875000000003 0.34140625 0.09531250000000001 0.0390625
3 0.28203125 0.52109375 0.0578125 0.060937500000000006
3 0.48984375 0.328125 0.0921875 0.034375
3 0.9125000000000001 0.36328125 0.115625 0.0390625
3 0.296875 0.31562500000000004 0.084375 0.034375
1 0.42890625000000004 0.2625 0.010937500000000001 0.021875000000000002
1 0.5 0.27265625 0.009375000000000001 0.0203125
1 0.5390625 0.26171875 0.0125 0.0203125
9 0.42421875000000003 0.275 0.035937500000000004 0.015625
9 0.49453125000000003 0.28359375000000003 0.026562500000000003 0.0171875
9 0.5320312500000001 0.2703125 0.029687500000000002 0.015625
9 0.79609375 0.28359375000000003 0.026562500000000003 0.0171875
1 0.7984375 0.2734375 0.0125 0.025
1 0.56796875 0.5125000000000001 0.010937500000000001 0.021875000000000002
1 0.6000000000000001 0.509375 0.0125 0.018750000000000003
1 0.5171875 0.5140625 0.0125 0.018750000000000003
9 0.5109375 0.52734375 0.021875000000000002 0.029687500000000002
