5 0.15859375 0.6203125 0.026562500000000003 0.037500000000000006
8 0.014843750000000001 0.64375 0.0234375 0.034375
5 0.08750000000000001 0.565625 0.021875000000000002 0.034375
5 0.19765625 0.7351562500000001 0.0578125 0.029687500000000002
5 0.1796875 0.7140625 0.05625 0.025
5 0.31171875000000004 0.87109375 0.060937500000000006 0.029687500000000002
3 0.3296875 0.9125000000000001 0.040625 0.040625
3 0.03828125 0.5828125000000001 0.0203125 0.0125
3 0.16015625 0.5945312500000001 0.010937500000000001 0.010937500000000001
3 0.3046875 0.63671875 0.028125 0.0171875
3 0.246875 0.5554687500000001 0.025 0.0078125
3 0.246875 0.55390625 0.025 0.010937500000000001
4 0.18671875000000002 0.565625 0.029687500000000002 0.015625
4 0.153125 0.5671875000000001 0.021875000000000002 0.009375000000000001
4 0.14296875 0.5875 0.010937500000000001 0.015625
4 0.27421875 0.58828125 0.010937500000000001 0.0140625
3 0.31015625 0.5828125000000001 0.0203125 0.0125
3 0.503125 0.9515625000000001 0.059375000000000004 0.03125
3 0.5265625 0.984375 0.053125000000000006 0.03125
