3 0.84765625 0.8734375000000001 0.08281250000000001 0.13125
3 0.9515625000000001 0.63984375 0.06875 0.11406250000000001
3 0.8656250000000001 0.6171875 0.065625 0.1
3 0.9015625 0.34218750000000003 0.05 0.065625
3 0.92578125 0.15781250000000002 0.0421875 0.05625
3 0.93671875 0.08750000000000001 0.035937500000000004 0.046875
3 0.9375 0.053125000000000006 0.034375 0.034375
3 0.915625 0.23828125 0.043750000000000004 0.0578125
3 0.91328125 0.28750000000000003 0.0484375 0.065625
4 0.85859375 0.71875 0.0671875 0.12812500000000002
3 0.20859375000000002 0.6984375 0.1640625 0.109375
0 0.340625 0.5828125000000001 0.034375 0.053125000000000006
