4 0.8703125 0.54296875 0.065625 0.0859375
4 0.22031250000000002 0.521875 0.109375 0.08125
3 0.9453125 0.22109375 0.06875 0.09843750000000001
3 0.6117187500000001 0.940625 0.0859375 0.11875000000000001
3 0.44296875 0.33437500000000003 0.09531250000000001 0.078125
3 0.52109375 0.07968750000000001 0.06406250000000001 0.09062500000000001
3 0.384375 0.22265625 0.10312500000000001 0.0859375
3 0.35781250000000003 0.18203125 0.078125 0.0703125
3 0.33359375 0.06875 0.1046875 0.08125
3 0.29531250000000003 0.8609375 0.09062500000000001 0.06875
3 0.290625 0.8031250000000001 0.125 0.096875
3 0.27968750000000003 0.7523437500000001 0.11875000000000001 0.0921875
3 0.26328125 0.6218750000000001 0.1203125 0.09062500000000001
3 0.23515625 0.58046875 0.1171875 0.09531250000000001
3 0.1875 0.4921875 0.109375 0.084375
3 0.18281250000000002 0.43359375 0.115625 0.07968750000000001
3 0.15000000000000002 0.35546875 0.115625 0.08281250000000001
3 0.14765625000000002 0.31328125 0.11093750000000001 0.08281250000000001
3 0.12578125 0.27734375 0.11406250000000001 0.0765625
3 0.109375 0.234375 0.10312500000000001 0.078125
3 0.10312500000000001 0.1921875 0.10625000000000001 0.059375000000000004
3 0.12109375 0.08515625 0.1046875 0.0734375
3 0.14453125 0.039843750000000004 0.1046875 0.0734375
3 0.3453125 0.4546875 0.065625 0.109375
9 0.03359375 0.06875 0.026562500000000003 0.034375
9 0.32890625 0.1125 0.0328125 0.034375
9 0.37343750000000003 0.27968750000000003 0.043750000000000004 0.03125
9 0.10390625 0.43359375 0.0484375 0.029687500000000002
9 0.49296875 0.63046875 0.0484375 0.045312500000000006
9 0.58203125 0.6468750000000001 0.026562500000000003 0.05625
9 0.5320312500000001 0.69921875 0.0546875 0.0203125
9 0.5359375000000001 0.7234375000000001 0.053125000000000006 0.021875000000000002
9 0.6359375 0.70703125 0.021875000000000002 0.0546875
1 0.640625 0.70703125 0.03125 0.029687500000000002
0 0.59609375 0.7195312500000001 0.0171875 0.029687500000000002
0 0.6179687500000001 0.7312500000000001 0.0171875 0.025
0 0.596875 0.75546875 0.028125 0.026562500000000003
0 0.56796875 0.7406250000000001 0.0203125 0.028125
0 0.5921875 0.69453125 0.028125 0.0203125
0 0.5750000000000001 0.6875 0.021875000000000002 0.028125
0 0.5484375 0.6843750000000001 0.025 0.028125
0 0.07265625 0.6359375 0.0328125 0.028125
0 0.0890625 0.52890625 0.028125 0.0328125
0 0.89765625 0.2859375 0.0171875 0.034375
0 0.9148437500000001 0.2828125 0.0171875 0.034375
0 0.92890625 0.27734375 0.0171875 0.045312500000000006
0 0.1703125 0.92734375 0.034375 0.026562500000000003
0 0.0625 0.8921875 0.037500000000000006 0.028125
9 0.08671875000000001 0.8515625 0.026562500000000003 0.053125000000000006
9 0.055468750000000004 0.8703125 0.0171875 0.043750000000000004
