0 0.8406250000000001 0.17421875 0.0125 0.026562500000000003
0 0.93515625 0.46015625000000004 0.0171875 0.045312500000000006
0 0.9140625 0.546875 0.018750000000000003 0.043750000000000004
0 0.92890625 0.5453125 0.0140625 0.040625
2 0.97265625 0.6765625000000001 0.0390625 0.021875000000000002
0 0.03125 0.08671875000000001 0.009375000000000001 0.0203125
0 0.03359375 0.08828125 0.010937500000000001 0.0234375
0 0.10312500000000001 0.096875 0.00625 0.025
0 0.17500000000000002 0.09375 0.009375000000000001 0.025
0 0.19687500000000002 0.09843750000000001 0.00625 0.025
0 0.21250000000000002 0.09062500000000001 0.00625 0.028125
0 0.21953125 0.08671875000000001 0.010937500000000001 0.026562500000000003
0 0.22968750000000002 0.096875 0.009375000000000001 0.021875000000000002
0 0.22968750000000002 0.0921875 0.00625 0.025
0 0.23515625 0.08203125 0.010937500000000001 0.0234375
0 0.24531250000000002 0.07109375 0.009375000000000001 0.026562500000000003
0 0.24609375 0.07578125000000001 0.010937500000000001 0.0234375
0 0.2421875 0.08046875 0.009375000000000001 0.0203125
0 0.25078125 0.08203125 0.004687500000000001 0.0140625
0 0.25234375000000003 0.08750000000000001 0.0078125 0.018750000000000003
0 0.26328125 0.0921875 0.0078125 0.015625
0 0.26875 0.07578125000000001 0.015625 0.026562500000000003
0 0.27890625 0.08203125 0.010937500000000001 0.026562500000000003
0 0.2859375 0.07421875 0.009375000000000001 0.0234375
0 0.0484375 0.030468750000000003 0.00625 0.0203125
0 0.05390625 0.02734375 0.010937500000000001 0.026562500000000003
1 0.053125000000000006 0.03515625 0.00625 0.0078125
0 0.065625 0.030468750000000003 0.00625 0.0234375
0 0.06015625 0.022656250000000003 0.010937500000000001 0.0203125
0 0.1078125 0.015625 0.009375000000000001 0.028125
0 0.13203125000000002 0.04453125 0.010937500000000001 0.026562500000000003
0 0.13125 0.041406250000000006 0.0125 0.026562500000000003
0 0.34375 0.07421875 0.009375000000000001 0.026562500000000003
0 0.35468750000000004 0.08671875000000001 0.00625 0.0234375
0 0.19687500000000002 0.025781250000000002 0.009375000000000001 0.0171875
0 0.20390625 0.021875000000000002 0.010937500000000001 0.021875000000000002
0 0.234375 0.0171875 0.009375000000000001 0.028125
0 0.234375 0.021875000000000002 0.015625 0.025
0 0.29531250000000003 0.0125 0.00625 0.025
0 0.3125 0.02734375 0.015625 0.026562500000000003
0 0.31328125 0.02421875 0.010937500000000001 0.026562500000000003
0 0.38984375000000004 0.08515625 0.0078125 0.029687500000000002
0 0.40078125000000003 0.07578125000000001 0.0078125 0.0234375
0 0.4375 0.08359375000000001 0.00625 0.0328125
0 0.4265625 0.09062500000000001 0.00625 0.025
0 0.4375 0.08984375 0.00625 0.0234375
0 0.4421875 0.0171875 0.00625 0.025
0 0.46015625000000004 0.0234375 0.010937500000000001 0.025
0 0.39453125 0.0140625 0.010937500000000001 0.015625
