0 0.3015625 0.07968750000000001 0.0125 0.034375
0 0.32265625000000003 0.0703125 0.010937500000000001 0.015625
0 0.33437500000000003 0.10546875 0.015625 0.035937500000000004
0 0.34609375000000003 0.1046875 0.0140625 0.03125
0 0.32265625000000003 0.4140625 0.010937500000000001 0.034375
0 0.33359375 0.421875 0.0171875 0.034375
0 0.46484375 0.31953125000000004 0.0171875 0.026562500000000003
0 0.49765625 0.35546875 0.010937500000000001 0.026562500000000003
0 0.26328125 0.30546875 0.0203125 0.0171875
0 0.290625 0.22890625 0.0125 0.029687500000000002
0 0.30546875 0.22968750000000002 0.010937500000000001 0.028125
0 0.32421875 0.22968750000000002 0.010937500000000001 0.028125
0 0.328125 0.22578125000000002 0.009375000000000001 0.0328125
0 0.2515625 0.80390625 0.021875000000000002 0.0484375
0 0.34296875000000004 0.84921875 0.0140625 0.026562500000000003
1 0.63046875 0.83515625 0.0390625 0.0328125
1 0.6453125000000001 0.8210937500000001 0.021875000000000002 0.0328125
1 0.6351562500000001 0.5398437500000001 0.026562500000000003 0.0203125
0 0.73203125 0.5320312500000001 0.0171875 0.0421875
1 0.5359375000000001 0.10312500000000001 0.015625 0.018750000000000003
1 0.5515625000000001 0.1078125 0.015625 0.015625
0 0.56953125 0.07500000000000001 0.0140625 0.028125
1 0.4390625 0.09296875 0.034375 0.010937500000000001
1 0.4375 0.07890625000000001 0.015625 0.0171875
