5 0.27187500000000003 0.80390625 0.065625 0.1171875
5 0.3671875 0.7796875000000001 0.11875000000000001 0.19687500000000002
5 0.16953125000000002 0.42734375 0.026562500000000003 0.045312500000000006
4 0.19687500000000002 0.4921875 0.028125 0.046875
5 0.23671875 0.509375 0.035937500000000004 0.053125000000000006
3 0.47187500000000004 0.48359375000000004 0.018750000000000003 0.0203125
0 0.153125 0.49296875 0.00625 0.0203125
0 0.15390625000000002 0.5421875 0.0078125 0.021875000000000002
0 0.1640625 0.5421875 0.00625 0.025
1 0.18515625000000002 0.5453125 0.010937500000000001 0.018750000000000003
1 0.20859375000000002 0.534375 0.010937500000000001 0.021875000000000002
9 0.20703125 0.5421875 0.010937500000000001 0.015625
9 0.184375 0.55078125 0.009375000000000001 0.0171875
5 0.14765625000000002 0.33828125000000003 0.0171875 0.0328125
5 0.15390625000000002 0.33203125 0.0171875 0.035937500000000004
5 0.3984375 0.36171875000000003 0.015625 0.0234375
8 0.39296875000000003 0.34921875 0.09531250000000001 0.026562500000000003
