0 0.045312500000000006 0.8296875 0.018750000000000003 0.0625
0 0.03125 0.8203125 0.021875000000000002 0.065625
0 0.0203125 0.8 0.018750000000000003 0.05625
0 0.09921875000000001 0.6976562500000001 0.0203125 0.06406250000000001
0 0.1640625 0.5906250000000001 0.015625 0.053125000000000006
0 0.4375 0.43125 0.009375000000000001 0.028125
0 0.42578125 0.43046875 0.010937500000000001 0.0234375
0 0.38359375 0.41328125000000004 0.010937500000000001 0.0234375
0 0.37578125 0.39375000000000004 0.0078125 0.025
0 0.43593750000000003 0.39453125 0.009375000000000001 0.026562500000000003
0 0.59609375 0.44765625000000003 0.010937500000000001 0.029687500000000002
0 0.5921875 0.3984375 0.009375000000000001 0.025
0 0.8296875 0.32890625 0.00625 0.0140625
1 0.8640625000000001 0.31953125000000004 0.00625 0.0078125
2 0.8640625000000001 0.32421875 0.00625 0.0078125
0 0.7820312500000001 0.31093750000000003 0.004687500000000001 0.0125
0 0.7757812500000001 0.30781250000000004 0.004687500000000001 0.0125
0 0.77109375 0.32421875 0.004687500000000001 0.0171875
0 0.7640625000000001 0.32343750000000004 0.00625 0.015625
0 0.9125000000000001 0.25 0.003125 0.0125
3 0.29531250000000003 0.9226562500000001 0.203125 0.1046875
3 0.36484375 0.8031250000000001 0.1609375 0.09062500000000001
3 0.40859375000000003 0.75546875 0.15781250000000002 0.09843750000000001
3 0.4109375 0.721875 0.15625 0.065625
3 0.46953125 0.70078125 0.1421875 0.060937500000000006
3 0.46953125 0.6328125 0.1265625 0.05625
3 0.4859375 0.6109375 0.12812500000000002 0.05
8 0.47187500000000004 0.56171875 0.13125 0.0734375
3 0.328125 0.55 0.109375 0.053125000000000006
3 0.23046875 0.53671875 0.0703125 0.045312500000000006
3 0.1703125 0.52890625 0.065625 0.035937500000000004
3 0.5578125 0.534375 0.09375 0.043750000000000004
5 0.54609375 0.5078125 0.08281250000000001 0.053125000000000006
3 0.5640625 0.4921875 0.078125 0.037500000000000006
3 0.6507812500000001 0.51796875 0.09843750000000001 0.0390625
3 0.37109375 0.47890625000000003 0.0859375 0.0390625
3 0.30234375 0.49296875 0.08281250000000001 0.0328125
3 0.22031250000000002 0.496875 0.09062500000000001 0.037500000000000006
3 0.16953125000000002 0.45937500000000003 0.0765625 0.03125
4 0.17578125 0.4421875 0.0703125 0.034375
3 0.043750000000000004 0.3984375 0.043750000000000004 0.025
3 0.08750000000000001 0.40546875000000004 0.043750000000000004 0.026562500000000003
3 0.1265625 0.40625 0.043750000000000004 0.025
3 0.1546875 0.40937500000000004 0.043750000000000004 0.025
3 0.1921875 0.4140625 0.043750000000000004 0.025
3 0.22968750000000002 0.41875 0.043750000000000004 0.025
3 0.27421875 0.41875 0.0484375 0.028125
3 0.40937500000000004 0.44765625000000003 0.046875 0.0328125
3 0.45390625 0.446875 0.045312500000000006 0.028125
3 0.50390625 0.446875 0.045312500000000006 0.028125
3 0.5421875 0.44296875 0.043750000000000004 0.029687500000000002
3 0.56484375 0.43828125 0.045312500000000006 0.029687500000000002
5 0.6234375000000001 0.43515625 0.065625 0.035937500000000004
3 0.62265625 0.42265625 0.0671875 0.0234375
0 0.5359375000000001 0.40703125 0.009375000000000001 0.0234375
3 0.54609375 0.39375000000000004 0.06406250000000001 0.021875000000000002
3 0.5578125 0.38593750000000004 0.053125000000000006 0.025
3 0.56875 0.37265625 0.037500000000000006 0.0203125
4 0.5796875 0.36484375 0.05 0.0234375
5 0.596875 0.3515625 0.06875 0.034375
3 0.7156250000000001 0.36796875 0.05 0.0140625
3 0.7210937500000001 0.37343750000000003 0.035937500000000004 0.015625
3 0.70625 0.37734375000000003 0.046875 0.0171875
3 0.7445312500000001 0.28359375000000003 0.0328125 0.0140625
3 0.6984375 0.40078125000000003 0.053125000000000006 0.0203125
3 0.6960937500000001 0.41015625 0.045312500000000006 0.0234375
3 0.6726562500000001 0.41328125000000004 0.06406250000000001 0.029687500000000002
3 0.70078125 0.28359375000000003 0.0171875 0.010937500000000001
5 0.7828125 0.2828125 0.021875000000000002 0.0125
5 0.78671875 0.275 0.026562500000000003 0.015625
3 0.8250000000000001 0.26640625 0.009375000000000001 0.0078125
3 0.84296875 0.2578125 0.0078125 0.00625
3 0.8539062500000001 0.25859375 0.0078125 0.0078125
4 0.8375 0.27890625 0.00625 0.0078125
3 0.8421875000000001 0.290625 0.009375000000000001 0.009375000000000001
3 0.8601562500000001 0.27421875 0.0078125 0.0078125
3 0.8625 0.28359375000000003 0.009375000000000001 0.0078125
4 0.86484375 0.29140625000000003 0.010937500000000001 0.0140625
3 0.84765625 0.29531250000000003 0.010937500000000001 0.009375000000000001
3 0.8601562500000001 0.30390625000000004 0.0140625 0.010937500000000001
3 0.82578125 0.30234375 0.0171875 0.010937500000000001
3 0.80859375 0.2984375 0.010937500000000001 0.009375000000000001
3 0.9015625 0.290625 0.028125 0.0125
3 0.9085937500000001 0.28671875 0.026562500000000003 0.0078125
3 0.9007812500000001 0.28671875 0.0203125 0.010937500000000001
3 0.8765625 0.32343750000000004 0.015625 0.0125
3 0.85703125 0.328125 0.0234375 0.0125
3 0.815625 0.33984375 0.018750000000000003 0.0171875
3 0.8539062500000001 0.34921875 0.0171875 0.0140625
3 0.8796875000000001 0.384375 0.025 0.018750000000000003
3 0.79453125 0.3515625 0.0203125 0.018750000000000003
3 0.7828125 0.36875 0.021875000000000002 0.025
3 0.7312500000000001 0.46328125000000003 0.034375 0.0328125
3 0.7765625 0.46328125000000003 0.037500000000000006 0.0328125
3 0.8203125 0.46015625000000004 0.034375 0.0390625
3 0.8 0.5164062500000001 0.096875 0.0328125
3 0.8367187500000001 0.55 0.1046875 0.040625
3 0.765625 0.71015625 0.078125 0.0921875
3 0.90390625 0.6890625 0.06406250000000001 0.07500000000000001
3 0.92578125 0.80390625 0.0765625 0.0890625
