3 0.1 0.721875 0.08750000000000001 0.034375
3 0.0890625 0.675 0.07500000000000001 0.034375
3 0.234375 0.66171875 0.078125 0.029687500000000002
3 0.22578125000000002 0.71640625 0.08281250000000001 0.0390625
3 0.41796875 0.7156250000000001 0.0859375 0.03125
5 0.453125 0.66171875 0.08125 0.029687500000000002
3 0.56015625 0.71015625 0.0765625 0.0328125
5 0.65625 0.6609375000000001 0.125 0.043750000000000004
3 0.8304687500000001 0.65390625 0.0890625 0.0328125
8 0.8773437500000001 0.71015625 0.2171875 0.045312500000000006
