1 0.39296875000000003 0.078125 0.026562500000000003 0.037500000000000006
1 0.75703125 0.184375 0.0171875 0.034375
1 0.7734375 0.18359375 0.021875000000000002 0.0390625
1 0.9695312500000001 0.171875 0.0234375 0.046875
9 0.3953125 0.09375 0.046875 0.046875
9 0.7828125 0.209375 0.065625 0.025
0 0.7609375 0.43828125 0.037500000000000006 0.060937500000000006
0 0.8367187500000001 0.37265625 0.029687500000000002 0.0734375
0 0.74375 0.41015625 0.028125 0.0703125
1 0.209375 0.33671875 0.043750000000000004 0.045312500000000006
9 0.21796875000000002 0.35703125 0.09843750000000001 0.0421875
9 0.5750000000000001 0.55390625 0.096875 0.051562500000000004
1 0.5640625 0.53359375 0.037500000000000006 0.0703125
2 0.8203125 0.5875 0.08750000000000001 0.05625
