3 0.74375 0.94296875 0.03125 0.035937500000000004
3 0.75 0.9812500000000001 0.05 0.037500000000000006
3 0.78125 0.94296875 0.05625 0.045312500000000006
3 0.80859375 0.8984375 0.045312500000000006 0.040625
3 0.8265625000000001 0.87421875 0.043750000000000004 0.0328125
3 0.9625 0.9234375 0.05 0.065625
3 0.8859375 0.9593750000000001 0.043750000000000004 0.05625
3 0.93515625 0.9070312500000001 0.045312500000000006 0.0578125
3 0.9617187500000001 0.85703125 0.0328125 0.0421875
3 0.93125 0.8578125000000001 0.028125 0.040625
3 0.953125 0.8171875000000001 0.028125 0.040625
3 0.90390625 0.8671875 0.029687500000000002 0.040625
3 0.925 0.8328125000000001 0.028125 0.040625
3 0.9078125 0.9031250000000001 0.028125 0.040625
8 0.8601562500000001 0.9203125000000001 0.0859375 0.10625000000000001
3 0.94140625 0.7976562500000001 0.0234375 0.035937500000000004
3 0.9695312500000001 0.7468750000000001 0.0203125 0.025
3 0.9859375 0.74375 0.021875000000000002 0.037500000000000006
8 0.9640625 0.78046875 0.040625 0.051562500000000004
4 0.9078125 0.7515625 0.05 0.034375
3 0.9695312500000001 0.6859375000000001 0.0328125 0.028125
3 0.96875 0.6609375000000001 0.028125 0.025
3 0.8609375 0.80859375 0.059375000000000004 0.045312500000000006
