3 0.13203125000000002 0.14921875 0.1078125 0.045312500000000006
3 0.25859375 0.15703125 0.1078125 0.0421875
0 0.49140625000000004 0.12421875 0.0203125 0.0421875
0 0.721875 0.13125 0.028125 0.043750000000000004
3 0.4546875 0.34921875 0.125 0.0734375
3 0.61875 0.2921875 0.13125 0.065625
8 0.6335937500000001 0.19375 0.27968750000000003 0.09062500000000001
8 0.5921875 0.415625 0.16875 0.065625
8 0.634375 0.37343750000000003 0.146875 0.0625
0 0.8203125 0.47968750000000004 0.040625 0.0625
9 0.5632812500000001 0.546875 0.0859375 0.040625
1 0.56875 0.53359375 0.021875000000000002 0.0546875
8 0.24140625000000002 0.5632812500000001 0.47968750000000004 0.2171875
3 0.246875 0.915625 0.246875 0.11875000000000001
3 0.33515625000000004 0.84140625 0.22968750000000002 0.11093750000000001
3 0.509375 0.7757812500000001 0.209375 0.11406250000000001
3 0.8046875 0.8 0.225 0.1125
3 0.8523437500000001 0.24296875 0.1046875 0.0484375
