0 0.203125 0.6890625 0.00625 0.0125
9 0.28984375 0.5789062500000001 0.0203125 0.0171875
9 0.30625 0.5375 0.021875000000000002 0.009375000000000001
9 0.2671875 0.54140625 0.0125 0.0171875
1 0.31015625 0.53671875 0.010937500000000001 0.0078125
1 0.26640625 0.5375 0.010937500000000001 0.009375000000000001
1 0.29609375 0.578125 0.010937500000000001 0.0125
3 0.05 0.51328125 0.0625 0.060937500000000006
3 0.078125 0.54609375 0.06875 0.0578125
3 0.13671875 0.45 0.060937500000000006 0.05625
3 0.16953125000000002 0.47968750000000004 0.0703125 0.0625
3 0.05625 0.43984375000000003 0.07500000000000001 0.060937500000000006
3 0.4 0.340625 0.07187500000000001 0.040625
3 0.27421875 0.340625 0.0671875 0.03125
3 0.19140625 0.2828125 0.0390625 0.06875
3 0.546875 0.15625 0.065625 0.037500000000000006
3 0.66796875 0.11953125 0.06406250000000001 0.045312500000000006
3 0.7117187500000001 0.02890625 0.0546875 0.051562500000000004
0 0.7445312500000001 0.171875 0.010937500000000001 0.0125
3 0.634375 0.484375 0.059375000000000004 0.065625
