0 0.19687500000000002 0.6078125000000001 0.015625 0.05
0 0.2015625 0.5953125 0.021875000000000002 0.05
1 0.13203125000000002 0.57421875 0.0203125 0.035937500000000004
9 0.13125 0.5828125000000001 0.028125 0.040625
0 0.23984375000000002 0.5546875 0.0171875 0.043750000000000004
0 0.234375 0.55 0.018750000000000003 0.040625
0 0.31875000000000003 0.5703125 0.028125 0.053125000000000006
0 0.5750000000000001 0.5625 0.025 0.046875
0 0.61328125 0.51015625 0.026562500000000003 0.045312500000000006
0 0.7046875 0.6492187500000001 0.040625 0.051562500000000004
0 0.7289062500000001 0.6609375000000001 0.035937500000000004 0.05625
0 0.7664062500000001 0.6328125 0.0390625 0.05625
0 0.77109375 0.5671875000000001 0.0328125 0.053125000000000006
0 0.82578125 0.603125 0.0328125 0.05625
0 0.83125 0.71015625 0.034375 0.0578125
0 0.89765625 0.60859375 0.035937500000000004 0.0546875
0 0.796875 0.57578125 0.025 0.051562500000000004
0 0.8140625 0.5906250000000001 0.028125 0.05625
0 0.8148437500000001 0.5710937500000001 0.0234375 0.0484375
0 0.7601562500000001 0.51796875 0.0328125 0.0421875
0 0.79296875 0.52265625 0.026562500000000003 0.045312500000000006
0 0.80234375 0.52578125 0.029687500000000002 0.045312500000000006
0 0.9070312500000001 0.63671875 0.0390625 0.0578125
0 0.9242187500000001 0.625 0.0328125 0.053125000000000006
0 0.8523437500000001 0.73046875 0.0421875 0.0578125
0 0.853125 0.7195312500000001 0.037500000000000006 0.0578125
0 0.87109375 0.7140625 0.035937500000000004 0.053125000000000006
0 0.91171875 0.7273437500000001 0.035937500000000004 0.0578125
0 0.9625 0.6937500000000001 0.037500000000000006 0.053125000000000006
0 0.978125 0.696875 0.037500000000000006 0.053125000000000006
0 0.84375 0.64453125 0.037500000000000006 0.0484375
0 0.8695312500000001 0.62109375 0.0328125 0.0578125
0 0.95703125 0.5671875000000001 0.0328125 0.05
0 0.9460937500000001 0.56171875 0.0328125 0.0484375
0 0.9578125000000001 0.534375 0.03125 0.053125000000000006
0 0.97421875 0.54296875 0.0328125 0.0546875
0 0.66015625 0.12734375 0.0171875 0.029687500000000002
0 0.6726562500000001 0.12421875 0.0171875 0.0328125
0 0.71796875 0.11640625 0.0171875 0.029687500000000002
0 0.7273437500000001 0.11640625 0.010937500000000001 0.0328125
0 0.6492187500000001 0.07500000000000001 0.0140625 0.034375
0 0.7039062500000001 0.0625 0.010937500000000001 0.025
0 0.61875 0.06171875 0.015625 0.0203125
