3 0.2921875 0.08281250000000001 0.046875 0.025
4 0.44765625000000003 0.7468750000000001 0.0578125 0.03125
3 0.321875 0.66328125 0.06875 0.029687500000000002
3 0.325 0.6273437500000001 0.0625 0.029687500000000002
3 0.33984375 0.5945312500000001 0.0671875 0.0328125
3 0.34921875 0.553125 0.0671875 0.025
3 0.35468750000000004 0.5171875 0.059375000000000004 0.025
3 0.36171875000000003 0.078125 0.0421875 0.021875000000000002
4 0.690625 0.14375000000000002 0.037500000000000006 0.021875000000000002
3 0.8 0.29531250000000003 0.053125000000000006 0.025
3 0.80625 0.38906250000000003 0.025 0.05625
3 0.8367187500000001 0.38671875 0.0234375 0.0546875
3 0.8382812500000001 0.43515625 0.0546875 0.026562500000000003
3 0.8328125000000001 0.46406250000000004 0.043750000000000004 0.025
3 0.83125 0.496875 0.053125000000000006 0.025
4 0.83125 0.565625 0.05 0.025
3 0.82734375 0.6023437500000001 0.0546875 0.0234375
3 0.6937500000000001 0.7992187500000001 0.0625 0.0328125
3 0.6843750000000001 0.8375 0.065625 0.037500000000000006
3 0.6859375000000001 0.87890625 0.06875 0.0328125
3 0.728125 0.9015625 0.037500000000000006 0.07500000000000001
3 0.91328125 0.37421875000000004 0.045312500000000006 0.045312500000000006
3 0.925 0.29921875000000003 0.05 0.0203125
3 0.9296875 0.20468750000000002 0.05 0.025
3 0.92578125 0.1390625 0.045312500000000006 0.025
3 0.9296875 0.11484375000000001 0.053125000000000006 0.0234375
3 0.94140625 0.0703125 0.045312500000000006 0.025
3 0.925 0.029687500000000002 0.05 0.025
