3 0.48750000000000004 0.49296875 0.1375 0.15156250000000002
3 0.64765625 0.5546875 0.1328125 0.15625
3 0.42734375 0.76484375 0.1859375 0.1234375
3 0.7117187500000001 0.16015625 0.1265625 0.1484375
3 0.42265625 0.041406250000000006 0.13593750000000002 0.07968750000000001
3 0.246875 0.38125000000000003 0.15937500000000002 0.15625
3 0.15859375 0.353125 0.15156250000000002 0.15625
3 0.09765625 0.2921875 0.15156250000000002 0.15000000000000002
0 0.49296875 0.30390625000000004 0.0328125 0.0421875
0 0.9796875 0.52578125 0.028125 0.035937500000000004
2 0.8367187500000001 0.20468750000000002 0.0390625 0.05
