0 0.10859375 0.71875 0.0421875 0.109375
0 0.58984375 0.54140625 0.035937500000000004 0.0734375
1 0.46484375 0.52890625 0.0203125 0.0390625
7 0.43984375000000003 0.54609375 0.1046875 0.0578125
4 0.12578125 0.6203125 0.2484375 0.12187500000000001
3 0.3515625 0.54140625 0.171875 0.0703125
3 0.33984375 0.5164062500000001 0.1484375 0.0578125
3 0.1703125 0.5281250000000001 0.19062500000000002 0.07500000000000001
3 0.17500000000000002 0.484375 0.1625 0.05625
3 0.296875 0.4765625 0.140625 0.053125000000000006
3 0.12109375 0.47968750000000004 0.1203125 0.053125000000000006
3 0.41484375 0.46718750000000003 0.1328125 0.059375000000000004
3 0.44453125000000004 0.434375 0.1078125 0.043750000000000004
3 0.59765625 0.4296875 0.11406250000000001 0.05
3 0.7390625000000001 0.42578125 0.09375 0.0421875
3 0.64609375 0.403125 0.0890625 0.037500000000000006
3 0.6117187500000001 0.39296875000000003 0.07968750000000001 0.0390625
3 0.690625 0.38593750000000004 0.07187500000000001 0.034375
3 0.8328125000000001 0.37265625 0.06875 0.0328125
3 0.9703125 0.36875 0.059375000000000004 0.028125
3 0.8054687500000001 0.36562500000000003 0.060937500000000006 0.034375
3 0.9031250000000001 0.35234375 0.05625 0.0328125
3 0.88203125 0.340625 0.045312500000000006 0.025
3 0.9242187500000001 0.34453125 0.0421875 0.0203125
3 0.9789062500000001 0.328125 0.0421875 0.025
