3 0.5203125000000001 0.47187500000000004 0.19687500000000002 0.10312500000000001
3 0.11484375000000001 0.52109375 0.21406250000000002 0.13593750000000002
3 0.0390625 0.1390625 0.07500000000000001 0.053125000000000006
3 0.16953125000000002 0.15937500000000002 0.0765625 0.059375000000000004
4 0.35546875 0.19687500000000002 0.0703125 0.06875
9 0.25859375 0.184375 0.029687500000000002 0.03125
2 0.2390625 0.18125000000000002 0.021875000000000002 0.03125
2 0.2015625 0.1765625 0.037500000000000006 0.028125
5 0.52578125 0.24609375 0.2078125 0.0890625
1 0.5921875 0.36796875 0.034375 0.045312500000000006
9 0.5906250000000001 0.37812500000000004 0.065625 0.043750000000000004
3 0.84140625 0.27187500000000003 0.06406250000000001 0.065625
3 0.93359375 0.16484375 0.11093750000000001 0.0390625
4 0.9359375000000001 0.12812500000000002 0.1125 0.037500000000000006
3 0.9304687500000001 0.09765625 0.0859375 0.0328125
3 0.93515625 0.14765625000000002 0.0890625 0.035937500000000004
3 0.92890625 0.0890625 0.0859375 0.034375
3 0.9296875 0.078125 0.08125 0.037500000000000006
3 0.9304687500000001 0.06953125 0.0765625 0.035937500000000004
3 0.9281250000000001 0.040625 0.07500000000000001 0.034375
4 0.92890625 0.053125000000000006 0.0765625 0.03125
3 0.7984375 0.053125000000000006 0.034375 0.028125
3 0.815625 0.025781250000000002 0.021875000000000002 0.0203125
