3 0.72421875 0.75546875 0.2390625 0.1921875
3 0.8367187500000001 0.84140625 0.22968750000000002 0.1796875
6 0.76171875 0.2015625 0.1609375 0.09062500000000001
3 0.5906250000000001 0.29609375 0.203125 0.1546875
3 0.33437500000000003 0.44296875 0.184375 0.15156250000000002
3 0.13203125000000002 0.58359375 0.22968750000000002 0.15156250000000002
3 0.08984375 0.13203125000000002 0.09843750000000001 0.08281250000000001
3 0.21484375 0.030468750000000003 0.1609375 0.0578125
0 0.6453125000000001 0.16015625 0.025 0.045312500000000006
0 0.66796875 0.14765625000000002 0.026562500000000003 0.0421875
0 0.69453125 0.1484375 0.035937500000000004 0.05625
0 0.48203125 0.07890625000000001 0.026562500000000003 0.0421875
1 0.509375 0.08203125 0.028125 0.029687500000000002
1 0.60859375 0.41484375 0.0578125 0.029687500000000002
9 0.6015625 0.446875 0.09375 0.034375
