3 0.44296875 0.6429687500000001 0.0421875 0.0734375
3 0.5046875000000001 0.6890625 0.03125 0.053125000000000006
3 0.53046875 0.696875 0.0328125 0.053125000000000006
3 0.58515625 0.7250000000000001 0.0328125 0.059375000000000004
3 0.6898437500000001 0.790625 0.035937500000000004 0.0625
3 0.75546875 0.4421875 0.026562500000000003 0.040625
3 0.8109375000000001 0.46015625000000004 0.025 0.045312500000000006
3 0.8 0.8445312500000001 0.037500000000000006 0.045312500000000006
3 0.6875 0.54140625 0.059375000000000004 0.045312500000000006
5 0.634375 0.5 0.05 0.0625
