3 0.81953125 0.92890625 0.1046875 0.051562500000000004
4 0.7578125 0.88203125 0.10312500000000001 0.0671875
3 0.6390625000000001 0.9148437500000001 0.07500000000000001 0.0734375
3 0.2984375 0.93359375 0.065625 0.0703125
3 0.68125 0.8140625 0.10312500000000001 0.046875
3 0.6531250000000001 0.78828125 0.1 0.0484375
3 0.49921875000000004 0.72265625 0.0546875 0.0484375
3 0.44765625000000003 0.68515625 0.0484375 0.06406250000000001
3 0.375 0.7156250000000001 0.09375 0.034375
3 0.384375 0.74375 0.109375 0.05
0 0.28671875 0.7273437500000001 0.0171875 0.035937500000000004
2 0.2828125 0.7578125 0.025 0.028125
4 0.55390625 0.659375 0.1046875 0.05625
3 0.56875 0.6898437500000001 0.09375 0.0421875
3 0.5953125 0.7109375 0.096875 0.043750000000000004
4 0.625 0.6312500000000001 0.05 0.0625
3 0.6640625 0.62890625 0.053125000000000006 0.0484375
3 0.73203125 0.6195312500000001 0.0578125 0.06406250000000001
3 0.78671875 0.61484375 0.051562500000000004 0.0546875
3 0.7640625000000001 0.6578125 0.08125 0.046875
3 0.69453125 0.6664062500000001 0.0765625 0.0578125
3 0.74765625 0.7835937500000001 0.0703125 0.060937500000000006
3 0.79453125 0.7156250000000001 0.08281250000000001 0.05
0 0.7671875 0.9828125000000001 0.015625 0.034375
3 0.62265625 0.53515625 0.0890625 0.035937500000000004
3 0.59140625 0.50234375 0.0765625 0.0390625
3 0.48828125 0.46953125 0.0859375 0.035937500000000004
9 0.49296875 0.45078125 0.0328125 0.0234375
3 0.3375 0.5359375000000001 0.096875 0.046875
6 0.3453125 0.6898437500000001 0.059375000000000004 0.0328125
0 0.2328125 0.66171875 0.009375000000000001 0.029687500000000002
0 0.2421875 0.659375 0.0125 0.034375
0 0.15859375 0.66171875 0.0171875 0.0328125
9 0.15781250000000002 0.6664062500000001 0.015625 0.029687500000000002
2 0.16484375 0.52109375 0.0328125 0.0203125
3 0.0390625 0.6218750000000001 0.053125000000000006 0.05
3 0.23203125000000002 0.34296875000000004 0.0703125 0.0390625
3 0.2328125 0.371875 0.059375000000000004 0.037500000000000006
4 0.259375 0.40390625 0.084375 0.0578125
