3 0.42812500000000003 0.01640625 0.015625 0.0203125
3 0.42578125 0.06640625 0.0171875 0.0171875
3 0.42500000000000004 0.31171875000000004 0.034375 0.035937500000000004
3 0.31015625 0.2671875 0.06406250000000001 0.025
3 0.23046875 0.37031250000000004 0.0578125 0.025
3 0.4265625 0.12890625 0.021875000000000002 0.0234375
3 0.42578125 0.2109375 0.026562500000000003 0.025
3 0.42578125 0.25546875 0.0203125 0.026562500000000003
8 0.42265625 0.36875 0.026562500000000003 0.03125
8 0.42265625 0.39765625000000004 0.029687500000000002 0.035937500000000004
9 0.44921875 0.1234375 0.010937500000000001 0.015625
9 0.46015625000000004 0.27968750000000003 0.010937500000000001 0.025
1 0.44843750000000004 0.1203125 0.00625 0.0125
1 0.45937500000000003 0.275 0.00625 0.0125
9 0.47109375000000003 0.021875000000000002 0.0234375 0.0125
1 0.47421875 0.0171875 0.0078125 0.0125
3 0.30781250000000004 0.27968750000000003 0.0625 0.025
3 0.30781250000000004 0.31328125 0.06875 0.0234375
3 0.23515625 0.390625 0.06406250000000001 0.028125
3 0.42578125 0.434375 0.0328125 0.040625
3 0.2734375 0.49375 0.08125 0.037500000000000006
0 0.46015625000000004 0.48125 0.010937500000000001 0.025
3 0.24453125 0.76328125 0.0171875 0.0328125
3 0.26328125 0.6039062500000001 0.0171875 0.035937500000000004
9 0.46328125000000003 0.6046875 0.010937500000000001 0.021875000000000002
1 0.46328125000000003 0.59921875 0.0078125 0.0078125
3 0.45546875000000003 0.8289062500000001 0.0390625 0.0484375
3 0.43828125 0.7562500000000001 0.0328125 0.037500000000000006
3 0.7046875 0.9109375000000001 0.05625 0.09062500000000001
3 0.67890625 0.8132812500000001 0.0546875 0.08281250000000001
3 0.6570312500000001 0.7296875 0.051562500000000004 0.07187500000000001
3 0.75390625 0.5828125000000001 0.0484375 0.05
3 0.640625 0.26015625000000003 0.028125 0.0328125
4 0.8539062500000001 0.43515625 0.0421875 0.045312500000000006
3 0.8031250000000001 0.33671875 0.037500000000000006 0.0328125
3 0.8210937500000001 0.37421875000000004 0.0328125 0.029687500000000002
3 0.7914062500000001 0.30078125 0.029687500000000002 0.0328125
4 0.7203125 0.15156250000000002 0.021875000000000002 0.034375
3 0.67890625 0.07890625000000001 0.0171875 0.0234375
3 0.6671875 0.05390625 0.021875000000000002 0.0171875
3 0.6546875000000001 0.025781250000000002 0.018750000000000003 0.0203125
9 0.65546875 0.07109375 0.0078125 0.0171875
1 0.65625 0.06640625 0.00625 0.0078125
3 0.7859375000000001 0.14453125 0.028125 0.029687500000000002
