3 0.09843750000000001 0.70234375 0.03125 0.06406250000000001
3 0.21875 0.96484375 0.028125 0.0671875
3 0.21406250000000002 0.68125 0.028125 0.06875
3 0.978125 0.815625 0.043750000000000004 0.07187500000000001
4 0.940625 0.7250000000000001 0.043750000000000004 0.06875
8 0.90625 0.60546875 0.065625 0.11093750000000001
3 0.859375 0.46406250000000004 0.043750000000000004 0.07187500000000001
1 0.8359375 0.03125 0.015625 0.0125
4 0.13515625 0.015625 0.0234375 0.03125
3 0.1859375 0.0625 0.028125 0.059375000000000004
3 0.19843750000000002 0.20625000000000002 0.028125 0.0625
4 0.11484375000000001 0.33125000000000004 0.026562500000000003 0.053125000000000006
8 0.4703125 0.46640625 0.07500000000000001 0.1765625
4 0.17421875 0.5359375000000001 0.026562500000000003 0.059375000000000004
4 0.21328125 0.48828125 0.026562500000000003 0.060937500000000006
3 0.32421875 0.5125000000000001 0.026562500000000003 0.065625
