0 0.178125 0.7250000000000001 0.05625 0.1125
0 0.08671875000000001 0.6078125000000001 0.0484375 0.09062500000000001
0 0.2890625 0.33125000000000004 0.040625 0.09375
1 0.62421875 0.29375 0.0484375 0.084375
1 0.65390625 0.2890625 0.0328125 0.065625
9 0.6195312500000001 0.3125 0.0765625 0.07500000000000001
9 0.3953125 0.15781250000000002 0.05625 0.06875
0 0.09921875000000001 0.10859375 0.0203125 0.0578125
0 0.14609375 0.1015625 0.029687500000000002 0.078125
1 0.38359375 0.0625 0.0421875 0.065625
1 0.37734375000000003 0.03359375 0.0328125 0.051562500000000004
0 0.8054687500000001 0.32656250000000003 0.0546875 0.084375
