4 0.8304687500000001 0.8343750000000001 0.2671875 0.184375
3 0.32656250000000003 0.8203125 0.20625000000000002 0.153125
3 0.5578125 0.73203125 0.21250000000000002 0.1328125
4 0.78125 0.6531250000000001 0.246875 0.1375
3 0.09921875000000001 0.7468750000000001 0.11406250000000001 0.17500000000000002
3 0.22968750000000002 0.6898437500000001 0.10312500000000001 0.17343750000000002
3 0.3609375 0.6664062500000001 0.096875 0.1484375
3 0.46640625 0.62421875 0.09843750000000001 0.13593750000000002
3 0.5921875 0.60078125 0.10312500000000001 0.1296875
3 0.24531250000000002 0.5328125 0.15625 0.1
3 0.47578125000000004 0.47265625 0.1703125 0.09531250000000001
3 0.61328125 0.4265625 0.15781250000000002 0.09375
3 0.6937500000000001 0.5625 0.10625000000000001 0.13125
3 0.79296875 0.53515625 0.0921875 0.11093750000000001
3 0.8953125000000001 0.5125000000000001 0.12187500000000001 0.115625
0 0.95703125 0.6609375000000001 0.0421875 0.078125
