3 0.8406250000000001 0.09843750000000001 0.059375000000000004 0.059375000000000004
3 0.72265625 0.40625 0.060937500000000006 0.040625
8 0.56796875 0.2609375 0.16718750000000002 0.115625
9 0.8 0.4546875 0.03125 0.018750000000000003
1 0.8046875 0.453125 0.0125 0.0125
4 0.88671875 0.48046875 0.060937500000000006 0.0484375
4 0.90234375 0.5515625000000001 0.06406250000000001 0.046875
3 0.9609375 0.60859375 0.059375000000000004 0.0421875
3 0.70625 0.6351562500000001 0.07187500000000001 0.051562500000000004
4 0.57578125 0.8984375 0.0734375 0.059375000000000004
4 0.234375 0.94453125 0.07187500000000001 0.0671875
9 0.29609375 0.80625 0.029687500000000002 0.028125
1 0.30078125 0.8015625000000001 0.0171875 0.018750000000000003
4 0.19765625 0.6531250000000001 0.0578125 0.053125000000000006
