3 0.8328125000000001 0.23046875 0.028125 0.035937500000000004
3 0.846875 0.2765625 0.03125 0.043750000000000004
3 0.815625 0.5398437500000001 0.034375 0.0484375
3 0.81015625 0.7117187500000001 0.0390625 0.060937500000000006
4 0.81953125 0.62265625 0.0390625 0.07968750000000001
4 0.8093750000000001 0.18515625000000002 0.043750000000000004 0.0484375
4 0.7296875 0.14453125 0.05625 0.026562500000000003
4 0.65546875 0.11953125 0.0546875 0.0390625
4 0.81640625 0.453125 0.0390625 0.065625
4 0.80625 0.8187500000000001 0.043750000000000004 0.09375
3 0.821875 0.39375000000000004 0.037500000000000006 0.043750000000000004
3 0.8265625000000001 0.33984375 0.034375 0.045312500000000006
