3 0.415625 0.846875 0.3875 0.14375000000000002
4 0.33906250000000004 0.734375 0.321875 0.146875
4 0.3765625 0.66953125 0.384375 0.1609375
3 0.08828125 0.60859375 0.1640625 0.18281250000000002
4 0.153125 0.43671875000000004 0.153125 0.17343750000000002
3 0.1203125 0.25546875 0.125 0.0859375
3 0.21328125 0.20234375000000002 0.09843750000000001 0.0734375
3 0.26796875000000003 0.15703125 0.11093750000000001 0.06406250000000001
3 0.09453125000000001 0.21015625000000002 0.1296875 0.0859375
0 0.01640625 0.1859375 0.026562500000000003 0.0625
3 0.09296875 0.11953125 0.11406250000000001 0.08281250000000001
3 0.17500000000000002 0.09140625000000001 0.109375 0.0578125
3 0.26640625 0.065625 0.0859375 0.053125000000000006
3 0.32265625000000003 0.03828125 0.0765625 0.051562500000000004
3 0.41718750000000004 0.065625 0.109375 0.07187500000000001
3 0.38984375000000004 0.02421875 0.08281250000000001 0.045312500000000006
3 0.55859375 0.13515625 0.09843750000000001 0.060937500000000006
3 0.60703125 0.1078125 0.0765625 0.08750000000000001
3 0.81953125 0.09531250000000001 0.1421875 0.053125000000000006
3 0.72265625 0.03671875 0.0921875 0.051562500000000004
