3 0.08359375000000001 0.35234375 0.051562500000000004 0.0578125
3 0.20703125 0.18359375 0.0578125 0.0734375
3 0.640625 0.03125 0.05625 0.053125000000000006
3 0.55 0.03359375 0.096875 0.0421875
3 0.57734375 0.06171875 0.09531250000000001 0.0421875
4 0.6531250000000001 0.12734375 0.09062500000000001 0.06406250000000001
3 0.7156250000000001 0.16796875 0.1 0.051562500000000004
3 0.540625 0.16015625 0.07187500000000001 0.0671875
3 0.59609375 0.23046875 0.07968750000000001 0.0734375
4 0.65546875 0.30546875 0.08281250000000001 0.1046875
3 0.7289062500000001 0.40156250000000004 0.08281250000000001 0.08750000000000001
3 0.7359375 0.23515625 0.065625 0.06406250000000001
3 0.7984375 0.31015625 0.084375 0.0859375
3 0.884375 0.40156250000000004 0.096875 0.08125
0 0.77265625 0.37343750000000003 0.0171875 0.028125
0 0.7820312500000001 0.36640625000000004 0.0203125 0.029687500000000002
3 0.8078125 0.47187500000000004 0.096875 0.059375000000000004
3 0.7210937500000001 0.6781250000000001 0.1421875 0.06875
3 0.7625000000000001 0.7367187500000001 0.153125 0.0765625
3 0.80859375 0.790625 0.1546875 0.084375
3 0.8718750000000001 0.68515625 0.15937500000000002 0.0765625
3 0.9328125 0.60546875 0.0625 0.09531250000000001
