3 0.7390625000000001 0.47968750000000004 0.043750000000000004 0.046875
4 0.19062500000000002 0.10390625 0.034375 0.0203125
4 0.20390625 0.33671875 0.0484375 0.029687500000000002
3 0.203125 0.321875 0.05 0.021875000000000002
3 0.2015625 0.309375 0.05625 0.025
5 0.22421875000000002 0.37890625 0.0765625 0.0484375
4 0.06640625 0.9640625 0.1078125 0.05
9 0.2578125 0.890625 0.0125 0.037500000000000006
9 0.29921875000000003 0.8125 0.0203125 0.040625
5 0.32734375000000004 0.87421875 0.060937500000000006 0.0734375
3 0.2859375 0.65234375 0.059375000000000004 0.0328125
3 0.27890625 0.6195312500000001 0.0703125 0.0328125
3 0.32265625000000003 0.45234375000000004 0.060937500000000006 0.029687500000000002
3 0.3171875 0.5375 0.037500000000000006 0.046875
3 0.35625 0.5296875 0.043750000000000004 0.05
3 0.2171875 0.43515625 0.065625 0.0328125
0 0.19140625 0.44765625000000003 0.010937500000000001 0.0203125
0 0.18984375 0.47968750000000004 0.010937500000000001 0.025
0 0.27890625 0.36640625000000004 0.010937500000000001 0.0234375
9 0.27187500000000003 0.3203125 0.025 0.018750000000000003
9 0.2578125 0.30000000000000004 0.021875000000000002 0.0125
5 0.04453125 0.3328125 0.0546875 0.03125
3 0.043750000000000004 0.31640625 0.05 0.0171875
3 0.04453125 0.30390625000000004 0.0546875 0.0171875
5 0.03359375 0.27265625 0.0484375 0.0234375
4 0.028125 0.25859375 0.040625 0.0203125
