3 0.7718750000000001 0.12187500000000001 0.08750000000000001 0.043750000000000004
3 0.8640625000000001 0.46484375 0.065625 0.09531250000000001
3 0.890625 0.5921875 0.065625 0.10625000000000001
3 0.92578125 0.77734375 0.08281250000000001 0.1453125
0 0.35546875 0.88046875 0.0234375 0.029687500000000002
0 0.24140625000000002 0.95703125 0.0328125 0.035937500000000004
0 0.6015625 0.628125 0.021875000000000002 0.037500000000000006
0 0.65234375 0.38828125 0.010937500000000001 0.035937500000000004
0 0.6570312500000001 0.37421875000000004 0.0171875 0.035937500000000004
0 0.67734375 0.19843750000000002 0.0171875 0.028125
0 0.6312500000000001 0.20703125 0.015625 0.035937500000000004
0 0.2890625 0.13359375 0.0125 0.0234375
0 0.28671875 0.12578125 0.0140625 0.026562500000000003
0 0.5320312500000001 0.0921875 0.010937500000000001 0.028125
0 0.61328125 0.20859375000000002 0.010937500000000001 0.0328125
3 0.95078125 0.940625 0.0765625 0.11875000000000001
0 0.6015625 0.6218750000000001 0.015625 0.018750000000000003
