3 0.42734375 0.775 0.0546875 0.06875
3 0.4703125 0.7054687500000001 0.05 0.0578125
4 0.68359375 0.61328125 0.0546875 0.060937500000000006
3 0.5296875 0.40703125 0.037500000000000006 0.029687500000000002
3 0.13046875 0.3359375 0.026562500000000003 0.018750000000000003
3 0.209375 0.3296875 0.028125 0.021875000000000002
3 0.284375 0.32656250000000003 0.021875000000000002 0.018750000000000003
3 0.415625 0.32343750000000004 0.028125 0.025
4 0.25234375000000003 0.2828125 0.0234375 0.028125
9 0.8093750000000001 0.30234375 0.015625 0.0171875
1 0.81015625 0.2984375 0.010937500000000001 0.015625
3 0.13671875 0.278125 0.026562500000000003 0.018750000000000003
3 0.51953125 0.1078125 0.0203125 0.0125
3 0.6414062500000001 0.07265625 0.0171875 0.010937500000000001
5 0.7375 0.18203125 0.059375000000000004 0.0234375
3 0.7875000000000001 0.18984375 0.021875000000000002 0.0171875
5 0.69921875 0.0625 0.026562500000000003 0.015625
