3 0.6546875000000001 0.328125 0.059375000000000004 0.034375
3 0.6734375 0.38984375000000004 0.059375000000000004 0.0328125
3 0.73984375 0.40156250000000004 0.0578125 0.028125
3 0.859375 0.42265625 0.05625 0.0328125
3 0.16875 0.02890625 0.03125 0.0578125
3 0.17500000000000002 0.10703125000000001 0.028125 0.06406250000000001
3 0.18203125 0.1875 0.026562500000000003 0.065625
3 0.11875000000000001 0.41015625 0.053125000000000006 0.0484375
3 0.13046875 0.525 0.0390625 0.0625
3 0.16328125000000002 0.66953125 0.026562500000000003 0.051562500000000004
3 0.06015625 0.6492187500000001 0.0546875 0.0328125
3 0.06953125 0.7875000000000001 0.026562500000000003 0.053125000000000006
3 0.17500000000000002 0.80859375 0.05 0.051562500000000004
9 0.56796875 0.39375000000000004 0.010937500000000001 0.015625
9 0.56953125 0.7296875 0.010937500000000001 0.03125
9 0.57421875 0.87421875 0.010937500000000001 0.0328125
0 0.62421875 0.69296875 0.010937500000000001 0.0171875
0 0.6125 0.70625 0.0125 0.0125
0 0.6179687500000001 0.8125 0.010937500000000001 0.015625
0 0.56875 0.05625 0.009375000000000001 0.009375000000000001
