3 0.22890625 0.8695312500000001 0.0734375 0.026562500000000003
3 0.5328125 0.6664062500000001 0.034375 0.029687500000000002
3 0.69453125 0.6046875 0.029687500000000002 0.03125
3 0.421875 0.71484375 0.037500000000000006 0.0328125
3 0.30703125000000003 0.846875 0.0703125 0.028125
3 0.21250000000000002 0.8984375 0.07187500000000001 0.034375
0 0.37265625 0.8460937500000001 0.010937500000000001 0.0234375
5 0.675 0.70625 0.053125000000000006 0.053125000000000006
9 0.421875 0.6937500000000001 0.021875000000000002 0.015625
0 0.70078125 0.5546875 0.004687500000000001 0.0125
5 0.5515625000000001 0.37890625 0.021875000000000002 0.0203125
5 0.65625 0.46796875000000004 0.0625 0.0484375
4 0.6414062500000001 0.509375 0.0203125 0.025
4 0.6585937500000001 0.51015625 0.0171875 0.0234375
4 0.6890625 0.43515625 0.021875000000000002 0.0171875
4 0.7390625000000001 0.37812500000000004 0.021875000000000002 0.0125
3 0.7765625 0.3953125 0.015625 0.0125
3 0.7117187500000001 0.41953125 0.026562500000000003 0.010937500000000001
3 0.7000000000000001 0.43125 0.021875000000000002 0.0125
3 0.68359375 0.446875 0.029687500000000002 0.015625
5 0.5242187500000001 0.37343750000000003 0.026562500000000003 0.028125
5 0.5375 0.37734375000000003 0.021875000000000002 0.0234375
5 0.46406250000000004 0.38125000000000003 0.05625 0.03125
5 0.4390625 0.38593750000000004 0.05 0.028125
5 0.9421875000000001 0.22265625 0.05 0.0203125
