3 0.7234375000000001 0.14375000000000002 0.025 0.053125000000000006
3 0.83125 0.035937500000000004 0.028125 0.05
3 0.83125 0.1765625 0.05 0.05625
3 0.7976562500000001 0.41015625 0.026562500000000003 0.060937500000000006
3 0.3015625 0.31093750000000003 0.065625 0.025
3 0.7718750000000001 0.82734375 0.028125 0.060937500000000006
3 0.7679687500000001 0.9070312500000001 0.026562500000000003 0.0734375
9 0.71015625 0.878125 0.0140625 0.025
9 0.7273437500000001 0.93125 0.0171875 0.025
9 0.734375 0.86484375 0.015625 0.0234375
0 0.83203125 0.6156250000000001 0.010937500000000001 0.015625
0 0.84921875 0.6234375000000001 0.0078125 0.009375000000000001
0 0.84375 0.61875 0.00625 0.00625
