7 0.32109375 0.7875000000000001 0.1703125 0.184375
3 0.2765625 0.634375 0.22812500000000002 0.146875
6 0.16328125000000002 0.5296875 0.1265625 0.065625
4 0.18828125 0.39687500000000003 0.2109375 0.1625
7 0.22812500000000002 0.23984375000000002 0.1125 0.09843750000000001
1 0.41328125000000004 0.1875 0.0328125 0.0625
0 0.46015625000000004 0.1921875 0.029687500000000002 0.043750000000000004
0 0.6179687500000001 0.23593750000000002 0.029687500000000002 0.065625
0 0.6585937500000001 0.23515625 0.029687500000000002 0.08281250000000001
0 0.7171875000000001 0.2390625 0.03125 0.078125
0 0.7156250000000001 0.2265625 0.028125 0.07500000000000001
0 0.67890625 0.2171875 0.0328125 0.084375
0 0.6468750000000001 0.21796875000000002 0.046875 0.0859375
3 0.59140625 0.19140625 0.1859375 0.1265625
6 0.8859375 0.25234375000000003 0.16875 0.0859375
6 0.68515625 0.6390625000000001 0.16718750000000002 0.146875
7 0.815625 0.52109375 0.1625 0.1453125
1 0.7734375 0.64375 0.053125000000000006 0.078125
1 0.8328125000000001 0.69140625 0.059375000000000004 0.0703125
1 0.88046875 0.73046875 0.0484375 0.0703125
0 0.9320312500000001 0.6781250000000001 0.0703125 0.1125
1 0.87421875 0.66015625 0.06406250000000001 0.0546875
6 0.81015625 0.7664062500000001 0.18281250000000002 0.1078125
6 0.6687500000000001 0.85859375 0.10312500000000001 0.19843750000000002
1 0.78125 0.95859375 0.053125000000000006 0.06406250000000001
