3 0.84296875 0.95859375 0.0546875 0.0734375
3 0.8484375000000001 0.7734375 0.046875 0.053125000000000006
3 0.765625 0.75546875 0.043750000000000004 0.051562500000000004
3 0.8695312500000001 0.54140625 0.0328125 0.035937500000000004
8 0.8265625000000001 0.48828125 0.05625 0.07968750000000001
3 0.9453125 0.27265625 0.034375 0.0234375
4 0.8546875 0.284375 0.034375 0.028125
3 0.625 0.325 0.059375000000000004 0.028125
9 0.8375 0.25078125 0.0125 0.010937500000000001
1 0.8406250000000001 0.24765625000000002 0.009375000000000001 0.010937500000000001
1 0.7765625 0.25859375 0.009375000000000001 0.010937500000000001
9 0.77265625 0.26171875 0.010937500000000001 0.0078125
8 0.8382812500000001 0.1328125 0.08281250000000001 0.043750000000000004
3 0.76953125 0.4703125 0.029687500000000002 0.043750000000000004
3 0.71796875 0.453125 0.0390625 0.043750000000000004
3 0.35546875 0.39296875000000003 0.0421875 0.029687500000000002
4 0.596875 0.53515625 0.040625 0.0484375
3 0.50234375 0.8187500000000001 0.035937500000000004 0.053125000000000006
3 0.40468750000000003 0.87890625 0.037500000000000006 0.0546875
4 0.37890625 0.696875 0.0390625 0.05
4 0.05 0.87890625 0.037500000000000006 0.0578125
5 0.14296875 0.7445312500000001 0.0484375 0.0765625
8 0.25703125 0.3640625 0.0890625 0.09375
