4 0.2015625 0.9265625000000001 0.14375000000000002 0.084375
3 0.28125 0.7742187500000001 0.084375 0.060937500000000006
3 0.25546875 0.7273437500000001 0.1078125 0.051562500000000004
4 0.32578125 0.69921875 0.13593750000000002 0.0921875
1 0.3796875 0.74140625 0.025 0.026562500000000003
3 0.5320312500000001 0.71796875 0.0859375 0.0578125
4 0.49765625 0.6640625 0.0890625 0.053125000000000006
3 0.496875 0.57265625 0.0625 0.045312500000000006
3 0.4890625 0.54453125 0.059375000000000004 0.045312500000000006
3 0.6125 0.5609375 0.05625 0.043750000000000004
4 0.515625 0.7953125000000001 0.12812500000000002 0.09062500000000001
4 0.6734375 0.7390625000000001 0.09375 0.078125
4 0.8054687500000001 0.67578125 0.0859375 0.0921875
8 0.9234375 0.6101562500000001 0.096875 0.07968750000000001
3 0.603125 0.509375 0.053125000000000006 0.043750000000000004
3 0.6570312500000001 0.5164062500000001 0.045312500000000006 0.035937500000000004
3 0.56875 0.5890625 0.059375000000000004 0.043750000000000004
3 0.76484375 0.5164062500000001 0.051562500000000004 0.051562500000000004
3 0.81796875 0.48125 0.0859375 0.034375
3 0.84765625 0.46953125 0.0890625 0.0390625
3 0.86484375 0.340625 0.0421875 0.028125
3 0.93359375 0.34765625 0.0390625 0.026562500000000003
3 0.9750000000000001 0.35000000000000003 0.034375 0.025
