3 0.21328125 0.6664062500000001 0.09843750000000001 0.051562500000000004
3 0.1703125 0.6218750000000001 0.09375 0.043750000000000004
3 0.328125 0.6375000000000001 0.09375 0.046875
3 0.4390625 0.6453125000000001 0.09375 0.05625
3 0.56796875 0.6585937500000001 0.09531250000000001 0.0484375
3 0.3765625 0.7976562500000001 0.10625000000000001 0.0546875
3 0.49921875000000004 0.8171875000000001 0.1078125 0.059375000000000004
8 0.4859375 0.728125 0.2625 0.109375
8 0.67890625 0.7203125 0.1484375 0.09375
8 0.7562500000000001 0.6664062500000001 0.246875 0.1046875
8 0.27890625 0.73046875 0.1546875 0.07968750000000001
5 0.06015625 0.6976562500000001 0.1171875 0.0703125
3 0.078125 0.65234375 0.109375 0.060937500000000006
0 0.759375 0.5437500000000001 0.0125 0.025
1 0.7609375 0.5242187500000001 0.015625 0.0171875
1 0.72265625 0.53828125 0.010937500000000001 0.0203125
