0 0.18671875000000002 0.8718750000000001 0.026562500000000003 0.03125
0 0.29453125 0.8046875 0.0171875 0.037500000000000006
0 0.39765625000000004 0.93515625 0.0171875 0.0390625
0 0.5085937500000001 0.8929687500000001 0.026562500000000003 0.0390625
0 0.51796875 0.9375 0.0234375 0.037500000000000006
0 0.5320312500000001 0.8484375000000001 0.029687500000000002 0.034375
0 0.72265625 0.7859375000000001 0.026562500000000003 0.034375
0 0.40390625 0.9140625 0.0234375 0.03125
0 0.53125 0.88984375 0.021875000000000002 0.0328125
0 0.12187500000000001 0.946875 0.025 0.037500000000000006
0 0.5421875 0.9164062500000001 0.021875000000000002 0.035937500000000004
0 0.58984375 0.8609375 0.0203125 0.028125
0 0.6875 0.83515625 0.025 0.029687500000000002
0 0.7015625000000001 0.8515625 0.021875000000000002 0.03125
