1 0.496875 0.85859375 0.021875000000000002 0.0171875
2 0.4921875 0.86328125 0.034375 0.0203125
0 0.40625 0.7835937500000001 0.009375000000000001 0.0140625
0 0.48750000000000004 0.77109375 0.009375000000000001 0.0171875
3 0.3171875 0.13828125 0.037500000000000006 0.0484375
3 0.284375 0.19921875 0.034375 0.0484375
8 0.30234375 0.08203125 0.08281250000000001 0.13593750000000002
4 0.25234375000000003 0.178125 0.0421875 0.05625
3 0.22265625 0.2390625 0.0390625 0.05
3 0.2515625 0.2625 0.037500000000000006 0.059375000000000004
3 0.18671875000000002 0.30859375 0.0484375 0.0546875
3 0.13203125000000002 0.325 0.045312500000000006 0.059375000000000004
3 0.14765625000000002 0.36562500000000003 0.0484375 0.0625
3 0.10859375 0.43046875 0.0390625 0.0671875
3 0.07578125000000001 0.503125 0.051562500000000004 0.065625
8 0.1875 0.37578125 0.06875 0.09531250000000001
8 0.08125 0.4 0.06875 0.09375
3 0.039843750000000004 0.48671875000000003 0.0484375 0.060937500000000006
4 0.1375 0.46796875000000004 0.046875 0.0703125
4 0.06640625 0.6101562500000001 0.0484375 0.0703125
0 0.28046875 0.6039062500000001 0.010937500000000001 0.0171875
4 0.6843750000000001 0.9828125000000001 0.08125 0.034375
0 0.7046875 0.8539062500000001 0.009375000000000001 0.0140625
0 0.7289062500000001 0.8609375 0.010937500000000001 0.015625
0 0.7289062500000001 0.87109375 0.010937500000000001 0.010937500000000001
0 0.7585937500000001 0.86484375 0.010937500000000001 0.0140625
0 0.78125 0.88046875 0.00625 0.0140625
0 0.7781250000000001 0.890625 0.015625 0.018750000000000003
0 0.9304687500000001 0.9390625 0.0171875 0.0125
0 0.9296875 0.95703125 0.015625 0.010937500000000001
0 0.984375 0.9375 0.015625 0.015625
0 0.98046875 0.9281250000000001 0.0140625 0.015625
