3 0.15625 0.04296875 0.059375000000000004 0.0546875
0 0.13515625 0.096875 0.0234375 0.040625
0 0.15078125 0.09921875000000001 0.0203125 0.045312500000000006
3 0.040625 0.14609375 0.06875 0.06406250000000001
4 0.7140625 0.08281250000000001 0.06875 0.078125
3 0.6546875000000001 0.171875 0.05625 0.053125000000000006
3 0.6257812500000001 0.2171875 0.0578125 0.05625
3 0.59296875 0.265625 0.051562500000000004 0.059375000000000004
3 0.540625 0.3359375 0.0625 0.059375000000000004
3 0.5046875000000001 0.3875 0.059375000000000004 0.059375000000000004
3 0.46796875000000004 0.43671875000000004 0.0578125 0.0546875
3 0.42812500000000003 0.49765625 0.06875 0.06406250000000001
3 0.37812500000000004 0.57734375 0.07187500000000001 0.0671875
3 0.33046875000000003 0.64765625 0.0671875 0.0765625
3 0.290625 0.7132812500000001 0.065625 0.0765625
3 0.259375 0.78125 0.059375000000000004 0.07187500000000001
0 0.26171875 0.6359375 0.0234375 0.043750000000000004
0 0.33984375 0.51875 0.0203125 0.03125
0 0.23125 0.6570312500000001 0.018750000000000003 0.035937500000000004
0 0.17421875 0.753125 0.0234375 0.037500000000000006
0 0.19765625 0.7601562500000001 0.0171875 0.035937500000000004
3 0.553125 0.93125 0.12187500000000001 0.08750000000000001
