3 0.04453125 0.24375000000000002 0.0703125 0.05
3 0.08750000000000001 0.275 0.08125 0.053125000000000006
3 0.13203125000000002 0.31328125 0.08281250000000001 0.0578125
3 0.18046875 0.34921875 0.0921875 0.0703125
3 0.27187500000000003 0.36640625000000004 0.08750000000000001 0.0734375
3 0.503125 0.39921875 0.16562500000000002 0.0734375
3 0.64375 0.44296875 0.134375 0.0765625
4 0.8421875000000001 0.42421875000000003 0.115625 0.060937500000000006
3 0.9085937500000001 0.37343750000000003 0.15781250000000002 0.065625
3 0.6882812500000001 0.38671875 0.15781250000000002 0.0734375
3 0.46484375 0.46484375 0.19843750000000002 0.0765625
3 0.41718750000000004 0.50234375 0.171875 0.0578125
3 0.3984375 0.5375 0.225 0.078125
3 0.43359375 0.59140625 0.22968750000000002 0.09531250000000001
3 0.50234375 0.65 0.2390625 0.10312500000000001
3 0.64609375 0.76328125 0.2984375 0.1265625
3 0.690625 0.828125 0.253125 0.1
