3 0.28046875 0.603125 0.045312500000000006 0.025
3 0.24765625000000002 0.6937500000000001 0.0484375 0.025
3 0.2078125 0.7921875 0.053125000000000006 0.025
3 0.17421875 0.878125 0.0546875 0.037500000000000006
3 0.1375 0.9734375000000001 0.059375000000000004 0.028125
3 0.66328125 0.9476562500000001 0.0578125 0.035937500000000004
3 0.69453125 0.7140625 0.0484375 0.043750000000000004
3 0.7156250000000001 0.63203125 0.046875 0.0390625
3 0.73203125 0.5789062500000001 0.0484375 0.0328125
3 0.73828125 0.521875 0.0421875 0.040625
3 0.671875 0.41796875 0.05 0.029687500000000002
3 0.6796875 0.34609375000000003 0.053125000000000006 0.0328125
3 0.728125 0.29921875000000003 0.040625 0.026562500000000003
3 0.3875 0.32109375 0.046875 0.0328125
3 0.37812500000000004 0.3484375 0.05 0.03125
3 0.37265625 0.36953125000000003 0.0484375 0.029687500000000002
3 0.36484375 0.390625 0.0484375 0.028125
3 0.35468750000000004 0.43515625 0.046875 0.029687500000000002
3 0.34375 0.453125 0.05 0.028125
3 0.33906250000000004 0.4734375 0.05 0.025
3 0.32890625 0.48984375 0.0390625 0.0203125
3 0.31875000000000003 0.51015625 0.046875 0.0234375
3 0.9085937500000001 0.41484375 0.045312500000000006 0.035937500000000004
3 0.96875 0.43515625 0.053125000000000006 0.0328125
3 0.91328125 0.029687500000000002 0.045312500000000006 0.025
4 0.8968750000000001 0.11875000000000001 0.043750000000000004 0.028125
3 0.8921875 0.14921875 0.043750000000000004 0.0171875
3 0.890625 0.16875 0.046875 0.021875000000000002
3 0.5671875000000001 0.02421875 0.05 0.0234375
3 0.55234375 0.065625 0.0484375 0.021875000000000002
3 0.54140625 0.08281250000000001 0.0390625 0.021875000000000002
3 0.5453125 0.09921875000000001 0.040625 0.0234375
3 0.39453125 0.2015625 0.051562500000000004 0.03125
3 0.28359375000000003 0.17343750000000002 0.0484375 0.028125
3 0.21250000000000002 0.013281250000000001 0.040625 0.0234375
4 0.08281250000000001 0.07421875 0.043750000000000004 0.0328125
3 0.14609375 0.70703125 0.029687500000000002 0.0203125
