9 0.5796875 0.915625 0.05 0.043750000000000004
1 0.6421875 0.8406250000000001 0.018750000000000003 0.040625
9 0.6421875 0.8445312500000001 0.03125 0.0390625
9 0.565625 0.7367187500000001 0.034375 0.026562500000000003
9 0.58125 0.7171875000000001 0.034375 0.03125
9 0.5546875 0.7140625 0.037500000000000006 0.028125
9 0.5234375 0.7117187500000001 0.040625 0.029687500000000002
6 0.5734375 0.6734375 0.06875 0.040625
9 0.56953125 0.64375 0.0328125 0.021875000000000002
6 0.55703125 0.6328125 0.0578125 0.028125
4 0.56640625 0.59140625 0.08281250000000001 0.045312500000000006
6 0.5609375 0.5578125 0.034375 0.028125
1 0.5609375 0.5554687500000001 0.015625 0.0171875
9 0.5867187500000001 0.48984375 0.029687500000000002 0.0203125
9 0.58984375 0.46796875000000004 0.029687500000000002 0.0203125
9 0.60546875 0.46328125000000003 0.0234375 0.0234375
7 0.5789062500000001 0.4453125 0.0328125 0.034375
6 0.70859375 0.43671875000000004 0.0234375 0.026562500000000003
9 0.69453125 0.41796875 0.029687500000000002 0.0203125
1 0.815625 0.4421875 0.015625 0.021875000000000002
1 0.8367187500000001 0.5203125000000001 0.010937500000000001 0.018750000000000003
3 0.9484375 0.63671875 0.053125000000000006 0.0546875
6 0.9750000000000001 0.8625 0.034375 0.07187500000000001
7 0.6585937500000001 0.3765625 0.029687500000000002 0.034375
7 0.7156250000000001 0.340625 0.021875000000000002 0.03125
3 0.82734375 0.30312500000000003 0.0328125 0.037500000000000006
4 0.6882812500000001 0.325 0.029687500000000002 0.037500000000000006
3 0.6515625 0.33125000000000004 0.028125 0.03125
7 0.5890625 0.33125000000000004 0.05 0.03125
0 0.61875 0.30625 0.0125 0.018750000000000003
0 0.6023437500000001 0.3015625 0.0078125 0.021875000000000002
0 0.6117187500000001 0.30312500000000003 0.010937500000000001 0.018750000000000003
7 0.6882812500000001 0.284375 0.029687500000000002 0.03125
7 0.6585937500000001 0.296875 0.0328125 0.025
6 0.6140625000000001 0.21328125 0.034375 0.0203125
7 0.7210937500000001 0.1921875 0.0171875 0.021875000000000002
6 0.75546875 0.22734375 0.0140625 0.0234375
1 0.7578125 0.24453125 0.009375000000000001 0.0140625
9 0.75703125 0.24921875000000002 0.010937500000000001 0.0171875
1 0.7742187500000001 0.22890625 0.010937500000000001 0.010937500000000001
6 0.775 0.23515625 0.015625 0.0171875
6 0.87265625 0.34140625 0.0546875 0.026562500000000003
9 0.83359375 0.22734375 0.0203125 0.0140625
7 0.8210937500000001 0.21953125 0.0171875 0.0234375
9 0.77734375 0.19296875000000002 0.010937500000000001 0.0140625
1 0.6984375 0.1953125 0.00625 0.0125
9 0.6976562500000001 0.2 0.0078125 0.0125
1 0.74140625 0.16875 0.0078125 0.0125
9 0.7429687500000001 0.16953125000000002 0.010937500000000001 0.010937500000000001
6 0.8171875000000001 0.19609375 0.0125 0.0140625
0 0.63828125 0.16796875 0.0078125 0.0203125
9 0.62109375 0.18281250000000002 0.010937500000000001 0.015625
0 0.65625 0.16953125000000002 0.009375000000000001 0.0171875
6 0.66015625 0.171875 0.0171875 0.015625
4 0.62890625 0.140625 0.0328125 0.025
9 0.9164062500000001 0.35390625000000003 0.010937500000000001 0.0203125
9 0.9 0.41484375 0.0125 0.0203125
6 0.6742187500000001 0.09062500000000001 0.0140625 0.018750000000000003
1 0.68671875 0.09062500000000001 0.0078125 0.009375000000000001
9 0.6875 0.09531250000000001 0.009375000000000001 0.009375000000000001
1 0.7015625000000001 0.06953125 0.00625 0.0078125
9 0.7015625000000001 0.0734375 0.00625 0.009375000000000001
1 0.7132812500000001 0.05859375 0.004687500000000001 0.0078125
9 0.7140625 0.060937500000000006 0.00625 0.009375000000000001
4 0.75703125 0.06640625 0.0234375 0.0140625
4 0.77265625 0.09531250000000001 0.0203125 0.018750000000000003
