3 0.5437500000000001 0.15546875000000002 0.018750000000000003 0.0234375
3 0.5515625000000001 0.1390625 0.015625 0.018750000000000003
3 0.6140625000000001 0.15546875000000002 0.034375 0.0203125
3 0.60703125 0.22109375 0.029687500000000002 0.026562500000000003
3 0.6023437500000001 0.26796875000000003 0.035937500000000004 0.026562500000000003
0 0.5234375 0.22109375 0.0125 0.026562500000000003
3 0.59296875 0.3359375 0.045312500000000006 0.034375
3 0.5984375000000001 0.3875 0.046875 0.046875
3 0.5828125000000001 0.50234375 0.065625 0.0546875
3 0.5796875 0.5421875 0.059375000000000004 0.0625
2 0.62265625 0.584375 0.0140625 0.05
3 0.5765625 0.6109375 0.078125 0.07500000000000001
3 0.58046875 0.66328125 0.0921875 0.0890625
3 0.43671875000000004 0.34765625 0.045312500000000006 0.0421875
3 0.44921875 0.33359375 0.0421875 0.0390625
3 0.41953125 0.39687500000000003 0.051562500000000004 0.046875
3 0.39296875000000003 0.44609375 0.0734375 0.0734375
3 0.36640625000000004 0.47890625000000003 0.0671875 0.06406250000000001
3 0.3515625 0.5140625 0.05625 0.059375000000000004
3 0.32578125 0.5515625000000001 0.0734375 0.0625
3 0.3046875 0.6125 0.084375 0.09375
0 0.44062500000000004 0.47890625000000003 0.021875000000000002 0.0546875
0 0.46796875000000004 0.47968750000000004 0.0203125 0.05625
3 0.85703125 0.42500000000000004 0.1046875 0.05625
2 0.140625 0.665625 0.028125 0.046875
3 0.23750000000000002 0.74140625 0.10625000000000001 0.09843750000000001
3 0.18515625000000002 0.82578125 0.11093750000000001 0.09531250000000001
4 0.89609375 0.71796875 0.1859375 0.09843750000000001
3 0.85546875 0.80234375 0.1265625 0.11093750000000001
0 0.9281250000000001 0.790625 0.037500000000000006 0.078125
3 0.775 0.87265625 0.2 0.1234375
