3 0.03359375 0.7890625 0.045312500000000006 0.084375
3 0.94140625 0.8609375 0.0484375 0.096875
3 0.940625 0.5953125 0.07187500000000001 0.037500000000000006
3 0.8093750000000001 0.5703125 0.08750000000000001 0.040625
3 0.48125 0.8289062500000001 0.059375000000000004 0.09843750000000001
4 0.35546875 0.7250000000000001 0.060937500000000006 0.125
3 0.3328125 0.48359375000000004 0.046875 0.0734375
3 0.3046875 0.3203125 0.034375 0.06875
3 0.28515625 0.19453125000000002 0.0328125 0.0484375
3 0.26875 0.035937500000000004 0.025 0.040625
5 0.33359375 0.09531250000000001 0.045312500000000006 0.09062500000000001
4 0.31171875000000004 0.017968750000000002 0.0234375 0.0328125
9 0.41640625000000003 0.5476562500000001 0.0234375 0.0421875
0 0.5906250000000001 0.52109375 0.015625 0.0328125
8 0.61328125 0.42500000000000004 0.0390625 0.1
4 0.9226562500000001 0.29765625 0.0484375 0.0546875
5 0.51484375 0.16171875000000002 0.0484375 0.08281250000000001
3 0.70625 0.15000000000000002 0.028125 0.040625
3 0.7210937500000001 0.19687500000000002 0.0578125 0.03125
