9 0.55859375 0.055468750000000004 0.010937500000000001 0.0140625
8 0.2015625 0.3671875 0.125 0.07187500000000001
3 0.27265625 0.7265625 0.060937500000000006 0.034375
3 0.26484375 0.81796875 0.026562500000000003 0.051562500000000004
3 0.234375 0.82578125 0.028125 0.051562500000000004
4 0.19921875 0.8367187500000001 0.026562500000000003 0.051562500000000004
3 0.13828125 0.8460937500000001 0.026562500000000003 0.0421875
3 0.109375 0.8640625000000001 0.03125 0.05625
3 0.040625 0.88671875 0.03125 0.051562500000000004
4 0.0125 0.89765625 0.021875000000000002 0.0546875
9 0.3515625 0.80625 0.028125 0.015625
9 0.36875 0.8093750000000001 0.0125 0.025
5 0.30703125000000003 0.75703125 0.0765625 0.0421875
3 0.42812500000000003 0.7171875000000001 0.05 0.034375
3 0.58046875 0.675 0.0546875 0.03125
4 0.41640625000000003 0.8046875 0.0546875 0.05625
3 0.46484375 0.796875 0.051562500000000004 0.046875
4 0.50390625 0.79453125 0.0484375 0.045312500000000006
4 0.546875 0.78046875 0.05625 0.0546875
4 0.5921875 0.7718750000000001 0.053125000000000006 0.05
4 0.6351562500000001 0.7671875 0.0484375 0.05
3 0.51875 0.20546875 0.046875 0.029687500000000002
3 0.5859375 0.17421875 0.043750000000000004 0.029687500000000002
3 0.6414062500000001 0.14140625 0.0390625 0.026562500000000003
3 0.6953125 0.1125 0.043750000000000004 0.03125
0 0.50390625 0.15156250000000002 0.010937500000000001 0.018750000000000003
4 0.7562500000000001 0.07500000000000001 0.046875 0.03125
3 0.8093750000000001 0.041406250000000006 0.037500000000000006 0.026562500000000003
3 0.8539062500000001 0.01015625 0.0390625 0.0171875
4 0.32343750000000004 0.5671875000000001 0.053125000000000006 0.034375
4 0.6414062500000001 0.52890625 0.0546875 0.035937500000000004
4 0.634375 0.39765625000000004 0.05 0.0390625
3 0.7757812500000001 0.31953125000000004 0.045312500000000006 0.0328125
3 0.5320312500000001 0.6195312500000001 0.0546875 0.0390625
3 0.784375 0.5359375000000001 0.05625 0.037500000000000006
3 0.8812500000000001 0.47968750000000004 0.05 0.034375
8 0.86640625 0.42265625 0.1265625 0.07968750000000001
5 0.9242187500000001 0.5789062500000001 0.08281250000000001 0.051562500000000004
4 0.8046875 0.75546875 0.059375000000000004 0.029687500000000002
4 0.80390625 0.7820312500000001 0.0546875 0.026562500000000003
3 0.7976562500000001 0.8203125 0.0578125 0.03125
3 0.8796875000000001 0.8562500000000001 0.05625 0.03125
5 0.43828125 0.8859375 0.11406250000000001 0.053125000000000006
5 0.6023437500000001 0.8609375 0.1546875 0.05625
