4 0.09453125000000001 0.8695312500000001 0.0484375 0.0859375
4 0.45859375 0.73984375 0.0421875 0.08281250000000001
3 0.3875 0.87109375 0.05 0.09531250000000001
3 0.5484375 0.7914062500000001 0.046875 0.0921875
4 0.4703125 0.86484375 0.05 0.0921875
3 0.27265625 0.50703125 0.0421875 0.0546875
3 0.35468750000000004 0.38359375 0.03125 0.051562500000000004
4 0.6140625000000001 0.44375000000000003 0.040625 0.06875
3 0.8859375 0.4609375 0.037500000000000006 0.05625
5 0.96796875 0.46640625 0.0484375 0.0765625
4 0.9632812500000001 0.7156250000000001 0.0546875 0.084375
4 0.9515625000000001 0.978125 0.09375 0.043750000000000004
9 0.58046875 0.24609375 0.0078125 0.026562500000000003
1 0.5796875 0.23984375000000002 0.009375000000000001 0.0171875
3 0.290625 0.25859375 0.03125 0.0328125
3 0.32343750000000004 0.16484375 0.03125 0.026562500000000003
4 0.35625 0.2484375 0.03125 0.043750000000000004
4 0.65625 0.17500000000000002 0.028125 0.034375
4 0.56953125 0.096875 0.026562500000000003 0.03125
4 0.2828125 0.140625 0.03125 0.028125
4 0.36640625000000004 0.09843750000000001 0.026562500000000003 0.028125
3 0.6218750000000001 0.1015625 0.028125 0.021875000000000002
3 0.6734375 0.0890625 0.021875000000000002 0.028125
5 0.125 0.07734375 0.046875 0.045312500000000006
5 0.30781250000000004 0.09843750000000001 0.043750000000000004 0.05
3 0.5203125000000001 0.0890625 0.028125 0.025
3 0.46640625 0.08750000000000001 0.029687500000000002 0.028125
