4 0.8609375 0.153125 0.0625 0.10625000000000001
0 0.8148437500000001 0.8625 0.0234375 0.021875000000000002
9 0.8656250000000001 0.6828125 0.043750000000000004 0.028125
1 0.8640625000000001 0.6804687500000001 0.025 0.0328125
9 0.7406250000000001 0.6359375 0.05625 0.040625
9 0.721875 0.56171875 0.05 0.0328125
9 0.7289062500000001 0.48046875 0.0546875 0.029687500000000002
9 0.7390625000000001 0.45234375000000004 0.05 0.0328125
9 0.721875 0.42812500000000003 0.046875 0.040625
9 0.76171875 0.41875 0.0328125 0.053125000000000006
9 0.8093750000000001 0.0578125 0.046875 0.040625
9 0.7828125 0.23750000000000002 0.059375000000000004 0.040625
0 0.72265625 0.17734375000000002 0.026562500000000003 0.035937500000000004
