3 0.328125 0.8046875 0.08750000000000001 0.13125
3 0.5375 0.6859375000000001 0.07500000000000001 0.171875
3 0.27265625 0.47109375000000003 0.060937500000000006 0.0890625
3 0.043750000000000004 0.6265625 0.07187500000000001 0.08750000000000001
3 0.5296875 0.203125 0.053125000000000006 0.08125
3 0.94453125 0.28359375000000003 0.09531250000000001 0.0546875
8 0.12421875 0.321875 0.06406250000000001 0.1625
8 0.20859375000000002 0.2421875 0.0859375 0.146875
3 0.21875 0.1484375 0.037500000000000006 0.046875
3 0.1796875 0.043750000000000004 0.05625 0.037500000000000006
