0 0.46171875 0.21875 0.0671875 0.096875
8 0.8757812500000001 0.09062500000000001 0.15781250000000002 0.178125
0 0.1171875 0.35390625000000003 0.05625 0.0734375
0 0.13828125 0.43203125000000003 0.0765625 0.0859375
0 0.1328125 0.49375 0.07187500000000001 0.065625
6 0.54140625 0.54140625 0.060937500000000006 0.1453125
3 0.5328125 0.80078125 0.16562500000000002 0.2921875
3 0.08281250000000001 0.6570312500000001 0.1625 0.1796875
0 0.7375 0.78046875 0.05625 0.0890625
0 0.6937500000000001 0.72578125 0.05 0.0765625
