9 0.028125 0.3828125 0.018750000000000003 0.040625
1 0.02890625 0.37421875000000004 0.0171875 0.0328125
3 0.48671875000000003 0.0734375 0.0390625 0.065625
3 0.17109375000000002 0.0125 0.1046875 0.021875000000000002
3 0.1796875 0.030468750000000003 0.09375 0.0328125
3 0.17500000000000002 0.0671875 0.08750000000000001 0.034375
3 0.203125 0.09531250000000001 0.084375 0.040625
3 0.20859375000000002 0.13515625 0.1046875 0.0390625
3 0.21796875000000002 0.17343750000000002 0.09531250000000001 0.040625
3 0.240625 0.21015625000000002 0.1 0.0328125
3 0.2421875 0.2390625 0.10312500000000001 0.037500000000000006
3 0.25703125 0.275 0.1203125 0.053125000000000006
3 0.284375 0.321875 0.12187500000000001 0.0625
3 0.28359375000000003 0.37343750000000003 0.11406250000000001 0.053125000000000006
3 0.30234375 0.42265625 0.11406250000000001 0.0484375
3 0.32265625000000003 0.46406250000000004 0.11406250000000001 0.059375000000000004
3 0.33984375 0.52578125 0.1234375 0.060937500000000006
3 0.35703125 0.5703125 0.13593750000000002 0.065625
3 0.36640625000000004 0.628125 0.1421875 0.06875
3 0.371875 0.6937500000000001 0.146875 0.06875
4 0.40390625 0.75546875 0.1328125 0.0703125
3 0.40937500000000004 0.83359375 0.146875 0.07968750000000001
3 0.421875 0.9148437500000001 0.153125 0.0703125
0 0.290625 0.0703125 0.015625 0.028125
0 0.27421875 0.06640625 0.010937500000000001 0.029687500000000002
3 0.534375 0.03359375 0.040625 0.035937500000000004
0 0.5296875 0.27890625 0.015625 0.0421875
0 0.540625 0.27578125000000003 0.0125 0.035937500000000004
0 0.53671875 0.3171875 0.0203125 0.040625
0 0.74375 0.46875 0.0125 0.03125
4 0.6625000000000001 0.59921875 0.07187500000000001 0.11406250000000001
3 0.665625 0.6781250000000001 0.134375 0.09062500000000001
0 0.71015625 0.80078125 0.0140625 0.0421875
0 0.6296875000000001 0.83359375 0.021875000000000002 0.0484375
0 0.56875 0.8046875 0.021875000000000002 0.05
0 0.5375 0.81171875 0.015625 0.051562500000000004
