1 0.915625 0.31015625 0.009375000000000001 0.0171875
9 0.9148437500000001 0.3171875 0.010937500000000001 0.015625
3 0.05625 0.65 0.07187500000000001 0.06875
3 0.1421875 0.6609375000000001 0.07187500000000001 0.065625
3 0.44062500000000004 0.5421875 0.078125 0.053125000000000006
3 0.51875 0.5984375000000001 0.12812500000000002 0.053125000000000006
3 0.41171875 0.7015625000000001 0.15781250000000002 0.078125
3 0.31171875000000004 0.8 0.20468750000000002 0.07187500000000001
3 0.2921875 0.8453125 0.225 0.10312500000000001
3 0.26015625000000003 0.8984375 0.2234375 0.09375
3 0.20468750000000002 0.9382812500000001 0.24375000000000002 0.1015625
5 0.66328125 0.69921875 0.2515625 0.1796875
5 0.6195312500000001 0.8265625000000001 0.2390625 0.13125
4 0.9476562500000001 0.7820312500000001 0.0890625 0.1078125
