3 0.84921875 0.89609375 0.0765625 0.1234375
3 0.9359375000000001 0.2703125 0.05625 0.078125
3 0.65234375 0.9046875000000001 0.0765625 0.10312500000000001
3 0.7117187500000001 0.6781250000000001 0.060937500000000006 0.08125
3 0.2734375 0.08515625 0.05 0.035937500000000004
3 0.11953125 0.18281250000000002 0.045312500000000006 0.034375
3 0.16484375 0.16796875 0.0484375 0.0390625
3 0.2078125 0.153125 0.046875 0.037500000000000006
3 0.37890625 0.08671875000000001 0.0546875 0.035937500000000004
3 0.421875 0.0765625 0.053125000000000006 0.037500000000000006
3 0.453125 0.059375000000000004 0.065625 0.034375
3 0.40703125 0.0125 0.035937500000000004 0.025
3 0.45 0.0140625 0.03125 0.028125
3 0.29609375 0.017968750000000002 0.0328125 0.0328125
3 0.259375 0.017968750000000002 0.028125 0.0328125
3 0.08125 0.06406250000000001 0.078125 0.034375
3 0.05 0.08359375000000001 0.078125 0.0328125
3 0.017968750000000002 0.12734375 0.035937500000000004 0.026562500000000003
4 0.2421875 0.13671875 0.043750000000000004 0.0390625
3 0.540625 0.2859375 0.043750000000000004 0.053125000000000006
3 0.7289062500000001 0.1375 0.0765625 0.037500000000000006
5 0.7679687500000001 0.43593750000000003 0.0671875 0.13125
3 0.5164062500000001 0.33984375 0.0578125 0.0578125
9 0.6687500000000001 0.7546875000000001 0.03125 0.040625
1 0.671875 0.7523437500000001 0.018750000000000003 0.029687500000000002
