9 0.67890625 0.03359375 0.0171875 0.0328125
9 0.69140625 0.029687500000000002 0.0140625 0.03125
0 0.1765625 0.8578125000000001 0.028125 0.021875000000000002
0 0.12812500000000002 0.9640625 0.03125 0.025
0 0.14296875 0.9671875000000001 0.0234375 0.021875000000000002
0 0.055468750000000004 0.8625 0.0328125 0.021875000000000002
0 0.09375 0.76328125 0.028125 0.0203125
0 0.07734375 0.80390625 0.026562500000000003 0.0203125
0 0.065625 0.7796875000000001 0.028125 0.015625
0 0.010937500000000001 0.51171875 0.009375000000000001 0.0140625
0 0.0171875 0.6726562500000001 0.028125 0.0171875
0 0.022656250000000003 0.6515625 0.0328125 0.0125
0 0.0171875 0.63203125 0.028125 0.010937500000000001
0 0.0171875 0.61875 0.028125 0.0125
0 0.01640625 0.60703125 0.026562500000000003 0.0171875
0 0.034375 0.540625 0.021875000000000002 0.0125
0 0.02890625 0.5296875 0.0203125 0.0125
0 0.03359375 0.51796875 0.0203125 0.0140625
0 0.028125 0.4546875 0.015625 0.0125
