4 0.09531250000000001 0.8367187500000001 0.11875000000000001 0.045312500000000006
3 0.26796875000000003 0.8125 0.11406250000000001 0.053125000000000006
4 0.48671875000000003 0.9148437500000001 0.060937500000000006 0.1234375
3 0.6585937500000001 0.8375 0.1078125 0.059375000000000004
3 0.6414062500000001 0.8984375 0.1046875 0.053125000000000006
4 0.63671875 0.9593750000000001 0.11093750000000001 0.05625
3 0.71875 0.540625 0.05 0.096875
3 0.7671875 0.22890625 0.05 0.1015625
3 0.80625 0.1484375 0.1 0.043750000000000004
3 0.815625 0.049218750000000006 0.10312500000000001 0.0421875
3 0.9695312500000001 0.5085937500000001 0.0546875 0.11093750000000001
