0 0.95234375 0.74765625 0.06406250000000001 0.1390625
9 0.9187500000000001 0.9265625000000001 0.15937500000000002 0.115625
9 0.77734375 0.8671875 0.15781250000000002 0.109375
9 0.765625 0.7562500000000001 0.125 0.078125
9 0.584375 0.7054687500000001 0.125 0.0890625
9 0.75 0.7140625 0.12812500000000002 0.053125000000000006
2 0.72578125 0.6984375 0.1015625 0.05
9 0.7000000000000001 0.6687500000000001 0.109375 0.0625
9 0.75 0.71484375 0.115625 0.0546875
9 0.48671875000000003 0.5906250000000001 0.0421875 0.053125000000000006
9 0.53515625 0.53828125 0.0921875 0.045312500000000006
3 0.30078125 0.44062500000000004 0.08281250000000001 0.07187500000000001
3 0.1921875 0.44062500000000004 0.07187500000000001 0.06875
3 0.1203125 0.43593750000000003 0.05625 0.065625
3 0.022656250000000003 0.3453125 0.0390625 0.043750000000000004
