3 0.66796875 0.6859375000000001 0.1421875 0.1625
3 0.45546875000000003 0.38125000000000003 0.0734375 0.078125
3 0.3171875 0.1765625 0.059375000000000004 0.053125000000000006
3 0.23984375000000002 0.1640625 0.051562500000000004 0.043750000000000004
3 0.21250000000000002 0.11093750000000001 0.043750000000000004 0.040625
3 0.26328125 0.54921875 0.08281250000000001 0.1234375
3 0.09375 0.1015625 0.043750000000000004 0.05
9 0.010937500000000001 0.29140625000000003 0.015625 0.035937500000000004
9 0.065625 0.290625 0.021875000000000002 0.028125
1 0.01015625 0.27890625 0.0140625 0.029687500000000002
1 0.06406250000000001 0.278125 0.018750000000000003 0.028125
9 0.03828125 0.6484375 0.0234375 0.053125000000000006
1 0.0390625 0.64375 0.021875000000000002 0.040625
0 0.03828125 0.48281250000000003 0.0171875 0.037500000000000006
0 0.97421875 0.6640625 0.026562500000000003 0.034375
0 0.8968750000000001 0.55390625 0.028125 0.0421875
0 0.628125 0.253125 0.018750000000000003 0.03125
0 0.6218750000000001 0.2421875 0.015625 0.03125
0 0.61640625 0.23828125 0.0203125 0.0328125
9 0.54140625 0.33984375 0.0328125 0.0390625
1 0.54140625 0.33203125 0.0171875 0.0328125
0 0.37109375 0.028125 0.010937500000000001 0.028125
0 0.41718750000000004 0.0234375 0.0125 0.028125
