3 0.41015625 0.88671875 0.004687500000000001 0.004687500000000001
3 0.415625 0.890625 0.00625 0.003125
3 0.44296875 0.90234375 0.004687500000000001 0.004687500000000001
3 0.4859375 0.9265625000000001 0.00625 0.00625
3 0.51875 0.91015625 0.00625 0.004687500000000001
3 0.52890625 0.9359375000000001 0.0078125 0.009375000000000001
0 0.48671875000000003 0.96484375 0.004687500000000001 0.0078125
5 0.42734375 0.9437500000000001 0.010937500000000001 0.015625
3 0.45546875000000003 0.9476562500000001 0.0078125 0.0078125
3 0.44296875 0.95703125 0.010937500000000001 0.0078125
3 0.44843750000000004 0.96484375 0.009375000000000001 0.0078125
3 0.44296875 0.9734375000000001 0.010937500000000001 0.009375000000000001
3 0.42109375000000004 0.9773437500000001 0.010937500000000001 0.010937500000000001
3 0.44921875 0.98828125 0.010937500000000001 0.010937500000000001
3 0.59140625 0.97265625 0.0203125 0.0078125
5 0.62265625 0.971875 0.0234375 0.0125
5 0.6125 0.96796875 0.034375 0.0140625
3 0.6765625000000001 0.99375 0.021875000000000002 0.009375000000000001
3 0.67109375 0.9921875 0.0234375 0.0125
3 0.66171875 0.98828125 0.0203125 0.010937500000000001
3 0.69921875 0.99375 0.026562500000000003 0.0125
3 0.690625 0.9765625 0.025 0.0125
3 0.7781250000000001 0.9773437500000001 0.018750000000000003 0.010937500000000001
3 0.7234375000000001 0.96875 0.018750000000000003 0.009375000000000001
3 0.6796875 0.9453125 0.015625 0.009375000000000001
3 0.6351562500000001 0.9515625000000001 0.0171875 0.00625
3 0.6296875000000001 0.9484375 0.018750000000000003 0.009375000000000001
3 0.6234375000000001 0.9476562500000001 0.021875000000000002 0.0078125
3 0.62265625 0.94453125 0.0203125 0.0078125
3 0.6179687500000001 0.940625 0.0171875 0.00625
