3 0.19609375 0.62421875 0.060937500000000006 0.0328125
3 0.56953125 0.38984375000000004 0.0328125 0.0578125
3 0.6296875000000001 0.51328125 0.065625 0.0390625
3 0.63671875 0.48046875 0.0546875 0.029687500000000002
5 0.7125 0.2765625 0.065625 0.043750000000000004
5 0.6515625 0.14453125 0.065625 0.11406250000000001
5 0.6078125000000001 0.21875 0.065625 0.13125
2 0.26328125 0.6039062500000001 0.026562500000000003 0.0140625
2 0.38359375 0.625 0.026562500000000003 0.0125
1 0.259375 0.603125 0.015625 0.0125
1 0.37890625 0.62421875 0.0140625 0.010937500000000001
