3 0.20234375000000002 0.85078125 0.0703125 0.1171875
3 0.203125 0.71796875 0.059375000000000004 0.09843750000000001
3 0.36562500000000003 0.7109375 0.059375000000000004 0.10625000000000001
3 0.39375000000000004 0.584375 0.078125 0.08125
3 0.21328125 0.6203125 0.0546875 0.084375
3 0.32265625000000003 0.35390625000000003 0.0421875 0.0578125
3 0.29453125 0.24375000000000002 0.035937500000000004 0.040625
0 0.5578125 0.31640625 0.015625 0.0328125
3 0.44375000000000003 0.08359375000000001 0.021875000000000002 0.0203125
3 0.38671875 0.0625 0.0203125 0.015625
3 0.3875 0.037500000000000006 0.018750000000000003 0.018750000000000003
3 0.41484375 0.0125 0.026562500000000003 0.021875000000000002
