9 0.24453125 0.8828125 0.0171875 0.040625
1 0.2421875 0.88203125 0.018750000000000003 0.0203125
0 0.33515625000000004 0.79453125 0.0203125 0.026562500000000003
0 0.2734375 0.7140625 0.021875000000000002 0.025
9 0.24140625000000002 0.6726562500000001 0.0203125 0.045312500000000006
1 0.240625 0.67578125 0.021875000000000002 0.026562500000000003
3 0.3515625 0.5867187500000001 0.05625 0.1265625
0 0.2625 0.6109375 0.015625 0.025
0 0.2734375 0.6117187500000001 0.015625 0.026562500000000003
2 0.22578125000000002 0.6000000000000001 0.0171875 0.043750000000000004
0 0.24765625000000002 0.54140625 0.0171875 0.0234375
0 0.26953125 0.54140625 0.0203125 0.029687500000000002
9 0.2171875 0.45546875000000003 0.018750000000000003 0.045312500000000006
3 0.34453125 0.28203125 0.0546875 0.1234375
0 0.29921875000000003 0.1640625 0.0140625 0.025
9 0.0765625 0.18906250000000002 0.028125 0.05625
4 0.1421875 0.1234375 0.109375 0.05
