8 0.25546875 0.2171875 0.06406250000000001 0.12812500000000002
3 0.47968750000000004 0.7140625 0.09062500000000001 0.11875000000000001
3 0.44921875 0.51171875 0.09843750000000001 0.0890625
3 0.52578125 0.43828125 0.0890625 0.09843750000000001
3 0.59140625 0.421875 0.07968750000000001 0.078125
4 0.6328125 0.39687500000000003 0.08125 0.07500000000000001
4 0.728125 0.32890625 0.08125 0.0734375
4 0.7992187500000001 0.31093750000000003 0.0765625 0.0625
3 0.80390625 0.265625 0.0890625 0.08125
3 0.88203125 0.11171875 0.0921875 0.0578125
3 0.7828125 0.039843750000000004 0.07187500000000001 0.0484375
