3 0.40546875000000004 0.3046875 0.20468750000000002 0.09062500000000001
3 0.7171875000000001 0.32343750000000004 0.21250000000000002 0.08125
3 0.728125 0.078125 0.153125 0.065625
3 0.88671875 0.16796875 0.1796875 0.0703125
3 0.84140625 0.24531250000000002 0.18906250000000002 0.078125
1 0.03828125 0.08281250000000001 0.026562500000000003 0.040625
1 0.340625 0.8203125 0.037500000000000006 0.037500000000000006
1 0.38828125 0.9109375000000001 0.0421875 0.028125
1 0.42812500000000003 0.84921875 0.037500000000000006 0.029687500000000002
1 0.47500000000000003 0.91796875 0.028125 0.0328125
1 0.33906250000000004 0.6640625 0.028125 0.040625
1 0.40078125000000003 0.734375 0.0328125 0.034375
0 0.5906250000000001 0.7093750000000001 0.037500000000000006 0.05
9 0.328125 0.6796875 0.043750000000000004 0.0625
9 0.33828125000000003 0.8203125 0.0328125 0.09062500000000001
9 0.38906250000000003 0.7421875 0.034375 0.084375
9 0.38125000000000003 0.9148437500000001 0.028125 0.060937500000000006
9 0.42578125 0.8562500000000001 0.035937500000000004 0.084375
9 0.4765625 0.915625 0.037500000000000006 0.065625
0 0.6125 0.6765625000000001 0.03125 0.053125000000000006
1 0.0328125 0.39453125 0.034375 0.0484375
9 0.032031250000000004 0.09765625 0.060937500000000006 0.0234375
