3 0.55078125 0.32109375 0.07968750000000001 0.060937500000000006
3 0.23984375000000002 0.08203125 0.0390625 0.0390625
3 0.0671875 0.16875 0.043750000000000004 0.043750000000000004
3 0.05078125 0.13593750000000002 0.0484375 0.040625
3 0.16484375 0.41953125 0.11406250000000001 0.0703125
3 0.1421875 0.3609375 0.1 0.07187500000000001
3 0.13671875 0.31953125000000004 0.0921875 0.060937500000000006
3 0.203125 0.11953125 0.046875 0.051562500000000004
3 0.153125 0.029687500000000002 0.05 0.03125
3 0.20703125 0.05078125 0.060937500000000006 0.0328125
3 0.46484375 0.178125 0.0484375 0.040625
0 0.0390625 0.22265625 0.015625 0.0421875
0 0.025781250000000002 0.2265625 0.0171875 0.040625
1 0.03828125 0.08359375000000001 0.0171875 0.0328125
2 0.03828125 0.08671875000000001 0.0328125 0.0234375
2 0.359375 0.08671875000000001 0.025 0.0203125
1 0.3609375 0.078125 0.0125 0.028125
0 0.290625 0.07421875 0.015625 0.0328125
3 0.25859375 0.23125 0.045312500000000006 0.053125000000000006
3 0.38203125000000004 0.41796875 0.08281250000000001 0.0921875
3 0.24453125 0.5671875000000001 0.1421875 0.1
3 0.33359375 0.7757812500000001 0.15781250000000002 0.1390625
3 0.36250000000000004 0.8914062500000001 0.178125 0.1265625
3 0.26953125 0.65390625 0.1453125 0.11093750000000001
0 0.1953125 0.6890625 0.025 0.053125000000000006
0 0.13046875 0.6804687500000001 0.0234375 0.0578125
3 0.634375 0.32578125 0.059375000000000004 0.0671875
3 0.7921875 0.32578125 0.11875000000000001 0.0734375
3 0.9140625 0.5945312500000001 0.16562500000000002 0.08281250000000001
3 0.5421875 0.21796875000000002 0.07187500000000001 0.060937500000000006
3 0.7210937500000001 0.24296875 0.07968750000000001 0.0734375
0 0.23984375000000002 0.0125 0.010937500000000001 0.021875000000000002
0 0.2234375 0.01015625 0.0125 0.0203125
