3 0.078125 0.5015625 0.08750000000000001 0.05
3 0.19140625 0.57734375 0.0921875 0.0421875
4 0.17578125 0.6414062500000001 0.0921875 0.0421875
4 0.1703125 0.696875 0.10312500000000001 0.046875
4 0.45078125 0.7000000000000001 0.08281250000000001 0.09375
4 0.52109375 0.6984375 0.08281250000000001 0.09062500000000001
4 0.6015625 0.68359375 0.09062500000000001 0.0921875
4 0.6742187500000001 0.675 0.0765625 0.08125
3 0.7429687500000001 0.6734375 0.08281250000000001 0.084375
4 0.8203125 0.6640625 0.08750000000000001 0.09375
9 0.8484375000000001 0.68515625 0.037500000000000006 0.029687500000000002
9 0.9015625 0.6703125000000001 0.021875000000000002 0.05
9 0.93125 0.671875 0.043750000000000004 0.018750000000000003
5 0.49921875000000004 0.5265625 0.23593750000000002 0.06875
5 0.76171875 0.50703125 0.18906250000000002 0.060937500000000006
3 0.875 0.9632812500000001 0.096875 0.0703125
3 0.75390625 0.96875 0.09531250000000001 0.059375000000000004
3 0.47265625 0.9773437500000001 0.1015625 0.045312500000000006
3 0.31328125 0.9875 0.0734375 0.025
9 0.42031250000000003 0.9343750000000001 0.046875 0.028125
1 0.41640625000000003 0.9328125 0.0234375 0.021875000000000002
4 0.52578125 0.90546875 0.09843750000000001 0.051562500000000004
8 0.69453125 0.8859375 0.1328125 0.078125
