9 0.18984375 0.7140625 0.0421875 0.053125000000000006
9 0.32656250000000003 0.640625 0.025 0.05625
3 0.43203125000000003 0.62890625 0.13593750000000002 0.11093750000000001
9 0.38984375000000004 0.41875 0.0703125 0.034375
9 0.47187500000000004 0.4765625 0.046875 0.0625
9 0.51875 0.46406250000000004 0.037500000000000006 0.05
3 0.69296875 0.44375000000000003 0.1296875 0.09375
9 0.6726562500000001 0.36250000000000004 0.0390625 0.053125000000000006
3 0.81015625 0.37343750000000003 0.1203125 0.09375
1 0.6898437500000001 0.2265625 0.0234375 0.025
1 0.71640625 0.21406250000000002 0.0234375 0.037500000000000006
9 0.9085937500000001 0.20625000000000002 0.0546875 0.043750000000000004
