4 0.1484375 0.10312500000000001 0.043750000000000004 0.08125
8 0.1796875 0.7421875 0.33437500000000003 0.209375
9 0.42812500000000003 0.70859375 0.059375000000000004 0.0890625
9 0.4765625 0.6882812500000001 0.08125 0.0890625
9 0.46015625000000004 0.7046875 0.0734375 0.10625000000000001
9 0.5421875 0.6640625 0.078125 0.08750000000000001
9 0.5734375 0.6507812500000001 0.07187500000000001 0.08281250000000001
9 0.596875 0.64765625 0.065625 0.0921875
9 0.69296875 0.6179687500000001 0.0703125 0.0890625
9 0.7265625 0.6117187500000001 0.0625 0.07968750000000001
9 0.6453125000000001 0.63828125 0.07187500000000001 0.08281250000000001
9 0.6726562500000001 0.6218750000000001 0.060937500000000006 0.07500000000000001
9 0.7453125 0.59609375 0.05 0.08281250000000001
0 0.1421875 0.91328125 0.028125 0.0578125
0 0.07187500000000001 0.95703125 0.043750000000000004 0.045312500000000006
0 0.65 0.2609375 0.028125 0.05
0 0.62265625 0.23671875 0.026562500000000003 0.0390625
0 0.57421875 0.25 0.026562500000000003 0.043750000000000004
0 0.53515625 0.30234375 0.026562500000000003 0.0390625
0 0.6125 0.27890625 0.034375 0.0484375
0 0.35625 0.08203125 0.015625 0.029687500000000002
0 0.4546875 0.018750000000000003 0.015625 0.028125
0 0.7375 0.75 0.034375 0.05
