3 0.19843750000000002 0.1765625 0.065625 0.034375
3 0.31796875 0.16953125000000002 0.06406250000000001 0.035937500000000004
3 0.29609375 0.0921875 0.051562500000000004 0.03125
3 0.53046875 0.08359375000000001 0.0484375 0.0328125
3 0.6015625 0.08828125 0.05 0.0328125
3 0.8546875 0.01953125 0.046875 0.029687500000000002
3 0.25234375000000003 0.24765625000000002 0.051562500000000004 0.026562500000000003
3 0.11406250000000001 0.022656250000000003 0.046875 0.026562500000000003
3 0.8851562500000001 0.1046875 0.0390625 0.03125
3 0.284375 0.032031250000000004 0.037500000000000006 0.0203125
3 0.33828125000000003 0.032031250000000004 0.0421875 0.0203125
3 0.3921875 0.03828125 0.046875 0.0203125
3 0.7664062500000001 0.2265625 0.045312500000000006 0.028125
0 0.52578125 0.34296875000000004 0.010937500000000001 0.0171875
0 0.6234375000000001 0.3640625 0.0125 0.028125
0 0.5359375000000001 0.34765625 0.009375000000000001 0.0171875
4 0.5671875000000001 0.259375 0.0625 0.037500000000000006
4 0.66796875 0.040625 0.0484375 0.034375
