3 0.13828125 0.42031250000000003 0.045312500000000006 0.018750000000000003
3 0.23671875 0.43281250000000004 0.029687500000000002 0.018750000000000003
5 0.22578125000000002 0.47500000000000003 0.045312500000000006 0.025
4 0.20625000000000002 0.39609375 0.040625 0.0203125
3 0.31015625 0.37890625 0.026562500000000003 0.0140625
5 0.28203125 0.371875 0.035937500000000004 0.028125
3 0.21171875 0.37890625 0.0234375 0.0140625
4 0.12812500000000002 0.39296875000000003 0.03125 0.0171875
4 0.13984375000000002 0.38359375 0.029687500000000002 0.0171875
3 0.15937500000000002 0.384375 0.015625 0.0125
3 0.16953125000000002 0.3765625 0.029687500000000002 0.018750000000000003
6 0.39296875000000003 0.31171875000000004 0.0484375 0.0140625
3 0.47109375000000003 0.30078125 0.026562500000000003 0.0140625
3 0.43828125 0.3015625 0.0234375 0.0125
3 0.9187500000000001 0.496875 0.043750000000000004 0.018750000000000003
