5 0.371875 0.92890625 0.26875 0.1328125
5 0.403125 0.8171875000000001 0.30312500000000003 0.134375
5 0.51015625 0.6742187500000001 0.18906250000000002 0.1234375
5 0.7015625000000001 0.7117187500000001 0.125 0.1546875
5 0.52890625 0.56484375 0.3046875 0.1046875
3 0.7562500000000001 0.45859375 0.1 0.0390625
5 0.72421875 0.40703125 0.15156250000000002 0.051562500000000004
3 0.09453125000000001 0.4703125 0.0703125 0.037500000000000006
9 0.60546875 0.7578125 0.0484375 0.037500000000000006
0 0.9656250000000001 0.34218750000000003 0.009375000000000001 0.025
5 0.1453125 0.29296875 0.0625 0.029687500000000002
4 0.07109375 0.30078125 0.0234375 0.026562500000000003
