4 0.0484375 0.03359375 0.059375000000000004 0.0578125
3 0.0328125 0.146875 0.059375000000000004 0.065625
3 0.14765625000000002 0.153125 0.0546875 0.05625
3 0.14140625 0.21796875000000002 0.060937500000000006 0.0703125
4 0.20234375000000002 0.2265625 0.0546875 0.059375000000000004
4 0.25703125 0.29765625 0.0703125 0.07968750000000001
4 0.32109375 0.37812500000000004 0.0703125 0.07500000000000001
3 0.37734375000000003 0.4546875 0.0703125 0.07500000000000001
3 0.43359375 0.534375 0.0765625 0.084375
3 0.39921875 0.578125 0.0765625 0.08750000000000001
0 0.39453125 0.060937500000000006 0.010937500000000001 0.021875000000000002
0 0.43359375 0.12734375 0.010937500000000001 0.0203125
0 0.42500000000000004 0.15156250000000002 0.009375000000000001 0.015625
0 0.53046875 0.24921875000000002 0.004687500000000001 0.010937500000000001
0 0.5296875 0.24140625000000002 0.00625 0.0140625
0 0.5593750000000001 0.21875 0.009375000000000001 0.018750000000000003
0 0.55703125 0.234375 0.0078125 0.015625
0 0.56875 0.24296875 0.00625 0.0140625
0 0.5640625 0.2390625 0.009375000000000001 0.015625
0 0.55703125 0.24921875000000002 0.010937500000000001 0.0078125
0 0.56875 0.27187500000000003 0.0125 0.021875000000000002
0 0.5796875 0.24921875000000002 0.009375000000000001 0.010937500000000001
0 0.6117187500000001 0.2390625 0.0171875 0.021875000000000002
0 0.6179687500000001 0.26875 0.010937500000000001 0.015625
0 0.6351562500000001 0.3140625 0.010937500000000001 0.015625
0 0.6414062500000001 0.31562500000000004 0.0078125 0.021875000000000002
0 0.61640625 0.33671875 0.010937500000000001 0.0140625
0 0.6328125 0.35625 0.015625 0.025
0 0.88984375 0.265625 0.010937500000000001 0.018750000000000003
0 0.8929687500000001 0.26015625000000003 0.0078125 0.0171875
0 0.89609375 0.26484375 0.010937500000000001 0.0171875
0 0.9070312500000001 0.2625 0.0078125 0.015625
0 0.91328125 0.2703125 0.010937500000000001 0.0125
0 0.9148437500000001 0.26484375 0.0078125 0.010937500000000001
0 0.91953125 0.24531250000000002 0.010937500000000001 0.0125
0 0.91953125 0.16484375 0.010937500000000001 0.010937500000000001
0 0.9460937500000001 0.1125 0.010937500000000001 0.015625
0 0.97421875 0.13046875 0.0140625 0.0203125
0 0.98984375 0.12265625000000001 0.010937500000000001 0.0171875
0 0.8367187500000001 0.07109375 0.0171875 0.0171875
0 0.78828125 0.0125 0.010937500000000001 0.015625
0 0.7984375 0.01953125 0.009375000000000001 0.0140625
0 0.8046875 0.02734375 0.009375000000000001 0.0140625
0 0.8093750000000001 0.03359375 0.009375000000000001 0.0140625
0 0.8304687500000001 0.018750000000000003 0.0171875 0.028125
0 0.82421875 0.0140625 0.010937500000000001 0.018750000000000003
0 0.83125 0.0140625 0.00625 0.025
