0 0.60703125 0.76875 0.0546875 0.06875
0 0.6734375 0.6335937500000001 0.043750000000000004 0.06406250000000001
0 0.43359375 0.45625000000000004 0.0328125 0.0625
0 0.1375 0.64765625 0.059375000000000004 0.0734375
0 0.1265625 0.40390625 0.043750000000000004 0.0671875
2 0.58125 0.44765625000000003 0.040625 0.035937500000000004
2 0.61875 0.5015625 0.07187500000000001 0.053125000000000006
2 0.6312500000000001 0.521875 0.078125 0.05
2 0.43359375 0.6531250000000001 0.0390625 0.0625
1 0.12578125 0.8546875 0.0734375 0.07187500000000001
2 0.9671875000000001 0.6804687500000001 0.05625 0.0671875
