3 0.94453125 0.08125 0.035937500000000004 0.028125
0 0.9343750000000001 0.0171875 0.00625 0.021875000000000002
1 0.9281250000000001 0.29140625000000003 0.025 0.026562500000000003
9 0.92734375 0.31015625 0.0203125 0.0421875
3 0.81015625 0.153125 0.0328125 0.034375
3 0.6156250000000001 0.60078125 0.19375 0.08281250000000001
3 0.5453125 0.53046875 0.1625 0.0703125
3 0.7781250000000001 0.47187500000000004 0.07187500000000001 0.06875
3 0.7937500000000001 0.4109375 0.1 0.059375000000000004
3 0.7953125000000001 0.37109375 0.115625 0.06406250000000001
3 0.77734375 0.33906250000000004 0.060937500000000006 0.046875
3 0.7890625 0.22578125000000002 0.0625 0.0390625
3 0.7953125000000001 0.20234375000000002 0.043750000000000004 0.035937500000000004
0 0.09062500000000001 0.2 0.0125 0.040625
0 0.26796875000000003 0.18359375 0.010937500000000001 0.035937500000000004
4 0.5390625 0.15781250000000002 0.09375 0.046875
3 0.47109375000000003 0.14375000000000002 0.06406250000000001 0.025
3 0.48281250000000003 0.1296875 0.065625 0.034375
3 0.49453125000000003 0.12578125 0.0734375 0.0328125
3 0.51015625 0.11328125 0.0703125 0.0328125
3 0.3453125 0.1 0.034375 0.028125
9 0.28125 0.13203125000000002 0.025 0.0203125
9 0.3046875 0.11093750000000001 0.018750000000000003 0.021875000000000002
5 0.5085937500000001 0.045312500000000006 0.13593750000000002 0.043750000000000004
5 0.37734375000000003 0.047656250000000004 0.1015625 0.0390625
