3 0.44921875 0.1046875 0.0328125 0.043750000000000004
3 0.47578125000000004 0.15937500000000002 0.0390625 0.043750000000000004
3 0.2859375 0.23984375000000002 0.037500000000000006 0.0421875
3 0.24140625000000002 0.7117187500000001 0.0546875 0.0765625
0 0.9812500000000001 0.18046875 0.015625 0.026562500000000003
0 0.7546875000000001 0.065625 0.0125 0.028125
0 0.74921875 0.026562500000000003 0.010937500000000001 0.018750000000000003
0 0.7507812500000001 0.021875000000000002 0.010937500000000001 0.025
8 0.33437500000000003 0.76875 0.09375 0.234375
5 0.5140625 0.246875 0.07187500000000001 0.10312500000000001
3 0.02109375 0.3828125 0.0390625 0.078125
8 0.71796875 0.10234375000000001 0.0765625 0.1203125
