0 0.13125 0.890625 0.00625 0.0125
3 0.3828125 0.53671875 0.021875000000000002 0.0578125
3 0.30078125 0.19687500000000002 0.026562500000000003 0.053125000000000006
3 0.403125 0.18906250000000002 0.018750000000000003 0.040625
3 0.36640625000000004 0.24609375 0.0203125 0.045312500000000006
3 0.625 0.5328125 0.07187500000000001 0.037500000000000006
3 0.61875 0.40937500000000004 0.059375000000000004 0.025
0 0.7976562500000001 0.33515625000000004 0.0234375 0.0390625
3 0.7562500000000001 0.15625 0.043750000000000004 0.028125
5 0.8796875000000001 0.15546875000000002 0.040625 0.029687500000000002
0 0.884375 0.11875000000000001 0.00625 0.0125
0 0.9015625 0.11015625000000001 0.00625 0.0171875
0 0.93125 0.11015625000000001 0.00625 0.0171875
0 0.9226562500000001 0.11015625000000001 0.004687500000000001 0.010937500000000001
