1 0.18125000000000002 0.46718750000000003 0.034375 0.059375000000000004
9 0.18046875 0.47265625 0.035937500000000004 0.0890625
1 0.3125 0.18671875000000002 0.03125 0.0390625
9 0.31171875000000004 0.19609375 0.026562500000000003 0.0484375
1 0.20390625 0.06015625 0.026562500000000003 0.0484375
9 0.20390625 0.06796875000000001 0.026562500000000003 0.051562500000000004
7 0.3875 0.07187500000000001 0.065625 0.08750000000000001
1 0.5390625 0.6687500000000001 0.037500000000000006 0.053125000000000006
4 0.84140625 0.9234375 0.1609375 0.15000000000000002
4 0.81796875 0.7484375000000001 0.13593750000000002 0.203125
2 0.8851562500000001 0.61640625 0.08281250000000001 0.0484375
9 0.8031250000000001 0.23046875 0.053125000000000006 0.060937500000000006
9 0.7359375 0.10390625 0.053125000000000006 0.051562500000000004
3 0.6828125 0.26640625 0.084375 0.1265625
6 0.59921875 0.19375 0.051562500000000004 0.078125
7 0.5828125000000001 0.27890625 0.07500000000000001 0.1453125
