0 0.24765625000000002 0.15156250000000002 0.0078125 0.018750000000000003
0 0.415625 0.18046875 0.009375000000000001 0.029687500000000002
0 0.62421875 0.24609375 0.010937500000000001 0.0234375
0 0.63984375 0.23828125 0.004687500000000001 0.0234375
0 0.7937500000000001 0.18906250000000002 0.00625 0.025
0 0.7992187500000001 0.15546875000000002 0.004687500000000001 0.0203125
0 0.7937500000000001 0.1640625 0.00625 0.021875000000000002
0 0.784375 0.1640625 0.00625 0.025
0 0.7757812500000001 0.234375 0.0078125 0.021875000000000002
0 0.9796875 0.24296875 0.015625 0.0484375
0 0.8210937500000001 0.14453125 0.010937500000000001 0.026562500000000003
0 0.846875 0.14765625000000002 0.009375000000000001 0.0234375
0 0.8656250000000001 0.15156250000000002 0.00625 0.025
0 0.93125 0.0859375 0.00625 0.021875000000000002
