4 0.9085937500000001 0.26796875000000003 0.026562500000000003 0.045312500000000006
4 0.74375 0.6203125 0.09375 0.053125000000000006
5 0.86328125 0.7625000000000001 0.06406250000000001 0.13125
8 0.91796875 0.44140625 0.06406250000000001 0.16718750000000002
4 0.36171875000000003 0.86875 0.11406250000000001 0.059375000000000004
4 0.1421875 0.8835937500000001 0.109375 0.0484375
3 0.8914062500000001 0.018750000000000003 0.0421875 0.028125
4 0.8812500000000001 0.039843750000000004 0.043750000000000004 0.0328125
3 0.8929687500000001 0.00703125 0.0390625 0.010937500000000001
0 0.5859375 0.5859375 0.015625 0.025
0 0.4390625 0.5906250000000001 0.015625 0.021875000000000002
0 0.84921875 0.33437500000000003 0.010937500000000001 0.018750000000000003
0 0.8046875 0.496875 0.0125 0.025
0 0.8656250000000001 0.22890625 0.00625 0.0203125
0 0.8601562500000001 0.24375000000000002 0.010937500000000001 0.028125
0 0.9070312500000001 0.10312500000000001 0.0078125 0.021875000000000002
3 0.41718750000000004 0.45937500000000003 0.037500000000000006 0.05625
