9 0.17578125 0.19296875000000002 0.051562500000000004 0.1015625
0 0.33437500000000003 0.38593750000000004 0.03125 0.0625
9 0.40859375000000003 0.209375 0.1046875 0.05
9 0.43281250000000004 0.38515625000000003 0.115625 0.0578125
1 0.41640625000000003 0.37734375000000003 0.0578125 0.045312500000000006
0 0.47734375 0.31171875000000004 0.035937500000000004 0.0578125
9 0.415625 0.3375 0.109375 0.043750000000000004
9 0.40546875000000004 0.25 0.08281250000000001 0.040625
9 0.4109375 0.28828125 0.084375 0.0421875
0 0.4421875 0.29140625000000003 0.05 0.0578125
1 0.33906250000000004 0.12187500000000001 0.034375 0.0625
1 0.38906250000000003 0.15234375 0.046875 0.051562500000000004
9 0.38671875 0.15703125 0.0765625 0.060937500000000006
9 0.328125 0.14765625000000002 0.037500000000000006 0.0703125
