3 0.034375 0.51875 0.065625 0.05
3 0.051562500000000004 0.6664062500000001 0.10312500000000001 0.0765625
3 0.0765625 0.640625 0.15000000000000002 0.065625
3 0.09843750000000001 0.59609375 0.140625 0.045312500000000006
3 0.33984375 0.325 0.1046875 0.053125000000000006
3 0.42265625 0.284375 0.0765625 0.037500000000000006
3 0.46718750000000003 0.36171875000000003 0.09062500000000001 0.045312500000000006
3 0.48203125 0.3296875 0.08281250000000001 0.040625
3 0.48828125 0.30390625000000004 0.09843750000000001 0.035937500000000004
0 0.47187500000000004 0.2390625 0.021875000000000002 0.040625
0 0.53515625 0.21796875000000002 0.0203125 0.035937500000000004
0 0.48828125 0.953125 0.0421875 0.08750000000000001
0 0.6742187500000001 0.8828125 0.0390625 0.07500000000000001
