3 0.7125 0.8375 0.22187500000000002 0.109375
0 0.57734375 0.79296875 0.029687500000000002 0.0890625
0 0.84296875 0.75546875 0.045312500000000006 0.07968750000000001
9 0.44453125000000004 0.8234375 0.0546875 0.07500000000000001
3 0.38359375 0.35000000000000003 0.0890625 0.053125000000000006
4 0.30781250000000004 0.33125000000000004 0.0625 0.053125000000000006
3 0.2609375 0.32656250000000003 0.059375000000000004 0.037500000000000006
3 0.16562500000000002 0.3015625 0.07187500000000001 0.037500000000000006
4 0.13125 0.284375 0.07500000000000001 0.053125000000000006
5 0.0859375 0.265625 0.078125 0.0625
3 0.051562500000000004 0.265625 0.065625 0.040625
