1 0.39453125 0.89375 0.010937500000000001 0.009375000000000001
1 0.4421875 0.88671875 0.009375000000000001 0.010937500000000001
2 0.3984375 0.88984375 0.018750000000000003 0.0078125
2 0.44375000000000003 0.88671875 0.015625 0.0078125
0 0.8226562500000001 0.7578125 0.0078125 0.00625
0 0.7828125 0.71796875 0.00625 0.0078125
9 0.915625 0.6765625000000001 0.025 0.0125
0 0.9031250000000001 0.6648437500000001 0.009375000000000001 0.0078125
3 0.1859375 0.053125000000000006 0.053125000000000006 0.028125
3 0.45546875000000003 0.0125 0.0546875 0.025
1 0.6468750000000001 0.00859375 0.00625 0.0078125
9 0.6468750000000001 0.009375000000000001 0.018750000000000003 0.009375000000000001
