3 0.059375000000000004 0.32109375 0.07187500000000001 0.09843750000000001
3 0.125 0.15937500000000002 0.05625 0.078125
9 0.36171875000000003 0.12265625000000001 0.0171875 0.045312500000000006
0 0.58046875 0.03671875 0.010937500000000001 0.029687500000000002
9 0.29531250000000003 0.33671875 0.021875000000000002 0.045312500000000006
0 0.5867187500000001 0.7718750000000001 0.035937500000000004 0.08125
0 0.5398437500000001 0.8070312500000001 0.026562500000000003 0.07968750000000001
3 0.7765625 0.36015625 0.153125 0.0765625
8 0.8703125 0.24140625000000002 0.240625 0.1265625
3 0.8046875 0.31171875000000004 0.14375000000000002 0.0703125
9 0.6953125 0.1640625 0.043750000000000004 0.028125
1 0.3609375 0.115625 0.015625 0.03125
1 0.7000000000000001 0.16328125000000002 0.028125 0.0203125
1 0.296875 0.328125 0.015625 0.025
