3 0.46796875000000004 0.02421875 0.1171875 0.0484375
6 0.45156250000000003 0.11796875000000001 0.08750000000000001 0.0765625
6 0.42031250000000003 0.19765625 0.08750000000000001 0.0765625
1 0.30000000000000004 0.045312500000000006 0.034375 0.046875
1 0.30781250000000004 0.06406250000000001 0.028125 0.06875
1 0.33906250000000004 0.05 0.03125 0.043750000000000004
1 0.340625 0.059375000000000004 0.028125 0.053125000000000006
9 0.44453125000000004 0.0734375 0.08281250000000001 0.05
9 0.446875 0.08984375 0.08750000000000001 0.0484375
2 0.82421875 0.03125 0.0734375 0.043750000000000004
9 0.7453125 0.2703125 0.046875 0.0625
9 0.7046875 0.340625 0.046875 0.06875
9 0.728125 0.49062500000000003 0.040625 0.084375
9 0.82421875 0.52109375 0.045312500000000006 0.06406250000000001
9 0.8484375000000001 0.3359375 0.034375 0.078125
0 0.83203125 0.78125 0.0703125 0.115625
0 0.83359375 0.30312500000000003 0.0390625 0.1
0 0.9265625000000001 0.11640625 0.043750000000000004 0.09843750000000001
0 0.88828125 0.14140625 0.0484375 0.0921875
0 0.784375 0.1625 0.05 0.096875
0 0.80859375 0.30781250000000004 0.0671875 0.1
1 0.759375 0.24531250000000002 0.037500000000000006 0.065625
1 0.71015625 0.30859375 0.0421875 0.060937500000000006
1 0.7359375 0.4578125 0.05625 0.06875
1 0.8343750000000001 0.49531250000000004 0.065625 0.07187500000000001
0 0.8914062500000001 0.74609375 0.0765625 0.1171875
0 0.671875 0.46718750000000003 0.053125000000000006 0.10312500000000001
0 0.65234375 0.6101562500000001 0.045312500000000006 0.1046875
0 0.9164062500000001 0.28671875 0.0578125 0.09531250000000001
0 0.9296875 0.30546875 0.0625 0.0890625
0 0.96796875 0.3203125 0.0484375 0.09375
