3 0.43359375 0.6492187500000001 0.0484375 0.0578125
3 0.37812500000000004 0.6257812500000001 0.043750000000000004 0.060937500000000006
3 0.35390625000000003 0.58203125 0.0390625 0.051562500000000004
4 0.41171875 0.5734375 0.045312500000000006 0.065625
3 0.3375 0.45859375 0.028125 0.0484375
3 0.31953125000000004 0.38906250000000003 0.026562500000000003 0.03125
3 0.38203125000000004 0.32734375000000004 0.0328125 0.0328125
3 0.321875 0.25703125 0.025 0.029687500000000002
3 0.28203125 0.203125 0.0203125 0.025
3 0.31328125 0.19140625 0.0234375 0.0234375
3 0.32265625000000003 0.16953125000000002 0.0234375 0.0234375
3 0.30000000000000004 0.11640625 0.021875000000000002 0.0203125
3 0.25 0.1171875 0.018750000000000003 0.021875000000000002
3 0.2625 0.09609375 0.015625 0.0171875
3 0.29140625000000003 0.096875 0.0140625 0.018750000000000003
3 0.26171875 0.0734375 0.0203125 0.018750000000000003
3 0.2578125 0.04609375 0.018750000000000003 0.0140625
3 0.23750000000000002 0.034375 0.009375000000000001 0.015625
1 0.84921875 0.9265625000000001 0.0234375 0.034375
1 0.12890625 0.6828125 0.0140625 0.018750000000000003
9 0.8460937500000001 0.940625 0.045312500000000006 0.03125
9 0.1265625 0.6960937500000001 0.021875000000000002 0.0203125
9 0.15703125 0.48984375 0.010937500000000001 0.0234375
9 0.15859375 0.42812500000000003 0.010937500000000001 0.015625
1 0.15625 0.48046875 0.009375000000000001 0.0171875
1 0.15859375 0.415625 0.010937500000000001 0.018750000000000003
0 0.13203125000000002 0.24921875000000002 0.010937500000000001 0.0234375
1 0.16484375 0.10390625 0.0078125 0.010937500000000001
9 0.16484375 0.11015625000000001 0.010937500000000001 0.0078125
0 0.16796875 0.02109375 0.0078125 0.0140625
5 0.40156250000000004 0.509375 0.046875 0.0625
