3 0.93125 0.37109375 0.043750000000000004 0.08281250000000001
3 0.6015625 0.284375 0.05 0.078125
3 0.8921875 0.8539062500000001 0.05 0.1234375
3 0.79296875 0.596875 0.1046875 0.05
3 0.3953125 0.38515625000000003 0.109375 0.0484375
3 0.36015625 0.52578125 0.1328125 0.051562500000000004
3 0.35078125000000004 0.5796875 0.13593750000000002 0.05625
3 0.62421875 0.59765625 0.1421875 0.06406250000000001
3 0.47265625 0.6859375000000001 0.06406250000000001 0.09062500000000001
3 0.75 0.96875 0.115625 0.059375000000000004
0 0.59296875 0.9007812500000001 0.0234375 0.026562500000000003
0 0.5953125 0.87421875 0.021875000000000002 0.0234375
0 0.58984375 0.8601562500000001 0.0203125 0.026562500000000003
0 0.39375000000000004 0.21796875000000002 0.028125 0.029687500000000002
0 0.421875 0.037500000000000006 0.015625 0.034375
0 0.42812500000000003 0.030468750000000003 0.021875000000000002 0.035937500000000004
0 0.53671875 0.12734375 0.0203125 0.035937500000000004
0 0.553125 0.1328125 0.015625 0.028125
1 0.5640625 0.12890625 0.021875000000000002 0.026562500000000003
0 0.9421875000000001 0.8562500000000001 0.015625 0.03125
