3 0.7468750000000001 0.884375 0.134375 0.17500000000000002
3 0.78046875 0.7390625000000001 0.1015625 0.12187500000000001
3 0.775 0.6125 0.11875000000000001 0.153125
0 0.6984375 0.546875 0.03125 0.0625
3 0.8054687500000001 0.5375 0.07968750000000001 0.08125
3 0.8250000000000001 0.43046875 0.065625 0.0703125
3 0.84921875 0.3125 0.0546875 0.046875
1 0.9015625 0.3453125 0.021875000000000002 0.040625
9 0.90390625 0.35468750000000004 0.0234375 0.034375
3 0.8601562500000001 0.26796875000000003 0.051562500000000004 0.051562500000000004
3 0.31328125 0.76953125 0.21406250000000002 0.1015625
3 0.36015625 0.696875 0.2109375 0.08125
4 0.40703125 0.6265625 0.21406250000000002 0.08750000000000001
3 0.42031250000000003 0.59140625 0.209375 0.0734375
3 0.45078125 0.546875 0.1921875 0.06875
3 0.25546875 0.5 0.1015625 0.06875
3 0.3328125 0.40156250000000004 0.084375 0.059375000000000004
3 0.43515625 0.38515625000000003 0.0734375 0.06406250000000001
3 0.96484375 0.1625 0.035937500000000004 0.034375
3 0.8929687500000001 0.17421875 0.0765625 0.0328125
0 0.859375 0.16718750000000002 0.015625 0.028125
3 0.8984375 0.14609375 0.03125 0.029687500000000002
4 0.859375 0.16015625 0.03125 0.029687500000000002
3 0.87109375 0.11093750000000001 0.06406250000000001 0.028125
0 0.9750000000000001 0.08984375 0.009375000000000001 0.0234375
3 0.8992187500000001 0.07578125000000001 0.029687500000000002 0.0171875
