9 0.28671875 0.9148437500000001 0.026562500000000003 0.035937500000000004
9 0.45390625 0.7976562500000001 0.0203125 0.029687500000000002
9 0.42890625000000004 0.7976562500000001 0.0203125 0.0234375
9 0.40468750000000003 0.79296875 0.018750000000000003 0.026562500000000003
9 0.17578125 0.8890625000000001 0.0171875 0.040625
9 0.41328125000000004 0.7296875 0.0328125 0.025
3 0.26796875000000003 0.8421875000000001 0.1078125 0.05625
3 0.340625 0.78125 0.078125 0.05
3 0.453125 0.6921875000000001 0.046875 0.037500000000000006
3 0.47500000000000003 0.6687500000000001 0.040625 0.03125
3 0.53359375 0.65 0.060937500000000006 0.03125
1 0.2859375 0.8984375 0.018750000000000003 0.040625
1 0.40468750000000003 0.7835937500000001 0.015625 0.029687500000000002
1 0.42812500000000003 0.7835937500000001 0.0125 0.029687500000000002
1 0.45234375000000004 0.7859375000000001 0.0171875 0.03125
3 0.6062500000000001 0.5796875 0.043750000000000004 0.025
3 0.6335937500000001 0.54453125 0.0328125 0.0234375
3 0.66171875 0.5234375 0.029687500000000002 0.015625
4 0.9203125000000001 0.4578125 0.0125 0.018750000000000003
3 0.85703125 0.5234375 0.0234375 0.021875000000000002
8 0.8031250000000001 0.46015625000000004 0.021875000000000002 0.035937500000000004
5 0.9437500000000001 0.5140625 0.037500000000000006 0.034375
5 0.9625 0.521875 0.028125 0.037500000000000006
3 0.9593750000000001 0.546875 0.025 0.015625
5 0.9500000000000001 0.7718750000000001 0.07500000000000001 0.15625
5 0.95859375 0.6640625 0.0546875 0.09375
5 0.9617187500000001 0.60546875 0.051562500000000004 0.0703125
4 0.96796875 0.5609375 0.026562500000000003 0.015625
1 0.6421875 0.5984375000000001 0.0125 0.025
3 0.69453125 0.503125 0.026562500000000003 0.018750000000000003
3 0.7078125000000001 0.49531250000000004 0.018750000000000003 0.015625
3 0.72578125 0.4859375 0.0328125 0.015625
3 0.7429687500000001 0.48203125 0.029687500000000002 0.0140625
