3 0.31796875 0.18828125 0.1546875 0.07968750000000001
3 0.41328125000000004 0.125 0.1421875 0.08125
3 0.49296875 0.14140625 0.16718750000000002 0.09531250000000001
2 0.690625 0.20468750000000002 0.0625 0.05
0 0.7507812500000001 0.15390625000000002 0.029687500000000002 0.060937500000000006
0 0.8578125000000001 0.08984375 0.025 0.06406250000000001
3 0.909375 0.1390625 0.11875000000000001 0.08750000000000001
3 0.6804687500000001 0.55625 0.22031250000000002 0.17500000000000002
3 0.32656250000000003 0.7273437500000001 0.16875 0.2328125
3 0.45546875000000003 0.7742187500000001 0.2484375 0.2171875
