8 0.7125 0.6312500000000001 0.321875 0.23750000000000002
8 0.32265625000000003 0.84375 0.3203125 0.21875
3 0.5710937500000001 0.309375 0.045312500000000006 0.053125000000000006
3 0.46406250000000004 0.15156250000000002 0.043750000000000004 0.037500000000000006
4 0.5421875 0.20703125 0.037500000000000006 0.0546875
4 0.5109375 0.171875 0.043750000000000004 0.046875
4 0.3984375 0.1 0.065625 0.03125
4 0.30234375 0.49375 0.0578125 0.07187500000000001
4 0.35625 0.67890625 0.065625 0.08281250000000001
0 0.69140625 0.5015625 0.0234375 0.021875000000000002
0 0.7046875 0.52109375 0.025 0.026562500000000003
0 0.53046875 0.12890625 0.010937500000000001 0.0203125
0 0.5164062500000001 0.146875 0.010937500000000001 0.025
0 0.51328125 0.1328125 0.0078125 0.018750000000000003
0 0.325 0.025781250000000002 0.009375000000000001 0.0171875
5 0.29140625000000003 0.03828125 0.0578125 0.051562500000000004
5 0.340625 0.0703125 0.05625 0.053125000000000006
0 0.059375000000000004 0.278125 0.0125 0.025
0 0.060937500000000006 0.3171875 0.015625 0.028125
0 0.115625 0.57265625 0.021875000000000002 0.0328125
0 0.07734375 0.73203125 0.0171875 0.0390625
0 0.1 0.46953125 0.015625 0.026562500000000003
0 0.05 0.2703125 0.015625 0.025
0 0.08281250000000001 0.6156250000000001 0.021875000000000002 0.037500000000000006
0 0.14921875 0.63203125 0.0203125 0.0484375
0 0.8523437500000001 0.8859375 0.0234375 0.053125000000000006
