3 0.8382812500000001 0.23125 0.0859375 0.140625
0 0.9031250000000001 0.65 0.037500000000000006 0.084375
2 0.48359375000000004 0.80390625 0.09531250000000001 0.0546875
9 0.51484375 0.7601562500000001 0.0921875 0.060937500000000006
2 0.53046875 0.628125 0.0921875 0.053125000000000006
2 0.515625 0.6976562500000001 0.08750000000000001 0.045312500000000006
0 0.7132812500000001 0.42734375 0.035937500000000004 0.08281250000000001
0 0.7171875000000001 0.47187500000000004 0.034375 0.078125
3 0.7296875 0.36171875000000003 0.16562500000000002 0.1390625
9 0.59609375 0.46406250000000004 0.0890625 0.053125000000000006
9 0.59140625 0.43203125000000003 0.0765625 0.045312500000000006
9 0.5921875 0.4078125 0.07187500000000001 0.037500000000000006
9 0.603125 0.37031250000000004 0.08125 0.053125000000000006
2 0.48750000000000004 0.34921875 0.037500000000000006 0.0578125
0 0.58203125 0.21875 0.0390625 0.065625
0 0.5867187500000001 0.18906250000000002 0.0328125 0.065625
0 0.7875000000000001 0.2671875 0.025 0.06875
0 0.75703125 0.25546875 0.035937500000000004 0.0734375
0 0.821875 0.12890625 0.025 0.0671875
0 0.83125 0.10312500000000001 0.028125 0.065625
0 0.79296875 0.10312500000000001 0.029687500000000002 0.065625
0 0.77109375 0.115625 0.026562500000000003 0.06875
0 0.76171875 0.2265625 0.0328125 0.06875
0 0.73828125 0.18203125 0.026562500000000003 0.06406250000000001
0 0.7328125000000001 0.23046875 0.03125 0.0703125
0 0.71015625 0.19687500000000002 0.0328125 0.07500000000000001
3 0.74921875 0.03828125 0.1765625 0.0734375
