0 0.7328125000000001 0.7640625000000001 0.043750000000000004 0.0625
0 0.78828125 0.73046875 0.0328125 0.07968750000000001
1 0.7273437500000001 0.75546875 0.026562500000000003 0.045312500000000006
1 0.79453125 0.71015625 0.0171875 0.045312500000000006
3 0.45937500000000003 0.64765625 0.19375 0.1171875
3 0.31796875 0.6531250000000001 0.1921875 0.11875000000000001
3 0.5484375 0.54296875 0.17500000000000002 0.09843750000000001
3 0.74375 0.46796875000000004 0.140625 0.0859375
4 0.89609375 0.39140625 0.1203125 0.09531250000000001
0 0.23671875 0.509375 0.0390625 0.065625
0 0.060937500000000006 0.353125 0.037500000000000006 0.053125000000000006
0 0.10546875 0.31953125000000004 0.029687500000000002 0.0546875
0 0.38828125 0.08281250000000001 0.0140625 0.025
3 0.0765625 0.17343750000000002 0.115625 0.040625
3 0.14765625000000002 0.1484375 0.09843750000000001 0.034375
3 0.084375 0.07109375 0.1 0.0328125
3 0.06171875 0.0625 0.0765625 0.034375
3 0.037500000000000006 0.06171875 0.07187500000000001 0.035937500000000004
3 0.12109375 0.046875 0.0921875 0.034375
3 0.034375 0.025781250000000002 0.065625 0.0234375
3 0.028125 0.0578125 0.053125000000000006 0.040625
8 0.3828125 0.041406250000000006 0.11875000000000001 0.0578125
3 0.2234375 0.01640625 0.05625 0.029687500000000002
3 0.18671875000000002 0.013281250000000001 0.0484375 0.0234375
9 0.44765625000000003 0.07500000000000001 0.0234375 0.037500000000000006
3 0.7953125000000001 0.0671875 0.053125000000000006 0.025
3 0.82734375 0.05 0.0390625 0.025
3 0.65625 0.05 0.046875 0.028125
