3 0.1953125 0.9593750000000001 0.134375 0.046875
3 0.62421875 0.9109375000000001 0.0859375 0.028125
3 0.65625 0.90390625 0.07187500000000001 0.026562500000000003
3 0.67890625 0.9031250000000001 0.06406250000000001 0.025
3 0.62265625 0.87890625 0.035937500000000004 0.0203125
3 0.5640625 0.875 0.037500000000000006 0.015625
4 0.58515625 0.86640625 0.0390625 0.0203125
3 0.6578125 0.8671875 0.015625 0.0125
0 0.6507812500000001 0.85703125 0.004687500000000001 0.010937500000000001
0 0.65625 0.85703125 0.00625 0.0140625
3 0.7109375 0.878125 0.037500000000000006 0.015625
3 0.6781250000000001 0.8734375000000001 0.05 0.018750000000000003
3 0.7109375 0.87109375 0.043750000000000004 0.0203125
3 0.7046875 0.86640625 0.037500000000000006 0.0140625
3 0.63984375 0.86328125 0.0171875 0.0140625
3 0.6179687500000001 0.8578125000000001 0.0328125 0.0125
4 0.62421875 0.853125 0.0328125 0.0125
0 0.9078125 0.8671875 0.00625 0.0125
3 0.9695312500000001 0.9234375 0.0390625 0.028125
5 0.9296875 0.93125 0.043750000000000004 0.037500000000000006
4 0.91328125 0.91953125 0.0328125 0.035937500000000004
4 0.9304687500000001 0.9148437500000001 0.029687500000000002 0.0234375
4 0.940625 0.9070312500000001 0.028125 0.0203125
4 0.9234375 0.9031250000000001 0.028125 0.021875000000000002
4 0.9085937500000001 0.89609375 0.026562500000000003 0.0203125
3 0.890625 0.9125000000000001 0.046875 0.034375
3 0.8796875000000001 0.90625 0.034375 0.025
3 0.8640625000000001 0.8992187500000001 0.028125 0.0203125
3 0.84765625 0.8914062500000001 0.026562500000000003 0.0171875
3 0.8757812500000001 0.88671875 0.0328125 0.0203125
3 0.9015625 0.890625 0.025 0.015625
3 0.9234375 0.8875000000000001 0.021875000000000002 0.0125
3 0.9476562500000001 0.8859375 0.026562500000000003 0.015625
3 0.8695312500000001 0.88203125 0.0203125 0.0171875
5 0.85859375 0.878125 0.0171875 0.0125
3 0.8703125 0.8671875 0.015625 0.0125
3 0.8421875000000001 0.8625 0.0125 0.0125
3 0.9500000000000001 0.875 0.03125 0.015625
3 0.9617187500000001 0.87421875 0.029687500000000002 0.0140625
3 0.93125 0.8703125 0.028125 0.009375000000000001
3 0.92890625 0.8656250000000001 0.026562500000000003 0.0125
3 0.8914062500000001 0.8617187500000001 0.026562500000000003 0.010937500000000001
3 0.859375 0.8539062500000001 0.021875000000000002 0.010937500000000001
