0 0.796875 0.821875 0.040625 0.09375
0 0.7742187500000001 0.65546875 0.045312500000000006 0.0734375
0 0.05 0.8992187500000001 0.043750000000000004 0.0921875
0 0.2671875 0.66328125 0.025 0.0765625
3 0.44765625000000003 0.49843750000000003 0.16718750000000002 0.07500000000000001
3 0.35234375 0.5750000000000001 0.1859375 0.08125
0 0.09921875000000001 0.6625000000000001 0.026562500000000003 0.0625
0 0.06171875 0.48203125 0.026562500000000003 0.0484375
0 0.11171875 0.6312500000000001 0.035937500000000004 0.06875
0 0.1765625 0.61640625 0.028125 0.060937500000000006
0 0.28125 0.52890625 0.028125 0.060937500000000006
0 0.434375 0.36250000000000004 0.025 0.053125000000000006
0 0.4546875 0.36562500000000003 0.021875000000000002 0.046875
3 0.203125 0.43984375000000003 0.096875 0.0484375
3 0.08671875000000001 0.31796875 0.0859375 0.0421875
3 0.05 0.28984375 0.05 0.060937500000000006
3 0.21953125 0.32421875 0.0734375 0.045312500000000006
3 0.259375 0.28984375 0.05625 0.0421875
3 0.30781250000000004 0.27890625 0.046875 0.0421875
3 0.42031250000000003 0.33437500000000003 0.09375 0.043750000000000004
0 0.33828125000000003 0.3046875 0.010937500000000001 0.037500000000000006
0 0.37890625 0.32265625000000003 0.0203125 0.0390625
0 0.48750000000000004 0.23593750000000002 0.009375000000000001 0.03125
0 0.4703125 0.24296875 0.009375000000000001 0.0328125
0 0.48515625 0.26171875 0.010937500000000001 0.035937500000000004
0 0.47109375000000003 0.20859375000000002 0.010937500000000001 0.0140625
3 0.41718750000000004 0.29140625000000003 0.08125 0.045312500000000006
3 0.42265625 0.2515625 0.0734375 0.03125
3 0.38046875 0.28125 0.060937500000000006 0.034375
3 0.40703125 0.26875 0.060937500000000006 0.03125
3 0.5578125 0.27578125000000003 0.037500000000000006 0.0390625
3 0.56796875 0.25234375000000003 0.0484375 0.0328125
3 0.4296875 0.24375000000000002 0.078125 0.037500000000000006
3 0.42031250000000003 0.22734375 0.078125 0.0328125
3 0.4296875 0.21250000000000002 0.07187500000000001 0.025
3 0.43203125000000003 0.20625000000000002 0.0703125 0.034375
3 0.42812500000000003 0.1921875 0.06875 0.028125
3 0.48750000000000004 0.171875 0.065625 0.028125
3 0.49140625000000004 0.153125 0.06406250000000001 0.025
3 0.49062500000000003 0.14375000000000002 0.05625 0.025
3 0.48828125 0.13984375000000002 0.060937500000000006 0.0328125
3 0.47421875 0.11953125 0.0484375 0.0234375
3 0.46875 0.09375 0.021875000000000002 0.021875000000000002
3 0.5476562500000001 0.19921875 0.0421875 0.0328125
3 0.6796875 0.246875 0.040625 0.03125
3 0.5554687500000001 0.31640625 0.09531250000000001 0.0390625
4 0.73046875 0.28515625 0.0671875 0.0890625
0 0.51953125 0.20546875 0.0140625 0.029687500000000002
0 0.50390625 0.22109375 0.010937500000000001 0.0234375
0 0.5 0.22031250000000002 0.0125 0.025
8 0.7171875000000001 0.09296875 0.05625 0.0234375
9 0.9296875 0.30781250000000004 0.015625 0.025
1 0.9304687500000001 0.29765625 0.0171875 0.0171875
