3 0.4390625 0.078125 0.19062500000000002 0.059375000000000004
4 0.7132812500000001 0.06171875 0.1609375 0.08281250000000001
4 0.759375 0.10703125000000001 0.17500000000000002 0.1078125
4 0.8296875 0.171875 0.109375 0.134375
4 0.7171875000000001 0.34765625 0.15625 0.20468750000000002
4 0.60859375 0.74140625 0.30781250000000004 0.3640625
1 0.8382812500000001 0.40625 0.0703125 0.0625
1 0.83984375 0.38125000000000003 0.06406250000000001 0.07500000000000001
0 0.70859375 0.1625 0.029687500000000002 0.084375
0 0.7375 0.171875 0.03125 0.084375
0 0.74609375 0.15078125 0.0390625 0.0859375
3 0.22109375 0.08046875 0.1265625 0.0703125
3 0.096875 0.08046875 0.14375000000000002 0.0859375
