0 0.02890625 0.8210937500000001 0.035937500000000004 0.09843750000000001
0 0.053125000000000006 0.5867187500000001 0.025 0.0703125
0 0.032031250000000004 0.5875 0.029687500000000002 0.0625
0 0.14296875 0.446875 0.0234375 0.065625
0 0.13515625 0.3453125 0.0171875 0.05
0 0.15390625000000002 0.340625 0.0171875 0.05
0 0.16953125000000002 0.3484375 0.0171875 0.053125000000000006
0 0.08750000000000001 0.32421875 0.015625 0.0484375
0 0.09843750000000001 0.3203125 0.015625 0.046875
0 0.15859375 0.2625 0.0171875 0.043750000000000004
0 0.15937500000000002 0.22187500000000002 0.018750000000000003 0.040625
0 0.21406250000000002 0.22031250000000002 0.015625 0.043750000000000004
0 0.31875000000000003 0.15625 0.0125 0.034375
0 0.1765625 0.14375000000000002 0.0125 0.037500000000000006
0 0.1875 0.13593750000000002 0.0125 0.034375
0 0.16484375 0.13046875 0.0078125 0.029687500000000002
0 0.15859375 0.115625 0.010937500000000001 0.025
0 0.17109375000000002 0.09375 0.0078125 0.025
0 0.17343750000000002 0.11406250000000001 0.0125 0.028125
0 0.18125000000000002 0.09765625 0.009375000000000001 0.029687500000000002
0 0.19062500000000002 0.09843750000000001 0.0125 0.028125
0 0.32890625 0.0484375 0.010937500000000001 0.021875000000000002
0 0.33828125000000003 0.032031250000000004 0.010937500000000001 0.0234375
0 0.16953125000000002 0.02890625 0.010937500000000001 0.0234375
9 0.37265625 0.00859375 0.0234375 0.010937500000000001
