3 0.06484375 0.7625000000000001 0.0328125 0.065625
3 0.1046875 0.7585937500000001 0.03125 0.0671875
4 0.146875 0.7507812500000001 0.043750000000000004 0.08281250000000001
3 0.184375 0.7429687500000001 0.03125 0.0765625
3 0.22968750000000002 0.74609375 0.028125 0.0734375
3 0.33437500000000003 0.7289062500000001 0.028125 0.08281250000000001
3 0.153125 0.6023437500000001 0.028125 0.06406250000000001
3 0.240625 0.59140625 0.028125 0.06406250000000001
3 0.35000000000000003 0.5906250000000001 0.028125 0.065625
4 0.38359375 0.5828125000000001 0.0328125 0.07187500000000001
0 0.13046875 0.41015625 0.004687500000000001 0.010937500000000001
0 0.08750000000000001 0.36562500000000003 0.009375000000000001 0.009375000000000001
9 0.12109375 0.403125 0.0171875 0.0125
