0 0.39296875000000003 0.47968750000000004 0.0859375 0.115625
0 0.12109375 0.5453125 0.1484375 0.11875000000000001
0 0.92578125 0.3203125 0.1046875 0.11875000000000001
0 0.6296875000000001 0.27968750000000003 0.059375000000000004 0.115625
0 0.44453125000000004 0.33203125 0.1328125 0.09531250000000001
0 0.27578125000000003 0.29921875000000003 0.1234375 0.1265625
0 0.5109375 0.0703125 0.084375 0.11875000000000001
0 0.6507812500000001 0.06953125 0.06406250000000001 0.11093750000000001
0 0.1703125 0.7312500000000001 0.125 0.10625000000000001
1 0.77890625 0.7664062500000001 0.06406250000000001 0.0921875
2 0.078125 0.9593750000000001 0.15625 0.078125
2 0.08203125 0.87421875 0.1609375 0.0578125
