3 0.12734375 0.890625 0.19843750000000002 0.215625
3 0.72265625 0.5320312500000001 0.1421875 0.1703125
3 0.38828125 0.49609375 0.13593750000000002 0.15156250000000002
3 0.2015625 0.6484375 0.15000000000000002 0.23125
3 0.06406250000000001 0.35390625000000003 0.12812500000000002 0.1171875
3 0.321875 0.246875 0.10312500000000001 0.1125
3 0.42734375 0.275 0.0734375 0.115625
4 0.1421875 0.2421875 0.09375 0.12187500000000001
3 0.16953125000000002 0.18046875 0.1078125 0.06406250000000001
3 0.20625000000000002 0.1078125 0.065625 0.07187500000000001
3 0.3671875 0.11484375000000001 0.07500000000000001 0.08281250000000001
3 0.44453125000000004 0.14765625000000002 0.0578125 0.0859375
5 0.45546875000000003 0.08281250000000001 0.06406250000000001 0.065625
3 0.63984375 0.22578125000000002 0.0859375 0.0859375
3 0.73984375 0.17265625 0.1546875 0.0734375
3 0.7156250000000001 0.14765625000000002 0.153125 0.0734375
3 0.68359375 0.12812500000000002 0.15781250000000002 0.078125
3 0.7109375 0.10703125000000001 0.146875 0.060937500000000006
3 0.6546875000000001 0.078125 0.096875 0.053125000000000006
3 0.596875 0.049218750000000006 0.06875 0.0546875
