4 0.060937500000000006 0.096875 0.028125 0.05625
3 0.42578125 0.96015625 0.08281250000000001 0.06406250000000001
4 0.44140625 0.853125 0.1046875 0.059375000000000004
3 0.42812500000000003 0.8046875 0.1 0.05625
3 0.421875 0.7562500000000001 0.1 0.05
5 0.628125 0.553125 0.07187500000000001 0.171875
5 0.6234375000000001 0.38984375000000004 0.07187500000000001 0.15781250000000002
9 0.43281250000000004 0.61484375 0.05625 0.035937500000000004
9 0.43203125000000003 0.63984375 0.0171875 0.0390625
4 0.45937500000000003 0.56015625 0.08125 0.0765625
4 0.46406250000000004 0.46640625 0.07500000000000001 0.060937500000000006
4 0.46484375 0.415625 0.0765625 0.07187500000000001
4 0.465625 0.33359375 0.07500000000000001 0.0578125
4 0.45937500000000003 0.37031250000000004 0.07187500000000001 0.059375000000000004
3 0.45546875000000003 0.5085937500000001 0.0765625 0.06406250000000001
3 0.6546875000000001 0.20546875 0.040625 0.0390625
3 0.5890625 0.2390625 0.034375 0.043750000000000004
4 0.49296875 0.20859375000000002 0.0390625 0.051562500000000004
4 0.53671875 0.22265625 0.0328125 0.0421875
5 0.53125 0.051562500000000004 0.037500000000000006 0.05625
3 0.4703125 0.045312500000000006 0.028125 0.037500000000000006
4 0.07109375 0.2234375 0.0328125 0.05625
4 0.12109375 0.25546875 0.035937500000000004 0.0703125
4 0.1296875 0.403125 0.037500000000000006 0.06875
4 0.18125000000000002 0.34921875 0.034375 0.0734375
5 0.26640625 0.20078125000000002 0.0546875 0.09531250000000001
8 0.253125 0.3328125 0.07500000000000001 0.1875
4 0.13671875 0.5328125 0.0390625 0.084375
3 0.23984375000000002 0.48046875 0.035937500000000004 0.0703125
3 0.20390625 0.5390625 0.035937500000000004 0.078125
4 0.23984375000000002 0.66328125 0.0484375 0.08281250000000001
3 0.109375 0.64453125 0.043750000000000004 0.0703125
4 0.22968750000000002 0.8015625000000001 0.05 0.1
3 0.15156250000000002 0.8343750000000001 0.046875 0.10312500000000001
8 0.2609375 0.9453125 0.078125 0.109375
