3 0.2421875 0.54921875 0.07187500000000001 0.0703125
4 0.18828125 0.40703125 0.0859375 0.0421875
0 0.7273437500000001 0.2859375 0.0140625 0.034375
0 0.7984375 0.18359375 0.0125 0.0328125
0 0.7507812500000001 0.23359375000000002 0.010937500000000001 0.029687500000000002
0 0.925 0.1015625 0.009375000000000001 0.028125
0 0.77734375 0.14765625000000002 0.010937500000000001 0.029687500000000002
0 0.7351562500000001 0.26640625 0.0140625 0.0328125
0 0.8046875 0.0703125 0.009375000000000001 0.03125
0 0.79453125 0.0578125 0.010937500000000001 0.025
