0 0.03515625 0.2421875 0.035937500000000004 0.021875000000000002
0 0.0328125 0.26406250000000003 0.034375 0.018750000000000003
0 0.096875 0.21875 0.018750000000000003 0.03125
0 0.1609375 0.14140625 0.059375000000000004 0.029687500000000002
0 0.22812500000000002 0.2171875 0.037500000000000006 0.028125
2 0.24531250000000002 0.31015625 0.0625 0.0484375
0 0.11796875000000001 0.2734375 0.035937500000000004 0.018750000000000003
0 0.07890625000000001 0.28750000000000003 0.035937500000000004 0.018750000000000003
0 0.15234375 0.6570312500000001 0.0421875 0.026562500000000003
0 0.29296875 0.7039062500000001 0.0328125 0.029687500000000002
4 0.21640625000000002 0.603125 0.17343750000000002 0.07187500000000001
4 0.36484375 0.5609375 0.09843750000000001 0.16562500000000002
9 0.51171875 0.53515625 0.0328125 0.0578125
0 0.47421875 0.63828125 0.0421875 0.029687500000000002
0 0.48046875 0.6875 0.0234375 0.0125
0 0.534375 0.70859375 0.034375 0.029687500000000002
0 0.46718750000000003 0.7367187500000001 0.040625 0.026562500000000003
4 0.21796875000000002 0.7859375000000001 0.1703125 0.084375
2 0.41250000000000003 0.875 0.037500000000000006 0.065625
0 0.41328125000000004 0.8773437500000001 0.0421875 0.0390625
4 0.25078125 0.8773437500000001 0.2484375 0.0765625
4 0.08828125 0.8796875000000001 0.09843750000000001 0.19375
9 0.54296875 0.94296875 0.029687500000000002 0.0765625
