0 0.0203125 0.36875 0.037500000000000006 0.065625
9 0.055468750000000004 0.3921875 0.1046875 0.09375
1 0.11796875000000001 0.54453125 0.0421875 0.0765625
1 0.16328125000000002 0.55859375 0.0578125 0.0734375
0 0.07109375 0.63671875 0.07968750000000001 0.1640625
9 0.13359375 0.65 0.0890625 0.140625
0 0.05390625 0.86328125 0.09531250000000001 0.22968750000000002
9 0.48281250000000003 0.846875 0.1625 0.153125
0 0.7757812500000001 0.6828125 0.0546875 0.18125000000000002
1 0.74375 0.640625 0.07500000000000001 0.15000000000000002
2 0.74765625 0.6921875000000001 0.15781250000000002 0.1375
0 0.88828125 0.53046875 0.0703125 0.1390625
0 0.9632812500000001 0.5281250000000001 0.035937500000000004 0.10625000000000001
