8 0.0328125 0.5796875 0.065625 0.12187500000000001
3 0.04453125 0.49375 0.0390625 0.040625
3 0.059375000000000004 0.42812500000000003 0.034375 0.046875
3 0.028125 0.37734375000000003 0.028125 0.0421875
3 0.06484375 0.28828125 0.0203125 0.045312500000000006
3 0.07734375 0.2546875 0.026562500000000003 0.025
3 0.07578125000000001 0.39375000000000004 0.035937500000000004 0.034375
3 0.03359375 0.12421875 0.010937500000000001 0.0078125
3 0.07265625 0.18984375 0.0203125 0.0203125
3 0.10859375 0.24296875 0.0203125 0.0203125
3 0.09843750000000001 0.19843750000000002 0.021875000000000002 0.018750000000000003
3 0.12421875 0.15156250000000002 0.0171875 0.009375000000000001
3 0.096875 0.11875000000000001 0.0125 0.0125
3 0.10390625 0.10312500000000001 0.010937500000000001 0.0125
3 0.1203125 0.12265625000000001 0.015625 0.010937500000000001
3 0.12421875 0.13593750000000002 0.010937500000000001 0.0125
3 0.1421875 0.06640625 0.00625 0.0078125
3 0.21328125 0.10390625 0.010937500000000001 0.010937500000000001
3 0.240625 0.12812500000000002 0.0125 0.009375000000000001
3 0.19296875000000002 0.0546875 0.0140625 0.009375000000000001
3 0.18671875000000002 0.05390625 0.010937500000000001 0.010937500000000001
3 0.19062500000000002 0.037500000000000006 0.00625 0.009375000000000001
3 0.12734375 0.0546875 0.010937500000000001 0.009375000000000001
9 0.29609375 0.23984375000000002 0.010937500000000001 0.0171875
1 0.29609375 0.234375 0.010937500000000001 0.0125
