9 0.7546875000000001 0.96875 0.06875 0.05625
1 0.75 0.971875 0.043750000000000004 0.037500000000000006
4 0.203125 0.88671875 0.246875 0.1203125
9 0.4265625 0.87421875 0.0625 0.0734375
9 0.37109375 0.7875000000000001 0.07968750000000001 0.053125000000000006
9 0.2671875 0.53828125 0.065625 0.0578125
1 0.25390625 0.534375 0.0390625 0.028125
6 0.88046875 0.82421875 0.13593750000000002 0.060937500000000006
9 0.7828125 0.6156250000000001 0.037500000000000006 0.065625
2 0.7664062500000001 0.6000000000000001 0.0328125 0.053125000000000006
2 0.8445312500000001 0.64375 0.0203125 0.0625
2 0.1265625 0.19843750000000002 0.059375000000000004 0.046875
1 0.11640625 0.18906250000000002 0.0328125 0.028125
0 0.31171875000000004 0.16875 0.045312500000000006 0.040625
9 0.31328125 0.27578125000000003 0.0390625 0.060937500000000006
1 0.31093750000000003 0.26796875000000003 0.034375 0.045312500000000006
9 0.340625 0.28828125 0.05 0.06406250000000001
9 0.3671875 0.328125 0.059375000000000004 0.053125000000000006
9 0.3796875 0.35390625000000003 0.05 0.0546875
9 0.49921875000000004 0.23515625 0.0578125 0.0546875
9 0.521875 0.25078125 0.0625 0.0734375
9 0.57578125 0.26640625 0.0546875 0.0578125
9 0.596875 0.29921875000000003 0.065625 0.051562500000000004
9 0.6570312500000001 0.39921875 0.045312500000000006 0.0578125
9 0.6804687500000001 0.41875 0.0578125 0.053125000000000006
9 0.73828125 0.45078125 0.0390625 0.06406250000000001
9 0.7671875 0.46406250000000004 0.040625 0.06875
9 0.8046875 0.4609375 0.034375 0.065625
9 0.8265625000000001 0.46953125 0.028125 0.060937500000000006
0 0.3515625 0.10390625 0.037500000000000006 0.0421875
9 0.43828125 0.08671875000000001 0.0390625 0.0734375
9 0.47265625 0.08671875000000001 0.026562500000000003 0.0734375
9 0.50390625 0.0921875 0.0328125 0.07500000000000001
9 0.5375 0.09921875000000001 0.021875000000000002 0.0578125
9 0.7515625 0.13593750000000002 0.037500000000000006 0.06875
9 0.8914062500000001 0.5007812500000001 0.029687500000000002 0.060937500000000006
9 0.9140625 0.43125 0.03125 0.065625
9 0.93125 0.49765625 0.021875000000000002 0.0578125
9 0.9539062500000001 0.49296875 0.026562500000000003 0.060937500000000006
9 0.86875 0.1234375 0.05 0.053125000000000006
