3 0.15859375 0.8203125 0.0703125 0.10312500000000001
3 0.1625 0.72265625 0.065625 0.0859375
3 0.17109375000000002 0.64765625 0.060937500000000006 0.0734375
3 0.08281250000000001 0.6078125000000001 0.059375000000000004 0.078125
3 0.18515625000000002 0.50546875 0.09843750000000001 0.0703125
3 0.51328125 0.90234375 0.1546875 0.0734375
3 0.51875 0.8421875000000001 0.15625 0.078125
3 0.49921875000000004 0.79609375 0.1453125 0.0734375
3 0.51015625 0.7507812500000001 0.1453125 0.0734375
3 0.50234375 0.696875 0.1328125 0.06875
4 0.47578125000000004 0.6359375 0.1421875 0.096875
3 0.46484375 0.5906250000000001 0.1265625 0.053125000000000006
3 0.46640625 0.5421875 0.1203125 0.05625
3 0.21406250000000002 0.41171875 0.07187500000000001 0.0546875
3 0.21875 0.36640625000000004 0.07187500000000001 0.0578125
3 0.2078125 0.31328125 0.05 0.0390625
3 0.46953125 0.5085937500000001 0.11406250000000001 0.051562500000000004
3 0.46015625000000004 0.4765625 0.0921875 0.043750000000000004
3 0.45390625 0.44765625000000003 0.09843750000000001 0.0578125
3 0.4375 0.41015625 0.09375 0.045312500000000006
3 0.4265625 0.3828125 0.08750000000000001 0.040625
3 0.43046875 0.35468750000000004 0.09843750000000001 0.05
3 0.42812500000000003 0.3203125 0.09375 0.040625
3 0.42500000000000004 0.28750000000000003 0.096875 0.046875
3 0.3984375 0.23515625 0.09062500000000001 0.0390625
3 0.40625 0.20703125 0.09375 0.035937500000000004
3 0.371875 0.13125 0.037500000000000006 0.037500000000000006
3 0.36640625000000004 0.10703125000000001 0.0390625 0.026562500000000003
3 0.35546875 0.08281250000000001 0.0421875 0.028125
3 0.33984375 0.0625 0.0328125 0.025
3 0.32343750000000004 0.0421875 0.03125 0.025
3 0.31562500000000004 0.02890625 0.034375 0.0234375
3 0.39921875 0.1453125 0.0390625 0.040625
