0 0.30546875 0.64765625 0.029687500000000002 0.060937500000000006
7 0.56171875 0.553125 0.0546875 0.12187500000000001
7 0.6195312500000001 0.63828125 0.1296875 0.17343750000000002
9 0.578125 0.45546875000000003 0.034375 0.0578125
3 0.74921875 0.2703125 0.051562500000000004 0.08750000000000001
1 0.6578125 0.26640625 0.021875000000000002 0.0390625
6 0.659375 0.275 0.03125 0.053125000000000006
9 0.24453125 0.125 0.0578125 0.040625
2 0.16171875000000002 0.1296875 0.051562500000000004 0.034375
9 0.3515625 0.1171875 0.053125000000000006 0.040625
7 0.9085937500000001 0.04609375 0.0421875 0.051562500000000004
9 0.93515625 0.15625 0.035937500000000004 0.043750000000000004
4 0.9421875000000001 0.36484375 0.078125 0.1078125
1 0.87265625 0.5734375 0.035937500000000004 0.043750000000000004
1 0.8718750000000001 0.59140625 0.03125 0.0390625
1 0.8695312500000001 0.8617187500000001 0.029687500000000002 0.0484375
1 0.925 0.88671875 0.03125 0.0546875
9 0.9265625000000001 0.890625 0.040625 0.084375
9 0.8671875 0.8718750000000001 0.03125 0.07187500000000001
