4 0.184375 0.8656250000000001 0.25 0.14375000000000002
4 0.19140625 0.77265625 0.22968750000000002 0.11093750000000001
4 0.19062500000000002 0.6171875 0.23125 0.14375000000000002
3 0.1875 0.55 0.209375 0.10312500000000001
3 0.18984375 0.49296875 0.1953125 0.0890625
3 0.18125000000000002 0.43515625 0.18125000000000002 0.07968750000000001
3 0.18125000000000002 0.39453125 0.18125000000000002 0.08281250000000001
3 0.1703125 0.353125 0.146875 0.065625
3 0.18515625000000002 0.3046875 0.1703125 0.078125
3 0.17500000000000002 0.26328125 0.1375 0.0765625
3 0.17890625000000002 0.2421875 0.15781250000000002 0.078125
3 0.17421875 0.17734375000000002 0.13593750000000002 0.08281250000000001
3 0.17421875 0.1453125 0.1296875 0.053125000000000006
3 0.184375 0.12734375 0.1375 0.0578125
3 0.17890625000000002 0.1 0.1234375 0.046875
3 0.17500000000000002 0.08203125 0.115625 0.060937500000000006
3 0.17500000000000002 0.05 0.10312500000000001 0.043750000000000004
4 0.17421875 0.026562500000000003 0.11406250000000001 0.053125000000000006
0 0.33359375 0.11640625 0.026562500000000003 0.0546875
0 0.2734375 0.08281250000000001 0.021875000000000002 0.05
0 0.38828125 0.7515625 0.0328125 0.065625
0 0.32656250000000003 0.74765625 0.040625 0.0734375
0 0.34609375000000003 0.76875 0.0234375 0.040625
9 0.20625000000000002 0.7109375 0.08125 0.053125000000000006
0 0.43125 0.36171875000000003 0.018750000000000003 0.0546875
9 0.41640625000000003 0.24765625000000002 0.0171875 0.045312500000000006
2 0.42031250000000003 0.31640625 0.034375 0.035937500000000004
2 0.42500000000000004 0.33828125000000003 0.043750000000000004 0.035937500000000004
