3 0.045312500000000006 0.7515625 0.08750000000000001 0.0625
9 0.1703125 0.8078125 0.065625 0.034375
1 0.1640625 0.8015625000000001 0.028125 0.037500000000000006
3 0.35078125000000004 0.70234375 0.13593750000000002 0.0734375
3 0.5906250000000001 0.640625 0.12812500000000002 0.06875
9 0.603125 0.703125 0.05 0.040625
1 0.6015625 0.69921875 0.03125 0.0390625
3 0.58515625 0.5265625 0.0921875 0.065625
9 0.7210937500000001 0.51796875 0.0546875 0.0328125
3 0.33359375 0.5625 0.1265625 0.0625
3 0.16875 0.4390625 0.065625 0.07500000000000001
9 0.3828125 0.44453125000000004 0.05 0.0328125
9 0.8921875 0.79296875 0.065625 0.035937500000000004
1 0.8914062500000001 0.7921875 0.035937500000000004 0.034375
