3 0.259375 0.484375 0.1 0.043750000000000004
3 0.30781250000000004 0.6531250000000001 0.125 0.05625
3 0.3359375 0.6203125 0.125 0.05
3 0.33906250000000004 0.6000000000000001 0.1125 0.040625
3 0.39453125 0.44453125000000004 0.09843750000000001 0.0421875
3 0.43671875000000004 0.4765625 0.1015625 0.040625
3 0.37109375 0.5 0.1015625 0.034375
3 0.48203125 0.534375 0.08281250000000001 0.03125
3 0.33828125000000003 0.5625 0.1046875 0.046875
3 0.4609375 0.5593750000000001 0.109375 0.046875
0 0.52578125 0.9070312500000001 0.010937500000000001 0.035937500000000004
0 0.51875 0.9031250000000001 0.0125 0.034375
1 0.8484375000000001 0.6937500000000001 0.015625 0.025
1 0.7835937500000001 0.6664062500000001 0.010937500000000001 0.0234375
9 0.84921875 0.7093750000000001 0.0171875 0.040625
9 0.7835937500000001 0.6820312500000001 0.0171875 0.0421875
3 0.81640625 0.09843750000000001 0.0328125 0.03125
3 0.91328125 0.29921875000000003 0.0390625 0.0390625
3 0.8914062500000001 0.340625 0.035937500000000004 0.043750000000000004
3 0.9242187500000001 0.44296875 0.0390625 0.045312500000000006
3 0.97421875 0.60703125 0.0484375 0.0671875
