0 0.28984375 0.9226562500000001 0.0234375 0.0578125
0 0.34375 0.93359375 0.015625 0.035937500000000004
0 0.35390625000000003 0.9109375000000001 0.0203125 0.046875
0 0.36562500000000003 0.90625 0.018750000000000003 0.034375
0 0.26328125 0.7718750000000001 0.0171875 0.046875
0 0.27734375 0.759375 0.0171875 0.05
0 0.290625 0.7585937500000001 0.021875000000000002 0.0421875
0 0.11093750000000001 0.5046875000000001 0.015625 0.040625
0 0.140625 0.5328125 0.0125 0.040625
0 0.17343750000000002 0.5890625 0.015625 0.046875
0 0.18046875 0.56796875 0.0171875 0.0484375
0 0.17421875 0.5296875 0.0140625 0.043750000000000004
0 0.18671875000000002 0.52578125 0.010937500000000001 0.045312500000000006
0 0.07578125000000001 0.38125000000000003 0.010937500000000001 0.03125
0 0.08359375000000001 0.3828125 0.010937500000000001 0.040625
0 0.08750000000000001 0.39140625 0.0125 0.035937500000000004
0 0.09921875000000001 0.3828125 0.010937500000000001 0.043750000000000004
0 0.1046875 0.37343750000000003 0.015625 0.034375
0 0.11875000000000001 0.3640625 0.0125 0.037500000000000006
0 0.08750000000000001 0.3296875 0.0125 0.040625
0 0.10390625 0.3296875 0.0171875 0.040625
0 0.01640625 0.12421875 0.0171875 0.0328125
0 0.017968750000000002 0.15156250000000002 0.0140625 0.028125
0 0.00625 0.1953125 0.009375000000000001 0.034375
0 0.03828125 0.23125 0.0171875 0.037500000000000006
0 0.05078125 0.21953125 0.0140625 0.035937500000000004
0 0.03359375 0.17890625000000002 0.010937500000000001 0.0328125
0 0.0328125 0.203125 0.0125 0.03125
0 0.07265625 0.1953125 0.010937500000000001 0.034375
1 0.08671875000000001 0.2328125 0.0140625 0.025
0 0.09765625 0.278125 0.0140625 0.037500000000000006
0 0.08203125 0.2859375 0.010937500000000001 0.037500000000000006
0 0.06484375 0.28125 0.010937500000000001 0.037500000000000006
0 0.0765625 0.27187500000000003 0.0125 0.040625
0 0.08359375000000001 0.27890625 0.010937500000000001 0.0328125
0 0.06406250000000001 0.23593750000000002 0.0125 0.034375
0 0.06484375 0.25 0.0140625 0.034375
0 0.0390625 0.26640625 0.0125 0.0390625
0 0.05078125 0.26328125 0.010937500000000001 0.035937500000000004
