4 0.3296875 0.25390625 0.16875 0.1046875
4 0.46796875000000004 0.29609375 0.0921875 0.11093750000000001
1 0.16718750000000002 0.265625 0.028125 0.046875
1 0.30781250000000004 0.35468750000000004 0.03125 0.053125000000000006
1 0.325 0.37343750000000003 0.034375 0.059375000000000004
1 0.359375 0.37343750000000003 0.028125 0.053125000000000006
1 0.34921875 0.359375 0.029687500000000002 0.046875
6 0.5085937500000001 0.44375000000000003 0.0734375 0.09375
9 0.4734375 0.37812500000000004 0.09062500000000001 0.05
9 0.48046875 0.3921875 0.0890625 0.043750000000000004
9 0.19062500000000002 0.18906250000000002 0.07500000000000001 0.046875
2 0.11640625 0.18125000000000002 0.0546875 0.037500000000000006
9 0.35234375 0.2078125 0.045312500000000006 0.046875
9 0.10390625 0.19765625 0.0484375 0.0421875
6 0.51015625 0.546875 0.0671875 0.096875
0 0.946875 0.55859375 0.05625 0.0921875
0 0.9609375 0.3640625 0.040625 0.084375
0 0.8640625000000001 0.31953125000000004 0.037500000000000006 0.0671875
0 0.9554687500000001 0.8 0.0578125 0.10625000000000001
0 0.9812500000000001 0.8445312500000001 0.037500000000000006 0.09531250000000001
0 0.9867187500000001 0.3640625 0.026562500000000003 0.078125
0 0.9375 0.27968750000000003 0.034375 0.06875
0 0.98203125 0.19062500000000002 0.035937500000000004 0.059375000000000004
1 0.9867187500000001 0.2421875 0.026562500000000003 0.05
9 0.9906250000000001 0.25859375 0.015625 0.026562500000000003
9 0.9046875000000001 0.12734375 0.06875 0.0390625
1 0.8132812500000001 0.11093750000000001 0.035937500000000004 0.046875
0 0.846875 0.1015625 0.034375 0.0625
0 0.83125 0.08750000000000001 0.025 0.05
0 0.84765625 0.078125 0.026562500000000003 0.05625
0 0.7765625 0.078125 0.028125 0.05625
0 0.79609375 0.05 0.0203125 0.043750000000000004
0 0.7921875 0.06171875 0.018750000000000003 0.0421875
0 0.8 0.07578125000000001 0.018750000000000003 0.035937500000000004
0 0.72421875 0.10859375 0.0203125 0.0421875
0 0.578125 0.06406250000000001 0.025 0.046875
0 0.51796875 0.047656250000000004 0.0234375 0.0484375
3 0.43593750000000003 0.059375000000000004 0.1375 0.059375000000000004
3 0.22031250000000002 0.04296875 0.15937500000000002 0.0703125
0 0.26171875 0.026562500000000003 0.0171875 0.053125000000000006
6 0.15156250000000002 0.04296875 0.084375 0.0671875
1 0.76953125 0.026562500000000003 0.0203125 0.025
9 0.7679687500000001 0.0390625 0.0203125 0.028125
