9 0.12265625000000001 0.275 0.010937500000000001 0.03125
9 0.140625 0.284375 0.015625 0.03125
9 0.16562500000000002 0.2984375 0.015625 0.025
9 0.18203125 0.30546875 0.0203125 0.0328125
9 0.19843750000000002 0.3171875 0.021875000000000002 0.025
2 0.22031250000000002 0.32656250000000003 0.018750000000000003 0.025
2 0.2390625 0.33359375 0.015625 0.0234375
9 0.25703125 0.340625 0.0328125 0.018750000000000003
2 0.26484375 0.35468750000000004 0.0171875 0.025
2 0.284375 0.359375 0.015625 0.025
0 0.321875 0.37343750000000003 0.018750000000000003 0.028125
0 0.34921875 0.43984375000000003 0.0171875 0.0328125
0 0.35468750000000004 0.44843750000000004 0.018750000000000003 0.034375
0 0.384375 0.45078125 0.015625 0.0328125
0 0.38125000000000003 0.44453125000000004 0.018750000000000003 0.0328125
1 0.7250000000000001 0.51875 0.018750000000000003 0.025
6 0.7390625000000001 0.52578125 0.08750000000000001 0.0421875
0 0.8921875 0.7109375 0.03125 0.040625
