4 0.22421875000000002 0.36562500000000003 0.026562500000000003 0.03125
8 0.23984375000000002 0.25859375 0.0484375 0.06406250000000001
4 0.1625 0.55 0.09062500000000001 0.065625
1 0.29375 0.26328125 0.00625 0.010937500000000001
1 0.14765625000000002 0.09140625000000001 0.004687500000000001 0.0078125
4 0.43203125000000003 0.828125 0.1078125 0.2
7 0.5140625 0.6078125000000001 0.028125 0.05
0 0.62421875 0.7421875 0.010937500000000001 0.028125
8 0.39375000000000004 0.45937500000000003 0.065625 0.10625000000000001
8 0.5515625000000001 0.7718750000000001 0.115625 0.17500000000000002
0 0.6117187500000001 0.91015625 0.0140625 0.0203125
3 0.9031250000000001 0.91171875 0.07187500000000001 0.0734375
3 0.8265625000000001 0.9164062500000001 0.07187500000000001 0.0671875
3 0.8695312500000001 0.7390625000000001 0.0765625 0.05625
4 0.78828125 0.9398437500000001 0.08281250000000001 0.08281250000000001
1 0.58046875 0.51796875 0.010937500000000001 0.0171875
9 0.58046875 0.5296875 0.0171875 0.015625
9 0.29453125 0.26796875000000003 0.010937500000000001 0.0078125
4 0.284375 0.35390625000000003 0.043750000000000004 0.0484375
3 0.53125 0.49765625 0.065625 0.0328125
3 0.6734375 0.40390625 0.059375000000000004 0.026562500000000003
3 0.8914062500000001 0.41484375 0.0484375 0.029687500000000002
3 0.74375 0.47187500000000004 0.05625 0.034375
3 0.92890625 0.43984375000000003 0.0578125 0.029687500000000002
3 0.82734375 0.48125 0.0578125 0.021875000000000002
3 0.7820312500000001 0.39453125 0.0421875 0.0203125
4 0.9234375 0.46015625000000004 0.05 0.0328125
4 0.93125 0.41796875 0.046875 0.0421875
4 0.8328125000000001 0.44375000000000003 0.08125 0.06875
4 0.6742187500000001 0.52578125 0.0578125 0.045312500000000006
3 0.7367187500000001 0.5007812500000001 0.0546875 0.035937500000000004
4 0.553125 0.46875 0.05 0.037500000000000006
4 0.503125 0.46328125000000003 0.05 0.029687500000000002
4 0.46953125 0.44765625000000003 0.08281250000000001 0.051562500000000004
4 0.4703125 0.41875 0.08125 0.040625
4 0.5796875 0.35781250000000003 0.034375 0.078125
4 0.525 0.35000000000000003 0.034375 0.07500000000000001
9 0.5578125 0.36562500000000003 0.009375000000000001 0.028125
3 0.49140625000000004 0.36562500000000003 0.0171875 0.025
3 0.48046875 0.26796875000000003 0.029687500000000002 0.026562500000000003
3 0.5085937500000001 0.2671875 0.026562500000000003 0.021875000000000002
4 0.3171875 0.2265625 0.028125 0.040625
4 0.36640625000000004 0.13203125000000002 0.0234375 0.0171875
3 0.3875 0.13593750000000002 0.025 0.0125
3 0.20703125 0.1203125 0.0328125 0.0125
4 0.19687500000000002 0.12421875 0.0125 0.0140625
4 0.23359375000000002 0.12421875 0.0140625 0.0140625
4 0.27890625 0.15234375 0.0328125 0.0203125
3 0.25546875 0.1234375 0.0171875 0.0125
4 0.28984375 0.1078125 0.026562500000000003 0.015625
3 0.18046875 0.1 0.010937500000000001 0.0125
3 0.2015625 0.09921875000000001 0.015625 0.010937500000000001
3 0.19062500000000002 0.07968750000000001 0.015625 0.0125
9 0.14765625000000002 0.09140625000000001 0.010937500000000001 0.0171875
4 0.1375 0.05390625 0.021875000000000002 0.0171875
4 0.17500000000000002 0.053125000000000006 0.028125 0.015625
3 0.22031250000000002 0.046875 0.028125 0.009375000000000001
3 0.22265625 0.09140625000000001 0.029687500000000002 0.010937500000000001
3 0.09843750000000001 0.02109375 0.015625 0.010937500000000001
