3 0.5625 0.92890625 0.19062500000000002 0.1046875
0 0.29296875 0.86328125 0.0390625 0.0859375
9 0.3640625 0.9125000000000001 0.084375 0.053125000000000006
9 0.38984375000000004 0.8890625000000001 0.0859375 0.059375000000000004
1 0.3671875 0.9007812500000001 0.040625 0.0734375
1 0.38906250000000003 0.8796875000000001 0.040625 0.06875
9 0.4734375 0.846875 0.078125 0.043750000000000004
0 0.65 0.88203125 0.034375 0.07968750000000001
0 0.6859375000000001 0.87265625 0.034375 0.08281250000000001
0 0.6765625000000001 0.8609375 0.034375 0.07500000000000001
0 0.64453125 0.846875 0.0421875 0.084375
0 0.6898437500000001 0.8515625 0.0328125 0.06875
0 0.728125 0.8328125000000001 0.043750000000000004 0.08125
0 0.7734375 0.8445312500000001 0.028125 0.08281250000000001
1 0.790625 0.846875 0.034375 0.06875
0 0.8210937500000001 0.86328125 0.0328125 0.0765625
0 0.8382812500000001 0.846875 0.026562500000000003 0.08750000000000001
0 0.8679687500000001 0.8421875000000001 0.029687500000000002 0.08125
0 0.8562500000000001 0.8375 0.028125 0.07187500000000001
0 0.8992187500000001 0.8445312500000001 0.026562500000000003 0.060937500000000006
0 0.8953125000000001 0.8328125000000001 0.025 0.07187500000000001
0 0.96875 0.8421875000000001 0.03125 0.06875
4 0.9437500000000001 0.8070312500000001 0.10625000000000001 0.1078125
4 0.9125000000000001 0.7578125 0.09375 0.10312500000000001
4 0.60703125 0.8093750000000001 0.07968750000000001 0.10625000000000001
9 0.7820312500000001 0.6976562500000001 0.029687500000000002 0.0421875
1 0.5437500000000001 0.7718750000000001 0.025 0.05
1 0.55234375 0.7625000000000001 0.0234375 0.046875
1 0.52578125 0.75546875 0.026562500000000003 0.045312500000000006
1 0.44843750000000004 0.7765625 0.025 0.059375000000000004
4 0.16484375 0.80078125 0.1390625 0.09843750000000001
3 0.12421875 0.7515625 0.09843750000000001 0.065625
3 0.09140625000000001 0.69921875 0.0734375 0.0765625
4 0.2109375 0.6453125000000001 0.06875 0.053125000000000006
4 0.2765625 0.603125 0.059375000000000004 0.05625
4 0.05234375 0.6335937500000001 0.0765625 0.0546875
3 0.1015625 0.6078125000000001 0.0625 0.046875
3 0.140625 0.57578125 0.0625 0.051562500000000004
4 0.16796875 0.55859375 0.045312500000000006 0.0484375
3 0.1953125 0.55 0.046875 0.037500000000000006
3 0.21640625000000002 0.53046875 0.051562500000000004 0.0390625
3 0.278125 0.49531250000000004 0.043750000000000004 0.040625
3 0.240625 0.52109375 0.040625 0.035937500000000004
