3 0.52109375 0.8578125000000001 0.22031250000000002 0.19687500000000002
9 0.7125 0.8250000000000001 0.065625 0.12812500000000002
9 0.465625 0.065625 0.065625 0.10625000000000001
9 0.36562500000000003 0.10703125000000001 0.043750000000000004 0.0734375
3 0.33437500000000003 0.3765625 0.1375 0.234375
5 0.21953125 0.8656250000000001 0.3328125 0.253125
3 0.171875 0.7468750000000001 0.24375000000000002 0.184375
3 0.14453125 0.64375 0.22968750000000002 0.16562500000000002
4 0.109375 0.52890625 0.215625 0.1453125
3 0.08750000000000001 0.434375 0.16562500000000002 0.11875000000000001
3 0.09765625 0.33671875 0.1859375 0.1390625
3 0.09921875000000001 0.23359375000000002 0.1953125 0.1421875
