3 0.35468750000000004 0.35390625000000003 0.16875 0.15156250000000002
5 0.81640625 0.171875 0.2421875 0.153125
4 0.44375000000000003 0.037500000000000006 0.203125 0.07187500000000001
6 0.6125 0.10234375000000001 0.09375 0.0765625
0 0.34375 0.8703125 0.040625 0.06875
0 0.384375 0.8453125 0.043750000000000004 0.078125
0 0.31171875000000004 0.8460937500000001 0.0421875 0.0671875
7 0.30781250000000004 0.80390625 0.140625 0.11093750000000001
1 0.8601562500000001 0.7765625 0.0421875 0.053125000000000006
1 0.8757812500000001 0.775 0.0203125 0.05625
9 0.8515625 0.7921875 0.07500000000000001 0.06875
0 0.7210937500000001 0.09921875000000001 0.0328125 0.0578125
4 0.9296875 0.025781250000000002 0.1 0.051562500000000004
