3 0.3171875 0.2828125 0.05 0.065625
3 0.32265625000000003 0.1015625 0.0703125 0.03125
3 0.52109375 0.40625 0.08281250000000001 0.040625
3 0.3015625 0.049218750000000006 0.043750000000000004 0.029687500000000002
3 0.28046875 0.013281250000000001 0.0421875 0.0203125
5 0.93125 0.045312500000000006 0.1375 0.0625
5 0.95234375 0.2828125 0.09531250000000001 0.1125
5 0.8968750000000001 0.26171875 0.08125 0.0859375
5 0.5632812500000001 0.06953125 0.0703125 0.06406250000000001
0 0.5867187500000001 0.15078125 0.010937500000000001 0.0203125
0 0.2515625 0.02421875 0.00625 0.0203125
0 0.25625000000000003 0.025781250000000002 0.00625 0.0203125
3 0.8375 0.3203125 0.040625 0.053125000000000006
3 0.95078125 0.328125 0.051562500000000004 0.05
