5 0.25234375000000003 0.5328125 0.035937500000000004 0.028125
5 0.31875000000000003 0.5015625 0.040625 0.037500000000000006
5 0.13593750000000002 0.66953125 0.021875000000000002 0.035937500000000004
9 0.22031250000000002 0.9031250000000001 0.0125 0.021875000000000002
1 0.22421875000000002 0.8953125000000001 0.010937500000000001 0.015625
3 0.039843750000000004 0.6578125 0.0203125 0.025
3 0.21250000000000002 0.56640625 0.028125 0.0171875
8 0.15703125 0.74765625 0.035937500000000004 0.0703125
5 0.48125 0.43984375000000003 0.03125 0.0234375
5 0.55703125 0.48125 0.051562500000000004 0.025
3 0.51015625 0.46484375 0.0140625 0.0140625
