3 0.90234375 0.446875 0.1484375 0.109375
3 0.37890625 0.1234375 0.06406250000000001 0.053125000000000006
3 0.33906250000000004 0.5046875000000001 0.08750000000000001 0.05
3 0.35546875 0.43984375000000003 0.0703125 0.045312500000000006
3 0.35546875 0.37734375000000003 0.08281250000000001 0.045312500000000006
3 0.2015625 0.30781250000000004 0.059375000000000004 0.037500000000000006
3 0.26171875 0.38671875 0.0703125 0.0421875
3 0.22421875000000002 0.43515625 0.0703125 0.045312500000000006
3 0.24453125 0.4921875 0.0734375 0.043750000000000004
3 0.16328125000000002 0.48281250000000003 0.0703125 0.043750000000000004
3 0.1484375 0.42578125 0.065625 0.0421875
3 0.184375 0.3765625 0.0625 0.037500000000000006
3 0.10390625 0.37421875000000004 0.060937500000000006 0.0390625
3 0.0765625 0.42265625 0.05 0.035937500000000004
3 0.096875 0.47109375000000003 0.065625 0.045312500000000006
3 0.037500000000000006 0.46875 0.05 0.037500000000000006
3 0.055468750000000004 0.37734375000000003 0.045312500000000006 0.0328125
3 0.025781250000000002 0.42265625 0.045312500000000006 0.029687500000000002
3 0.065625 0.25546875 0.043750000000000004 0.026562500000000003
