3 0.06015625 0.034375 0.0234375 0.025
3 0.04296875 0.046875 0.026562500000000003 0.028125
3 0.028125 0.0734375 0.028125 0.028125
1 0.05625 0.0578125 0.009375000000000001 0.009375000000000001
1 0.03828125 0.08359375000000001 0.004687500000000001 0.010937500000000001
1 0.0921875 0.0578125 0.00625 0.0125
1 0.0921875 0.09062500000000001 0.00625 0.0125
1 0.0546875 0.12265625000000001 0.009375000000000001 0.010937500000000001
1 0.16875 0.16562500000000002 0.009375000000000001 0.015625
0 0.23125 0.1640625 0.009375000000000001 0.021875000000000002
0 0.22578125000000002 0.14453125 0.010937500000000001 0.0234375
0 0.23671875 0.32421875 0.0078125 0.0234375
0 0.23593750000000002 0.30390625000000004 0.00625 0.0203125
1 0.26171875 0.30781250000000004 0.0078125 0.015625
1 0.1046875 0.46406250000000004 0.009375000000000001 0.015625
1 0.065625 0.6765625000000001 0.0125 0.021875000000000002
1 0.017968750000000002 0.7351562500000001 0.0171875 0.0203125
0 0.2671875 0.734375 0.0125 0.03125
1 0.05078125 0.87421875 0.010937500000000001 0.0203125
1 0.010937500000000001 0.878125 0.0125 0.021875000000000002
1 0.00703125 0.97265625 0.0140625 0.0203125
9 0.33906250000000004 0.98828125 0.05 0.0234375
9 0.33515625000000004 0.9734375000000001 0.0484375 0.018750000000000003
9 0.33828125000000003 0.9656250000000001 0.045312500000000006 0.021875000000000002
9 0.33515625000000004 0.95234375 0.0421875 0.029687500000000002
9 0.33359375 0.93125 0.0390625 0.025
9 0.38359375 0.93515625 0.0390625 0.026562500000000003
9 0.3875 0.91953125 0.046875 0.0234375
9 0.36484375 0.88984375 0.0390625 0.029687500000000002
9 0.33984375 0.87109375 0.045312500000000006 0.026562500000000003
9 0.010937500000000001 0.88671875 0.015625 0.035937500000000004
9 0.05 0.8835937500000001 0.015625 0.0390625
9 0.055468750000000004 0.0625 0.010937500000000001 0.015625
9 0.09296875 0.06171875 0.010937500000000001 0.0203125
9 0.0921875 0.09453125000000001 0.0125 0.0203125
9 0.037500000000000006 0.08750000000000001 0.009375000000000001 0.018750000000000003
9 0.05390625 0.12812500000000002 0.010937500000000001 0.025
9 0.16953125000000002 0.16953125000000002 0.0171875 0.0203125
2 0.10546875 0.46875 0.010937500000000001 0.025
9 0.06406250000000001 0.6828125 0.0125 0.03125
9 0.01640625 0.74375 0.0171875 0.03125
9 0.2578125 0.3125 0.009375000000000001 0.025
9 0.25625000000000003 0.28828125 0.021875000000000002 0.0171875
9 0.19296875000000002 0.3328125 0.026562500000000003 0.015625
9 0.1953125 0.3203125 0.025 0.0125
9 0.19687500000000002 0.31171875000000004 0.028125 0.010937500000000001
9 0.1921875 0.30312500000000003 0.025 0.0125
9 0.19765625 0.29140625000000003 0.026562500000000003 0.010937500000000001
9 0.20703125 0.28046875 0.0203125 0.0140625
9 0.18515625000000002 0.2671875 0.026562500000000003 0.03125
3 0.20234375000000002 0.09531250000000001 0.026562500000000003 0.025
0 0.2734375 0.11953125 0.00625 0.0203125
6 0.19687500000000002 0.115625 0.021875000000000002 0.025
3 0.1375 0.12890625 0.028125 0.026562500000000003
5 0.09843750000000001 0.19296875000000002 0.028125 0.0328125
3 0.1546875 0.28359375000000003 0.028125 0.035937500000000004
1 0.109375 0.30078125 0.009375000000000001 0.0140625
9 0.109375 0.30859375 0.0125 0.0234375
3 0.09375 0.7718750000000001 0.043750000000000004 0.078125
3 0.1546875 0.690625 0.040625 0.0625
3 0.15937500000000002 0.5671875000000001 0.043750000000000004 0.053125000000000006
7 0.15781250000000002 0.5046875000000001 0.028125 0.043750000000000004
3 0.15937500000000002 0.45937500000000003 0.037500000000000006 0.046875
4 0.1546875 0.41484375 0.028125 0.045312500000000006
7 0.27265625 0.37812500000000004 0.0421875 0.034375
3 0.246875 0.353125 0.07187500000000001 0.028125
7 0.26406250000000003 0.20625000000000002 0.053125000000000006 0.03125
