3 0.21953125 0.353125 0.09843750000000001 0.078125
9 0.49921875000000004 0.1609375 0.035937500000000004 0.025
9 0.8375 0.24296875 0.043750000000000004 0.0203125
9 0.89609375 0.5593750000000001 0.0203125 0.05625
1 0.49765625 0.15234375 0.0234375 0.0234375
1 0.8375 0.23046875 0.009375000000000001 0.0203125
1 0.846875 0.23125 0.009375000000000001 0.025
1 0.89609375 0.55 0.0140625 0.028125
3 0.8 0.4859375 0.053125000000000006 0.09062500000000001
3 0.7828125 0.7640625000000001 0.059375000000000004 0.115625
