3 0.5859375 0.5140625 0.125 0.084375
3 0.371875 0.5632812500000001 0.15000000000000002 0.1015625
3 0.253125 0.43515625 0.109375 0.0578125
3 0.14921875 0.41015625 0.08281250000000001 0.045312500000000006
3 0.8539062500000001 0.37421875000000004 0.0921875 0.0703125
3 0.75390625 0.37421875000000004 0.09531250000000001 0.06406250000000001
3 0.51953125 0.35859375000000004 0.0921875 0.045312500000000006
3 0.30703125000000003 0.35703125 0.060937500000000006 0.045312500000000006
3 0.36171875000000003 0.35781250000000003 0.06406250000000001 0.040625
3 0.4265625 0.34609375000000003 0.07187500000000001 0.0390625
3 0.05 0.44843750000000004 0.08750000000000001 0.05
3 0.08203125 0.3953125 0.08281250000000001 0.043750000000000004
3 0.028125 0.38671875 0.053125000000000006 0.0484375
3 0.5921875 0.35468750000000004 0.09375 0.0625
3 0.9125000000000001 0.23750000000000002 0.040625 0.040625
0 0.26328125 0.25390625 0.0171875 0.0328125
0 0.38828125 0.39375000000000004 0.0171875 0.040625
0 0.4609375 0.40703125 0.018750000000000003 0.045312500000000006
0 0.509375 0.4140625 0.021875000000000002 0.043750000000000004
0 0.53671875 0.39140625 0.0171875 0.035937500000000004
1 0.54921875 0.3984375 0.026562500000000003 0.028125
3 0.7078125000000001 0.246875 0.078125 0.05
