9 0.96484375 0.44375000000000003 0.0203125 0.03125
9 0.93671875 0.43203125000000003 0.0171875 0.035937500000000004
9 0.91015625 0.4234375 0.0203125 0.037500000000000006
9 0.3203125 0.78828125 0.034375 0.06406250000000001
9 0.3515625 0.76953125 0.037500000000000006 0.0546875
9 0.20703125 0.73203125 0.0328125 0.06406250000000001
1 0.31562500000000004 0.74375 0.037500000000000006 0.053125000000000006
1 0.34609375000000003 0.73203125 0.0390625 0.0484375
1 0.20625000000000002 0.69453125 0.037500000000000006 0.0484375
4 0.05 0.5609375 0.07187500000000001 0.09375
3 0.7671875 0.49140625000000004 0.09062500000000001 0.0703125
4 0.821875 0.4109375 0.078125 0.0625
3 0.7484375000000001 0.3875 0.059375000000000004 0.040625
3 0.728125 0.3640625 0.043750000000000004 0.043750000000000004
3 0.6703125000000001 0.36171875000000003 0.0625 0.045312500000000006
3 0.60078125 0.3203125 0.0390625 0.028125
3 0.57265625 0.30312500000000003 0.0421875 0.03125
3 0.5734375 0.284375 0.028125 0.025
3 0.51953125 0.28203125 0.035937500000000004 0.0234375
3 0.503125 0.275 0.03125 0.021875000000000002
3 0.4859375 0.2703125 0.028125 0.021875000000000002
3 0.47109375000000003 0.26328125 0.029687500000000002 0.0234375
3 0.45 0.2515625 0.03125 0.021875000000000002
3 0.421875 0.24453125 0.03125 0.026562500000000003
3 0.40937500000000004 0.23984375000000002 0.025 0.029687500000000002
3 0.4453125 0.26328125 0.03125 0.0203125
3 0.4421875 0.275 0.03125 0.028125
5 0.521875 0.33828125000000003 0.07187500000000001 0.0734375
5 0.34296875000000004 0.24453125 0.035937500000000004 0.045312500000000006
3 0.31328125 0.2328125 0.026562500000000003 0.025
3 0.31328125 0.22109375 0.0234375 0.0203125
3 0.29296875 0.21171875 0.0203125 0.0171875
3 0.40390625 0.22578125000000002 0.06406250000000001 0.0234375
3 0.3875 0.22109375 0.046875 0.0203125
3 0.359375 0.21640625000000002 0.018750000000000003 0.010937500000000001
3 0.34687500000000004 0.209375 0.015625 0.015625
3 0.33828125000000003 0.20703125 0.0171875 0.0171875
6 0.27265625 0.20703125 0.010937500000000001 0.0140625
5 0.25 0.42734375 0.059375000000000004 0.0578125
8 0.23671875 0.35234375 0.06406250000000001 0.0859375
3 0.051562500000000004 0.32421875 0.034375 0.035937500000000004
3 0.18906250000000002 0.2421875 0.025 0.025
3 0.13125 0.22578125000000002 0.025 0.0203125
3 0.1046875 0.17890625000000002 0.015625 0.0140625
3 0.10078125 0.16953125000000002 0.0171875 0.0140625
3 0.0625 0.30312500000000003 0.03125 0.03125
3 0.046875 0.29140625000000003 0.028125 0.026562500000000003
3 0.060937500000000006 0.28203125 0.028125 0.0203125
3 0.046875 0.2609375 0.025 0.018750000000000003
3 0.047656250000000004 0.25390625 0.0203125 0.0171875
3 0.05 0.246875 0.025 0.015625
3 0.04609375 0.2328125 0.0234375 0.021875000000000002
3 0.02734375 0.2234375 0.0421875 0.018750000000000003
3 0.03359375 0.22109375 0.0328125 0.0234375
3 0.05390625 0.21406250000000002 0.0171875 0.018750000000000003
4 0.043750000000000004 0.209375 0.0125 0.018750000000000003
0 0.051562500000000004 0.2 0.00625 0.018750000000000003
0 0.08828125 0.20468750000000002 0.0078125 0.018750000000000003
0 0.06640625 0.22812500000000002 0.010937500000000001 0.021875000000000002
1 0.09140625000000001 0.2234375 0.0078125 0.0125
9 0.0921875 0.23515625 0.0125 0.010937500000000001
