9 0.9242187500000001 0.10625000000000001 0.0078125 0.021875000000000002
9 0.93671875 0.10625000000000001 0.010937500000000001 0.018750000000000003
9 0.946875 0.10703125000000001 0.00625 0.0203125
9 0.9632812500000001 0.10703125000000001 0.0171875 0.0203125
9 0.92109375 0.35781250000000003 0.026562500000000003 0.015625
9 0.9187500000000001 0.36953125000000003 0.021875000000000002 0.0203125
9 0.9203125000000001 0.415625 0.015625 0.034375
9 0.9476562500000001 0.6531250000000001 0.0421875 0.021875000000000002
7 0.95078125 0.6859375000000001 0.0734375 0.040625
0 0.9031250000000001 0.6742187500000001 0.015625 0.029687500000000002
0 0.9359375000000001 0.6984375 0.0125 0.03125
9 0.8703125 0.71484375 0.037500000000000006 0.0171875
9 0.94140625 0.78046875 0.0390625 0.0328125
9 0.93671875 0.9078125 0.0421875 0.025
0 0.8609375 0.8671875 0.015625 0.040625
