3 0.29453125 0.83984375 0.0765625 0.06406250000000001
3 0.3140625 0.7296875 0.06875 0.05
3 0.30703125000000003 0.7835937500000001 0.0734375 0.060937500000000006
3 0.30781250000000004 0.62890625 0.078125 0.0546875
3 0.8132812500000001 0.59375 0.0703125 0.053125000000000006
3 0.42812500000000003 0.87109375 0.07500000000000001 0.0890625
3 0.46171875 0.55390625 0.051562500000000004 0.045312500000000006
3 0.36328125 0.40625 0.0328125 0.025
4 0.546875 0.83515625 0.06875 0.1015625
5 0.55234375 0.940625 0.09843750000000001 0.10312500000000001
