3 0.7765625 0.52578125 0.05 0.0734375
3 0.8609375 0.43359375 0.043750000000000004 0.060937500000000006
3 0.9515625000000001 0.20625000000000002 0.037500000000000006 0.05
3 0.821875 0.28125 0.043750000000000004 0.05
5 0.9078125 0.05625 0.046875 0.09062500000000001
3 0.875 0.0140625 0.028125 0.028125
3 0.19296875000000002 0.5765625 0.0890625 0.046875
5 0.09375 0.5828125000000001 0.10312500000000001 0.059375000000000004
5 0.46015625000000004 0.40390625 0.08281250000000001 0.1078125
8 0.37421875000000004 0.43593750000000003 0.07968750000000001 0.096875
8 0.45546875000000003 0.26796875000000003 0.08281250000000001 0.11406250000000001
8 0.52109375 0.13828125 0.0703125 0.09843750000000001
5 0.60078125 0.07968750000000001 0.0390625 0.078125
4 0.5484375 0.07578125000000001 0.025 0.0421875
8 0.44375000000000003 0.032031250000000004 0.146875 0.0421875
8 0.30000000000000004 0.03125 0.1125 0.037500000000000006
3 0.7000000000000001 0.015625 0.040625 0.018750000000000003
3 0.39296875000000003 0.09531250000000001 0.029687500000000002 0.03125
0 0.7507812500000001 0.029687500000000002 0.010937500000000001 0.021875000000000002
0 0.6937500000000001 0.07500000000000001 0.0125 0.018750000000000003
0 0.6734375 0.09843750000000001 0.015625 0.018750000000000003
0 0.7757812500000001 0.13671875 0.0140625 0.0234375
0 0.759375 0.20468750000000002 0.009375000000000001 0.015625
0 0.6960937500000001 0.1640625 0.010937500000000001 0.018750000000000003
0 0.71875 0.2421875 0.015625 0.018750000000000003
0 0.6882812500000001 0.35859375000000004 0.0171875 0.029687500000000002
0 0.6570312500000001 0.2921875 0.010937500000000001 0.015625
0 0.5765625 0.4703125 0.018750000000000003 0.025
0 0.58203125 0.50625 0.0140625 0.015625
0 0.421875 0.9515625000000001 0.015625 0.034375
3 0.5593750000000001 0.05390625 0.028125 0.035937500000000004
0 0.7671875 0.20625000000000002 0.0125 0.028125
0 0.43359375 0.9578125000000001 0.0171875 0.028125
0 0.56015625 0.36875 0.0171875 0.034375
