4 0.9398437500000001 0.6234375000000001 0.08281250000000001 0.07500000000000001
4 0.5906250000000001 0.5476562500000001 0.08125 0.0859375
4 0.4421875 0.415625 0.08125 0.059375000000000004
4 0.39375000000000004 0.40390625 0.08750000000000001 0.0546875
4 0.3453125 0.38906250000000003 0.065625 0.053125000000000006
4 0.27734375 0.37890625 0.08281250000000001 0.051562500000000004
3 0.4703125 0.5484375 0.059375000000000004 0.05625
3 0.33437500000000003 0.91015625 0.059375000000000004 0.08281250000000001
8 0.1265625 0.40234375 0.16875 0.09843750000000001
8 0.31875000000000003 0.36640625000000004 0.12812500000000002 0.0890625
8 0.5046875000000001 0.31562500000000004 0.17500000000000002 0.09062500000000001
8 0.62265625 0.35390625000000003 0.15781250000000002 0.0921875
8 0.859375 0.40156250000000004 0.153125 0.140625
8 0.7820312500000001 0.24453125 0.15781250000000002 0.08281250000000001
3 0.8914062500000001 0.2328125 0.0546875 0.040625
0 0.8421875000000001 0.28750000000000003 0.015625 0.025
0 0.846875 0.27968750000000003 0.00625 0.018750000000000003
0 0.8601562500000001 0.28125 0.0078125 0.021875000000000002
0 0.9015625 0.28125 0.015625 0.028125
3 0.1046875 0.325 0.037500000000000006 0.040625
3 0.1421875 0.246875 0.053125000000000006 0.034375
