4 0.060937500000000006 0.10312500000000001 0.015625 0.015625
0 0.10390625 0.33984375 0.004687500000000001 0.0203125
0 0.1078125 0.33984375 0.00625 0.0203125
3 0.17500000000000002 0.25078125 0.043750000000000004 0.026562500000000003
8 0.13671875 0.22109375 0.0546875 0.0390625
8 0.1046875 0.02890625 0.015625 0.010937500000000001
8 0.0859375 0.12578125 0.025 0.035937500000000004
5 0.08671875000000001 0.08984375 0.026562500000000003 0.029687500000000002
3 0.1 0.08203125 0.0125 0.010937500000000001
5 0.34375 0.22031250000000002 0.028125 0.037500000000000006
3 0.940625 0.71015625 0.08750000000000001 0.0421875
