3 0.42421875000000003 0.8984375 0.1546875 0.19375
2 0.22578125000000002 0.9171875 0.029687500000000002 0.08750000000000001
1 0.22890625 0.8984375 0.035937500000000004 0.059375000000000004
3 0.37578125 0.5867187500000001 0.09531250000000001 0.1234375
5 0.47500000000000003 0.31015625 0.125 0.1765625
3 0.296875 0.340625 0.08750000000000001 0.1
3 0.26875 0.22578125000000002 0.078125 0.07968750000000001
2 0.32656250000000003 0.16484375 0.053125000000000006 0.0390625
1 0.32109375 0.1484375 0.0234375 0.043750000000000004
2 0.26015625000000003 0.02421875 0.0171875 0.0390625
1 0.26406250000000003 0.0171875 0.028125 0.034375
