3 0.8851562500000001 0.6453125000000001 0.1765625 0.16875
8 0.62265625 0.06171875 0.2609375 0.1203125
8 0.56484375 0.07500000000000001 0.2171875 0.146875
8 0.44296875 0.0859375 0.2671875 0.1625
8 0.40078125000000003 0.11171875 0.2734375 0.1765625
0 0.40546875000000004 0.19765625 0.0328125 0.060937500000000006
0 0.36250000000000004 0.16875 0.028125 0.053125000000000006
0 0.3796875 0.18203125 0.025 0.060937500000000006
0 0.38984375000000004 0.2015625 0.026562500000000003 0.05625
0 0.6570312500000001 0.27968750000000003 0.0390625 0.06875
0 0.6671875 0.39140625 0.037500000000000006 0.07968750000000001
0 0.7671875 0.28359375000000003 0.03125 0.0734375
1 0.465625 0.5265625 0.043750000000000004 0.0625
2 0.4703125 0.5578125 0.07187500000000001 0.05625
2 0.815625 0.24296875 0.05 0.029687500000000002
2 0.8914062500000001 0.20234375000000002 0.0484375 0.035937500000000004
2 0.946875 0.18515625000000002 0.021875000000000002 0.0328125
0 0.92578125 0.171875 0.0171875 0.043750000000000004
1 0.9421875000000001 0.17265625 0.018750000000000003 0.045312500000000006
