3 0.0054687500000000005 0.90234375 0.004687500000000001 0.004687500000000001
3 0.0484375 0.9265625000000001 0.00625 0.00625
3 0.08125 0.91015625 0.00625 0.004687500000000001
3 0.09140625000000001 0.9359375000000001 0.0078125 0.009375000000000001
0 0.049218750000000006 0.96484375 0.004687500000000001 0.0078125
3 0.017968750000000002 0.9476562500000001 0.0078125 0.0078125
3 0.0054687500000000005 0.95703125 0.010937500000000001 0.0078125
3 0.010937500000000001 0.96484375 0.009375000000000001 0.0078125
3 0.0054687500000000005 0.9734375000000001 0.010937500000000001 0.009375000000000001
3 0.01171875 0.98828125 0.010937500000000001 0.010937500000000001
3 0.15390625000000002 0.97265625 0.0203125 0.0078125
5 0.18515625000000002 0.971875 0.0234375 0.0125
5 0.17500000000000002 0.96796875 0.034375 0.0140625
3 0.2390625 0.99375 0.021875000000000002 0.009375000000000001
3 0.23359375000000002 0.9921875 0.0234375 0.0125
3 0.22421875000000002 0.98828125 0.0203125 0.010937500000000001
3 0.26171875 0.99375 0.026562500000000003 0.0125
3 0.253125 0.9765625 0.025 0.0125
3 0.340625 0.9773437500000001 0.018750000000000003 0.010937500000000001
3 0.2859375 0.96875 0.018750000000000003 0.009375000000000001
3 0.2421875 0.9453125 0.015625 0.009375000000000001
3 0.19765625 0.9515625000000001 0.0171875 0.00625
3 0.1921875 0.9484375 0.018750000000000003 0.009375000000000001
3 0.1859375 0.9476562500000001 0.021875000000000002 0.0078125
3 0.18515625000000002 0.94453125 0.0203125 0.0078125
3 0.18046875 0.940625 0.0171875 0.00625
