7 0.33906250000000004 0.17421875 0.109375 0.0921875
9 0.27421875 0.30078125 0.08281250000000001 0.08281250000000001
9 0.19296875000000002 0.09531250000000001 0.0703125 0.078125
9 0.28750000000000003 0.11328125 0.078125 0.051562500000000004
9 0.34453125 0.0859375 0.07968750000000001 0.043750000000000004
9 0.340625 0.05078125 0.07187500000000001 0.0390625
9 0.2234375 0.50703125 0.10312500000000001 0.0765625
9 0.66953125 0.47265625 0.0921875 0.045312500000000006
2 0.69453125 0.3453125 0.0890625 0.046875
9 0.68671875 0.30625 0.0859375 0.053125000000000006
2 0.6882812500000001 0.1234375 0.07968750000000001 0.040625
