3 0.7835937500000001 0.0578125 0.0328125 0.065625
3 0.7898437500000001 0.11953125 0.026562500000000003 0.0578125
3 0.553125 0.26328125 0.059375000000000004 0.0328125
4 0.55234375 0.29609375 0.0546875 0.0328125
9 0.7125 0.030468750000000003 0.021875000000000002 0.0171875
9 0.73828125 0.021875000000000002 0.0203125 0.021875000000000002
9 0.7375 0.0578125 0.021875000000000002 0.021875000000000002
9 0.6843750000000001 0.03828125 0.03125 0.0203125
0 0.8484375000000001 0.07890625000000001 0.0125 0.0203125
0 0.8640625000000001 0.07890625000000001 0.0125 0.0203125
0 0.915625 0.06640625 0.009375000000000001 0.0203125
9 0.9015625 0.8453125 0.009375000000000001 0.025
