3 0.21171875 0.20703125 0.0484375 0.0859375
3 0.20234375000000002 0.10703125000000001 0.0390625 0.06406250000000001
3 0.44296875 0.0734375 0.0390625 0.05625
3 0.47500000000000003 0.19765625 0.046875 0.0578125
3 0.5359375000000001 0.4234375 0.05 0.115625
3 0.50234375 0.28671875 0.045312500000000006 0.06406250000000001
3 0.46015625000000004 0.13671875 0.045312500000000006 0.0578125
9 0.21484375 0.037500000000000006 0.026562500000000003 0.06875
9 0.4375 0.26015625000000003 0.021875000000000002 0.029687500000000002
3 0.6000000000000001 0.7468750000000001 0.07500000000000001 0.134375
3 0.65234375 0.915625 0.0921875 0.15625
0 0.6179687500000001 0.66953125 0.0171875 0.035937500000000004
