5 0.049218750000000006 0.384375 0.045312500000000006 0.09062500000000001
5 0.5671875000000001 0.33203125 0.07500000000000001 0.1078125
3 0.60546875 0.328125 0.045312500000000006 0.065625
3 0.64609375 0.3328125 0.060937500000000006 0.0625
3 0.039843750000000004 0.1390625 0.026562500000000003 0.037500000000000006
3 0.09375 0.31562500000000004 0.037500000000000006 0.053125000000000006
3 0.15390625000000002 0.3984375 0.0859375 0.053125000000000006
3 0.153125 0.44296875 0.09375 0.0546875
3 0.6351562500000001 0.20390625 0.06406250000000001 0.045312500000000006
3 0.8625 0.36015625 0.078125 0.0734375
3 0.95703125 0.35234375 0.0765625 0.0703125
3 0.78828125 0.2171875 0.08281250000000001 0.03125
4 0.90234375 0.34453125 0.08281250000000001 0.0859375
0 0.51484375 0.22578125000000002 0.0140625 0.029687500000000002
0 0.540625 0.17734375000000002 0.015625 0.026562500000000003
0 0.55703125 0.17343750000000002 0.0140625 0.025
0 0.07734375 0.40546875000000004 0.0140625 0.0328125
