3 0.3484375 0.1609375 0.07500000000000001 0.14375000000000002
3 0.6609375000000001 0.55 0.084375 0.17500000000000002
3 0.6742187500000001 0.75546875 0.0921875 0.1859375
3 0.6453125000000001 0.2671875 0.08125 0.15625
0 0.5085937500000001 0.51328125 0.026562500000000003 0.045312500000000006
0 0.55390625 0.51015625 0.029687500000000002 0.045312500000000006
0 0.53515625 0.5007812500000001 0.026562500000000003 0.045312500000000006
0 0.8460937500000001 0.275 0.0234375 0.053125000000000006
1 0.23671875 0.39921875 0.0328125 0.0484375
2 0.24140625000000002 0.4078125 0.0546875 0.053125000000000006
5 0.5578125 0.11484375000000001 0.096875 0.2265625
3 0.6414062500000001 0.09062500000000001 0.0703125 0.14375000000000002
9 0.925 0.06640625 0.05625 0.0484375
4 0.9343750000000001 0.025781250000000002 0.06875 0.051562500000000004
