3 0.7390625000000001 0.5375 0.07187500000000001 0.046875
3 0.95078125 0.484375 0.06406250000000001 0.05
0 0.90625 0.665625 0.034375 0.0625
1 0.50234375 0.6273437500000001 0.029687500000000002 0.0421875
6 0.5078125 0.6335937500000001 0.08750000000000001 0.0578125
0 0.22265625 0.5421875 0.0171875 0.05
0 0.19687500000000002 0.54140625 0.015625 0.0421875
0 0.15859375 0.54140625 0.0203125 0.051562500000000004
0 0.40468750000000003 0.4234375 0.015625 0.040625
0 0.12734375 0.259375 0.0140625 0.025
3 0.78046875 0.50625 0.0546875 0.046875
3 0.30000000000000004 0.42265625 0.043750000000000004 0.0328125
5 0.1546875 0.5164062500000001 0.096875 0.06406250000000001
8 0.25625000000000003 0.43515625 0.08125 0.0921875
4 0.17500000000000002 0.36562500000000003 0.05 0.05
3 0.21875 0.36953125000000003 0.037500000000000006 0.0328125
0 0.340625 0.39921875 0.015625 0.0328125
4 0.74765625 0.30781250000000004 0.0390625 0.025
5 0.7000000000000001 0.246875 0.028125 0.037500000000000006
5 0.7375 0.25 0.028125 0.03125
5 0.7757812500000001 0.23828125 0.060937500000000006 0.0328125
5 0.9234375 0.2625 0.053125000000000006 0.034375
3 0.83125 0.48359375000000004 0.05 0.035937500000000004
3 0.8679687500000001 0.46328125000000003 0.0546875 0.0390625
3 0.9085937500000001 0.44375000000000003 0.0546875 0.034375
3 0.8140625 0.41171875 0.05 0.0328125
