3 0.3015625 0.053125000000000006 0.015625 0.015625
3 0.2859375 0.03671875 0.018750000000000003 0.0171875
3 0.30234375 0.02109375 0.0140625 0.010937500000000001
3 0.2515625 0.07500000000000001 0.015625 0.0125
3 0.24453125 0.060937500000000006 0.0140625 0.0125
3 0.23046875 0.0625 0.0140625 0.0125
3 0.2515625 0.040625 0.015625 0.0125
3 0.25703125 0.028125 0.0171875 0.0125
3 0.2578125 0.01640625 0.0125 0.010937500000000001
3 0.18671875000000002 0.07734375 0.010937500000000001 0.010937500000000001
3 0.16953125000000002 0.07421875 0.010937500000000001 0.0078125
3 0.1625 0.06875 0.00625 0.00625
3 0.1484375 0.0703125 0.009375000000000001 0.00625
3 0.14140625 0.12812500000000002 0.0171875 0.018750000000000003
3 0.13203125000000002 0.12734375 0.0171875 0.0203125
3 0.1265625 0.12734375 0.018750000000000003 0.0171875
