4 0.11484375000000001 0.72578125 0.1421875 0.11093750000000001
4 0.27890625 0.9304687500000001 0.2015625 0.1328125
3 0.11093750000000001 0.37734375000000003 0.084375 0.0890625
3 0.049218750000000006 0.403125 0.0765625 0.09375
3 0.17578125 0.3609375 0.0546875 0.07500000000000001
3 0.94453125 0.08203125 0.0578125 0.035937500000000004
9 0.70078125 0.14765625000000002 0.0328125 0.0328125
9 0.17500000000000002 0.03359375 0.028125 0.0203125
9 0.05625 0.04453125 0.03125 0.0203125
9 0.2390625 0.09843750000000001 0.021875000000000002 0.015625
9 0.11406250000000001 0.01640625 0.015625 0.0171875
9 0.10234375000000001 0.015625 0.010937500000000001 0.0125
9 0.13671875 0.01171875 0.0171875 0.0171875
9 0.1625 0.0078125 0.015625 0.015625
3 0.1640625 0.09843750000000001 0.09375 0.043750000000000004
3 0.1375 0.06875 0.08750000000000001 0.040625
