3 0.43125 0.875 0.05 0.1
3 0.35078125000000004 0.6820312500000001 0.045312500000000006 0.1046875
4 0.43203125000000003 0.68515625 0.0390625 0.0703125
0 0.12578125 0.39765625000000004 0.010937500000000001 0.029687500000000002
0 0.1796875 0.20703125 0.015625 0.029687500000000002
0 0.1640625 0.20625000000000002 0.009375000000000001 0.025
3 0.23984375000000002 0.06640625 0.0171875 0.029687500000000002
0 0.27265625 0.06328125 0.004687500000000001 0.0140625
4 0.20703125 0.12812500000000002 0.026562500000000003 0.040625
4 0.1859375 0.34453125 0.07187500000000001 0.045312500000000006
3 0.2515625 0.321875 0.034375 0.0625
3 0.23515625 0.40234375 0.0390625 0.0578125
5 0.22890625 0.584375 0.0703125 0.1625
1 0.4546875 0.1765625 0.00625 0.009375000000000001
9 0.45390625 0.18515625000000002 0.010937500000000001 0.0328125
9 0.35000000000000003 0.09531250000000001 0.015625 0.053125000000000006
1 0.34921875 0.07968750000000001 0.010937500000000001 0.018750000000000003
5 0.8382812500000001 0.6898437500000001 0.1171875 0.0703125
5 0.721875 0.80078125 0.16562500000000002 0.0734375
3 0.73359375 0.8539062500000001 0.13593750000000002 0.0578125
0 0.546875 0.17421875 0.009375000000000001 0.0203125
0 0.5375 0.17343750000000002 0.00625 0.021875000000000002
