3 0.971875 0.31328125 0.037500000000000006 0.0484375
3 0.7875000000000001 0.39375000000000004 0.028125 0.037500000000000006
3 0.81015625 0.40078125000000003 0.0234375 0.0421875
3 0.8359375 0.25703125 0.025 0.045312500000000006
3 0.9070312500000001 0.171875 0.029687500000000002 0.05
0 0.6171875 0.45859375 0.00625 0.0140625
0 0.60703125 0.45625000000000004 0.010937500000000001 0.015625
0 0.6117187500000001 0.45937500000000003 0.0078125 0.0125
0 0.62421875 0.47734375 0.0078125 0.0078125
0 0.61328125 0.47578125000000004 0.010937500000000001 0.010937500000000001
0 0.6296875000000001 0.46796875000000004 0.00625 0.010937500000000001
0 0.62890625 0.46406250000000004 0.010937500000000001 0.0125
0 0.5953125 0.51484375 0.00625 0.0078125
0 0.75 0.30312500000000003 0.009375000000000001 0.009375000000000001
0 0.75 0.2734375 0.00625 0.009375000000000001
0 0.74375 0.26796875000000003 0.00625 0.010937500000000001
0 0.7664062500000001 0.28515625 0.010937500000000001 0.0140625
0 0.80234375 0.22187500000000002 0.010937500000000001 0.015625
0 0.7765625 0.2765625 0.00625 0.009375000000000001
0 0.7585937500000001 0.275 0.010937500000000001 0.0125
0 0.7546875000000001 0.290625 0.00625 0.0125
0 0.7375 0.30546875 0.00625 0.010937500000000001
0 0.7109375 0.33359375 0.00625 0.010937500000000001
0 0.6125 0.42421875000000003 0.00625 0.0078125
0 0.8968750000000001 0.053125000000000006 0.009375000000000001 0.0125
0 0.8921875 0.039843750000000004 0.009375000000000001 0.010937500000000001
0 0.890625 0.0484375 0.00625 0.0125
