3 0.060937500000000006 0.64453125 0.034375 0.0546875
3 0.0765625 0.09062500000000001 0.0125 0.018750000000000003
3 0.05 0.1390625 0.015625 0.025
3 0.03828125 0.11484375000000001 0.0171875 0.0203125
3 0.03359375 0.030468750000000003 0.010937500000000001 0.0171875
3 0.0546875 0.0578125 0.0125 0.018750000000000003
3 0.078125 0.059375000000000004 0.015625 0.025
3 0.07265625 0.146875 0.0171875 0.025
4 0.026562500000000003 0.17421875 0.021875000000000002 0.0328125
8 0.07109375 0.265625 0.0328125 0.09062500000000001
4 0.07578125000000001 0.35078125000000004 0.0234375 0.0484375
3 0.02734375 0.0484375 0.0171875 0.018750000000000003
3 0.08125 0.009375000000000001 0.0125 0.018750000000000003
3 0.30234375 0.60859375 0.07968750000000001 0.029687500000000002
3 0.43359375 0.64609375 0.08281250000000001 0.029687500000000002
3 0.5242187500000001 0.6585937500000001 0.0734375 0.035937500000000004
3 0.48750000000000004 0.61484375 0.078125 0.035937500000000004
4 0.6117187500000001 0.66015625 0.08281250000000001 0.035937500000000004
3 0.82734375 0.61640625 0.0765625 0.029687500000000002
3 0.940625 0.6234375000000001 0.078125 0.03125
