0 0.39921875 0.060937500000000006 0.010937500000000001 0.021875000000000002
0 0.39921875 0.09140625000000001 0.010937500000000001 0.0328125
1 0.41640625000000003 0.29453125 0.010937500000000001 0.0328125
0 0.5242187500000001 0.051562500000000004 0.0171875 0.015625
0 0.5750000000000001 0.0578125 0.015625 0.034375
0 0.63984375 0.018750000000000003 0.010937500000000001 0.025
0 0.65234375 0.0203125 0.0171875 0.034375
1 0.759375 0.09531250000000001 0.028125 0.028125
1 0.74921875 0.1375 0.026562500000000003 0.018750000000000003
1 0.7664062500000001 0.1328125 0.0203125 0.028125
0 0.86328125 0.21640625000000002 0.0171875 0.0234375
0 0.9171875 0.33203125 0.018750000000000003 0.0203125
0 0.9750000000000001 0.51171875 0.018750000000000003 0.026562500000000003
1 0.8914062500000001 0.49062500000000003 0.0390625 0.018750000000000003
1 0.9078125 0.52578125 0.015625 0.0328125
1 0.91328125 0.5484375 0.026562500000000003 0.025
2 0.49375 0.55 0.025 0.028125
1 0.496875 0.5390625 0.018750000000000003 0.03125
1 0.6515625 0.50703125 0.015625 0.026562500000000003
0 0.7640625000000001 0.46640625 0.015625 0.0140625
0 0.7757812500000001 0.4578125 0.0140625 0.03125
1 0.728125 0.44296875 0.015625 0.0140625
1 0.5453125 0.40156250000000004 0.028125 0.015625
