3 0.17578125 0.7445312500000001 0.0703125 0.0734375
3 0.4421875 0.5164062500000001 0.059375000000000004 0.060937500000000006
3 0.2078125 0.4546875 0.059375000000000004 0.059375000000000004
3 0.359375 0.7562500000000001 0.06875 0.07500000000000001
3 0.2078125 0.2515625 0.043750000000000004 0.043750000000000004
3 0.0390625 0.47265625 0.043750000000000004 0.0484375
3 0.10312500000000001 0.78671875 0.059375000000000004 0.0765625
3 0.34453125 0.92578125 0.1078125 0.0765625
3 0.20625000000000002 0.95625 0.084375 0.08750000000000001
3 0.125 0.6570312500000001 0.05 0.06406250000000001
4 0.07500000000000001 0.23359375000000002 0.046875 0.0421875
4 0.09140625000000001 0.56640625 0.045312500000000006 0.0578125
4 0.59609375 0.5320312500000001 0.060937500000000006 0.0546875
3 0.0484375 0.38515625000000003 0.043750000000000004 0.045312500000000006
4 0.8656250000000001 0.6117187500000001 0.09062500000000001 0.060937500000000006
0 0.9085937500000001 0.8953125000000001 0.0171875 0.037500000000000006
0 0.9085937500000001 0.8812500000000001 0.010937500000000001 0.03125
0 0.9148437500000001 0.878125 0.0140625 0.034375
0 0.6015625 0.6039062500000001 0.015625 0.0328125
0 0.53125 0.5164062500000001 0.015625 0.0328125
0 0.3453125 0.33046875000000003 0.015625 0.0203125
