0 0.8953125000000001 0.7140625 0.034375 0.078125
0 0.92578125 0.71875 0.026562500000000003 0.09062500000000001
0 0.66796875 0.38125000000000003 0.0171875 0.037500000000000006
0 0.83125 0.35234375 0.015625 0.0328125
0 0.76953125 0.34140625 0.0078125 0.0328125
0 0.7671875 0.328125 0.009375000000000001 0.028125
0 0.75546875 0.325 0.0140625 0.025
0 0.74375 0.34453125 0.0125 0.029687500000000002
0 0.7835937500000001 0.3203125 0.0078125 0.025
0 0.796875 0.328125 0.00625 0.028125
0 0.79296875 0.31953125000000004 0.004687500000000001 0.029687500000000002
0 0.82578125 0.27421875 0.004687500000000001 0.0203125
0 0.86875 0.275 0.00625 0.018750000000000003
0 0.546875 0.29531250000000003 0.00625 0.021875000000000002
0 0.5515625000000001 0.2921875 0.00625 0.021875000000000002
0 0.5640625 0.29531250000000003 0.00625 0.025
0 0.5734375 0.2921875 0.00625 0.025
0 0.5890625 0.2921875 0.009375000000000001 0.025
7 0.7601562500000001 0.37734375000000003 0.0546875 0.035937500000000004
7 0.728125 0.33984375 0.037500000000000006 0.026562500000000003
9 0.8640625000000001 0.31484375000000003 0.021875000000000002 0.0171875
2 0.47187500000000004 0.4421875 0.028125 0.034375
2 0.48125 0.43828125 0.028125 0.0328125
2 0.4921875 0.43828125 0.028125 0.0328125
2 0.5015625 0.43046875 0.028125 0.0328125
2 0.5359375000000001 0.41484375 0.028125 0.0328125
2 0.5453125 0.41484375 0.028125 0.0328125
2 0.5640625 0.40546875000000004 0.028125 0.0328125
2 0.5796875 0.40078125000000003 0.028125 0.0328125
2 0.59609375 0.39687500000000003 0.026562500000000003 0.034375
2 0.603125 0.38984375000000004 0.028125 0.0328125
2 0.6125 0.38984375000000004 0.028125 0.0328125
2 0.61875 0.38515625000000003 0.028125 0.0328125
2 0.634375 0.384375 0.028125 0.034375
2 0.634375 0.38203125000000004 0.028125 0.0328125
3 0.27734375 0.5859375 0.11406250000000001 0.07500000000000001
5 0.16875 0.46328125000000003 0.125 0.0734375
5 0.3453125 0.4265625 0.09375 0.05
3 0.16484375 0.4296875 0.09843750000000001 0.046875
3 0.26328125 0.41015625 0.07968750000000001 0.045312500000000006
3 0.33906250000000004 0.38593750000000004 0.07187500000000001 0.040625
3 0.41640625000000003 0.39296875000000003 0.0703125 0.045312500000000006
3 0.40546875000000004 0.36562500000000003 0.06406250000000001 0.040625
3 0.42734375 0.35234375 0.0578125 0.026562500000000003
3 0.47109375000000003 0.3328125 0.0546875 0.034375
3 0.50703125 0.34375 0.0546875 0.034375
3 0.51953125 0.36171875000000003 0.0546875 0.0390625
3 0.546875 0.3359375 0.037500000000000006 0.028125
3 0.5296875 0.328125 0.046875 0.028125
3 0.58125 0.3203125 0.046875 0.03125
3 0.62421875 0.33125000000000004 0.045312500000000006 0.028125
3 0.6453125000000001 0.2921875 0.037500000000000006 0.018750000000000003
3 0.65 0.30859375 0.043750000000000004 0.029687500000000002
3 0.6734375 0.30000000000000004 0.037500000000000006 0.025
8 0.6765625000000001 0.32109375 0.084375 0.0578125
3 0.72265625 0.3046875 0.0328125 0.021875000000000002
3 0.7000000000000001 0.29453125 0.037500000000000006 0.0234375
3 0.6898437500000001 0.28203125 0.029687500000000002 0.0203125
3 0.7367187500000001 0.28671875 0.035937500000000004 0.0203125
3 0.74921875 0.275 0.026562500000000003 0.0125
3 0.7312500000000001 0.27578125000000003 0.021875000000000002 0.0203125
3 0.77109375 0.275 0.026562500000000003 0.015625
3 0.8031250000000001 0.27421875 0.021875000000000002 0.0171875
3 0.78125 0.2671875 0.025 0.0125
3 0.8093750000000001 0.2671875 0.015625 0.0125
3 0.7875000000000001 0.2625 0.021875000000000002 0.009375000000000001
3 0.78828125 0.2578125 0.0203125 0.0125
3 0.8046875 0.253125 0.021875000000000002 0.0125
3 0.83515625 0.25859375 0.0203125 0.0140625
3 0.8421875000000001 0.2546875 0.021875000000000002 0.0125
3 0.8757812500000001 0.259375 0.0203125 0.015625
3 0.8703125 0.25 0.015625 0.0125
3 0.84921875 0.24531250000000002 0.026562500000000003 0.0125
3 0.85859375 0.2421875 0.0234375 0.009375000000000001
4 0.7562500000000001 0.25078125 0.034375 0.0171875
3 0.7601562500000001 0.24609375 0.026562500000000003 0.010937500000000001
5 0.7921875 0.24531250000000002 0.034375 0.0125
3 0.81640625 0.23750000000000002 0.029687500000000002 0.0125
3 0.7718750000000001 0.23750000000000002 0.03125 0.0125
3 0.8367187500000001 0.23671875 0.026562500000000003 0.010937500000000001
4 0.9796875 0.2671875 0.021875000000000002 0.018750000000000003
4 0.99140625 0.27109375 0.0140625 0.0203125
3 0.9554687500000001 0.265625 0.029687500000000002 0.0125
4 0.971875 0.2546875 0.015625 0.0125
3 0.9750000000000001 0.25390625 0.028125 0.0078125
3 0.96796875 0.2421875 0.010937500000000001 0.0125
3 0.9632812500000001 0.22578125000000002 0.010937500000000001 0.0078125
3 0.98984375 0.22890625 0.010937500000000001 0.0078125
3 0.9906250000000001 0.22109375 0.0125 0.0078125
3 0.9734375000000001 0.21640625000000002 0.009375000000000001 0.0078125
3 0.63984375 0.26328125 0.026562500000000003 0.0140625
3 0.61328125 0.2625 0.026562500000000003 0.0125
3 0.58984375 0.259375 0.026562500000000003 0.0125
3 0.525 0.26640625 0.037500000000000006 0.0140625
3 0.48125 0.259375 0.034375 0.0125
3 0.115625 0.234375 0.028125 0.015625
3 0.115625 0.225 0.021875000000000002 0.0125
3 0.07109375 0.22968750000000002 0.026562500000000003 0.0125
