3 0.0203125 0.45546875000000003 0.028125 0.0578125
3 0.05390625 0.446875 0.029687500000000002 0.0625
0 0.5203125000000001 0.7546875000000001 0.0125 0.003125
0 0.525 0.7468750000000001 0.015625 0.009375000000000001
1 0.28828125 0.40234375 0.010937500000000001 0.0078125
3 0.37734375000000003 0.0625 0.0390625 0.043750000000000004
9 0.584375 0.03671875 0.0125 0.0140625
9 0.5578125 0.01953125 0.0125 0.010937500000000001
9 0.5632812500000001 0.025 0.010937500000000001 0.0125
9 0.57421875 0.028125 0.010937500000000001 0.0125
1 0.37265625 0.14765625000000002 0.010937500000000001 0.0078125
9 0.36796875 0.1484375 0.0203125 0.018750000000000003
