5 0.6726562500000001 0.2546875 0.1046875 0.16875
3 0.80625 0.18046875 0.05625 0.0578125
9 0.7828125 0.21250000000000002 0.037500000000000006 0.040625
4 0.80625 0.12265625000000001 0.05 0.060937500000000006
3 0.83203125 0.09843750000000001 0.0484375 0.05
3 0.9515625000000001 0.25078125 0.07187500000000001 0.0734375
0 0.509375 0.5085937500000001 0.034375 0.09531250000000001
0 0.5640625 0.52109375 0.043750000000000004 0.0859375
0 0.6015625 0.515625 0.037500000000000006 0.09062500000000001
0 0.6570312500000001 0.43515625 0.026562500000000003 0.07968750000000001
0 0.6234375000000001 0.43984375000000003 0.021875000000000002 0.0734375
0 0.59765625 0.44765625000000003 0.0171875 0.0578125
0 0.609375 0.4265625 0.025 0.07500000000000001
0 0.5515625000000001 0.3375 0.025 0.06875
0 0.56953125 0.38984375000000004 0.026562500000000003 0.0703125
0 0.58203125 0.26328125 0.026562500000000003 0.0578125
0 0.6125 0.26171875 0.021875000000000002 0.06406250000000001
0 0.017968750000000002 0.40546875000000004 0.035937500000000004 0.08281250000000001
0 0.15390625000000002 0.4390625 0.026562500000000003 0.084375
0 0.17734375000000002 0.47578125000000004 0.0328125 0.08281250000000001
0 0.19765625 0.46015625000000004 0.0390625 0.07968750000000001
0 0.24140625000000002 0.43359375 0.0390625 0.0890625
0 0.21484375 0.43828125 0.026562500000000003 0.0765625
0 0.18828125 0.43515625 0.0328125 0.0859375
2 0.043750000000000004 0.54140625 0.053125000000000006 0.08281250000000001
0 0.95859375 0.40625 0.0203125 0.07500000000000001
