3 0.025781250000000002 0.23984375000000002 0.0203125 0.0203125
3 0.05390625 0.24375000000000002 0.0234375 0.021875000000000002
3 0.08203125 0.24609375 0.026562500000000003 0.0203125
3 0.109375 0.24609375 0.028125 0.0203125
3 0.21328125 0.44453125000000004 0.060937500000000006 0.0328125
3 0.21875 0.43125 0.059375000000000004 0.025
4 0.14140625 0.24765625000000002 0.0171875 0.0234375
4 0.14140625 0.28828125 0.0203125 0.0234375
3 0.07187500000000001 0.39453125 0.059375000000000004 0.0203125
9 0.25859375 0.521875 0.010937500000000001 0.025
1 0.2609375 0.5171875 0.009375000000000001 0.0125
7 0.18671875000000002 0.9320312500000001 0.0578125 0.045312500000000006
9 0.0390625 0.95234375 0.043750000000000004 0.0203125
1 0.03359375 0.95234375 0.010937500000000001 0.0234375
3 0.39921875 0.045312500000000006 0.010937500000000001 0.0125
4 0.43359375 0.05 0.0203125 0.025
4 0.47187500000000004 0.0625 0.034375 0.028125
5 0.421875 0.10390625 0.043750000000000004 0.0328125
5 0.37812500000000004 0.10312500000000001 0.021875000000000002 0.025
9 0.3015625 0.446875 0.018750000000000003 0.018750000000000003
9 0.28984375 0.8656250000000001 0.0421875 0.025
9 0.4703125 0.7890625 0.028125 0.040625
9 0.57421875 0.7265625 0.0171875 0.040625
1 0.3015625 0.43984375000000003 0.009375000000000001 0.0171875
1 0.4703125 0.78046875 0.015625 0.0171875
1 0.5750000000000001 0.71796875 0.015625 0.0203125
0 0.28984375 0.9609375 0.0171875 0.03125
0 0.32656250000000003 0.9554687500000001 0.009375000000000001 0.026562500000000003
0 0.31093750000000003 0.83359375 0.009375000000000001 0.0203125
3 0.7125 0.040625 0.015625 0.0125
0 0.721875 0.030468750000000003 0.00625 0.0078125
4 0.7453125 0.0054687500000000005 0.0125 0.0078125
3 0.7640625000000001 0.0054687500000000005 0.009375000000000001 0.0078125
4 0.8460937500000001 0.009375000000000001 0.0171875 0.0125
4 0.95078125 0.06640625 0.0203125 0.0171875
3 0.92890625 0.0671875 0.0171875 0.0125
4 0.7507812500000001 0.14453125 0.0484375 0.029687500000000002
4 0.9359375000000001 0.21875 0.037500000000000006 0.040625
4 0.9578125000000001 0.09140625000000001 0.025 0.0421875
4 0.9203125000000001 0.12421875 0.053125000000000006 0.0234375
4 0.925 0.11484375000000001 0.05 0.0171875
8 0.9226562500000001 0.17734375000000002 0.06406250000000001 0.045312500000000006
8 0.8757812500000001 0.12421875 0.0390625 0.0484375
3 0.946875 0.15703125 0.028125 0.0171875
3 0.95625 0.14375000000000002 0.037500000000000006 0.0125
4 0.9359375000000001 0.13671875 0.040625 0.0203125
4 0.97265625 0.13671875 0.0234375 0.0203125
0 0.99140625 0.19843750000000002 0.0078125 0.0125
9 0.946875 0.2546875 0.00625 0.0125
1 0.946875 0.25078125 0.00625 0.0171875
3 0.7820312500000001 0.01640625 0.0203125 0.0140625
4 0.8187500000000001 0.05 0.021875000000000002 0.025
4 0.6179687500000001 0.6039062500000001 0.0703125 0.0734375
