3 0.9476562500000001 0.98046875 0.010937500000000001 0.010937500000000001
3 0.93515625 0.9656250000000001 0.010937500000000001 0.0125
3 0.9296875 0.95234375 0.009375000000000001 0.0078125
3 0.915625 0.9070312500000001 0.00625 0.004687500000000001
3 0.9632812500000001 0.9359375000000001 0.010937500000000001 0.009375000000000001
3 0.85546875 0.8835937500000001 0.004687500000000001 0.004687500000000001
3 0.846875 0.88671875 0.00625 0.004687500000000001
3 0.84296875 0.90234375 0.004687500000000001 0.004687500000000001
3 0.84296875 0.9070312500000001 0.004687500000000001 0.004687500000000001
3 0.859375 0.91171875 0.00625 0.004687500000000001
3 0.83203125 0.94453125 0.010937500000000001 0.0078125
1 0.8609375 0.9484375 0.003125 0.003125
9 0.8609375 0.94921875 0.003125 0.010937500000000001
5 0.8093750000000001 0.953125 0.0125 0.0125
3 0.83125 0.9773437500000001 0.0125 0.010937500000000001
3 0.7898437500000001 0.97578125 0.0140625 0.010937500000000001
