8 0.77734375 0.35625 0.43281250000000004 0.153125
8 0.0921875 0.3125 0.18125000000000002 0.14375000000000002
3 0.84765625 0.06484375 0.1296875 0.060937500000000006
6 0.5867187500000001 0.5484375 0.06406250000000001 0.028125
2 0.8601562500000001 0.509375 0.06406250000000001 0.028125
1 0.5859375 0.53515625 0.037500000000000006 0.0484375
1 0.8546875 0.49531250000000004 0.03125 0.043750000000000004
0 0.7054687500000001 0.73828125 0.0328125 0.0421875
9 0.0671875 0.5453125 0.059375000000000004 0.03125
1 0.06484375 0.5296875 0.035937500000000004 0.040625
0 0.24296875 0.21406250000000002 0.0390625 0.046875
