3 0.296875 0.36796875 0.10625000000000001 0.0703125
3 0.56953125 0.045312500000000006 0.0765625 0.06875
3 0.60703125 0.07500000000000001 0.08281250000000001 0.06875
3 0.64609375 0.11093750000000001 0.0734375 0.0625
3 0.69453125 0.13984375000000002 0.0671875 0.060937500000000006
3 0.7234375000000001 0.17265625 0.07187500000000001 0.0703125
3 0.7640625000000001 0.22187500000000002 0.08125 0.078125
4 0.57421875 0.65625 0.11406250000000001 0.12812500000000002
3 0.525 0.7250000000000001 0.09375 0.11875000000000001
3 0.48046875 0.775 0.11406250000000001 0.115625
3 0.16953125000000002 0.7679687500000001 0.08281250000000001 0.1453125
3 0.8054687500000001 0.265625 0.0859375 0.08125
3 0.26796875000000003 0.057031250000000006 0.060937500000000006 0.0328125
3 0.278125 0.09765625 0.07187500000000001 0.0328125
3 0.28828125 0.146875 0.07968750000000001 0.046875
3 0.26796875000000003 0.02421875 0.0703125 0.0390625
