4 0.9484375 0.2921875 0.06875 0.153125
3 0.9296875 0.6687500000000001 0.0625 0.15937500000000002
3 0.9265625000000001 0.53671875 0.0625 0.11406250000000001
3 0.6023437500000001 0.9632812500000001 0.15781250000000002 0.0703125
3 0.6078125000000001 0.7515625 0.153125 0.084375
3 0.625 0.6625000000000001 0.15625 0.09375
3 0.51875 0.5953125 0.15625 0.078125
3 0.41718750000000004 0.87890625 0.178125 0.0765625
3 0.44765625000000003 0.8031250000000001 0.1796875 0.07187500000000001
3 0.41796875 0.721875 0.1546875 0.06875
3 0.2515625 0.8640625000000001 0.08125 0.16875
3 0.1484375 0.8679687500000001 0.08750000000000001 0.15781250000000002
3 0.06796875000000001 0.87890625 0.0734375 0.1546875
3 0.07187500000000001 0.7265625 0.109375 0.13125
5 0.46484375 0.496875 0.29531250000000003 0.115625
5 0.49140625000000004 0.42578125 0.24531250000000002 0.1015625
5 0.49843750000000003 0.35703125 0.21875 0.1015625
5 0.5109375 0.2984375 0.25625000000000003 0.1125
5 0.56015625 0.18359375 0.2609375 0.1015625
5 0.5796875 0.115625 0.25625000000000003 0.10312500000000001
5 0.6234375000000001 0.0671875 0.29375 0.10625000000000001
8 0.5421875 0.24375000000000002 0.21875 0.08125
