3 0.03359375 0.44296875 0.060937500000000006 0.0328125
3 0.059375000000000004 0.53828125 0.028125 0.06406250000000001
3 0.15937500000000002 0.38125000000000003 0.059375000000000004 0.03125
5 0.2171875 0.43984375000000003 0.225 0.0578125
3 0.1046875 0.6882812500000001 0.03125 0.0703125
3 0.1 0.759375 0.03125 0.065625
3 0.03828125 0.8078125 0.026562500000000003 0.059375000000000004
3 0.07109375 0.9187500000000001 0.0328125 0.065625
3 0.1203125 0.89765625 0.05 0.045312500000000006
3 0.6664062500000001 0.4890625 0.06406250000000001 0.03125
3 0.8421875000000001 0.5789062500000001 0.065625 0.029687500000000002
3 0.9187500000000001 0.5906250000000001 0.059375000000000004 0.028125
3 0.7546875000000001 0.6726562500000001 0.03125 0.0578125
3 0.65234375 0.5703125 0.060937500000000006 0.03125
3 0.56875 0.565625 0.059375000000000004 0.028125
9 0.07734375 0.48515625 0.0171875 0.026562500000000003
9 0.1640625 0.5171875 0.0125 0.025
9 0.25625000000000003 0.53359375 0.025 0.0078125
9 0.51484375 0.52890625 0.0203125 0.010937500000000001
9 0.3515625 0.5242187500000001 0.021875000000000002 0.010937500000000001
9 0.010937500000000001 0.9398437500000001 0.015625 0.0328125
