5 0.7273437500000001 0.15625 0.21406250000000002 0.09375
3 0.0890625 0.29921875000000003 0.053125000000000006 0.1015625
4 0.14296875 0.30234375 0.0546875 0.11406250000000001
3 0.20859375000000002 0.371875 0.0546875 0.096875
3 0.278125 0.37343750000000003 0.05625 0.10625000000000001
3 0.5750000000000001 0.41484375 0.065625 0.1265625
3 0.62890625 0.44296875 0.0546875 0.09531250000000001
3 0.69453125 0.465625 0.0703125 0.12812500000000002
3 0.79296875 0.49531250000000004 0.0703125 0.10625000000000001
3 0.8703125 0.503125 0.065625 0.11875000000000001
3 0.9242187500000001 0.4578125 0.0703125 0.115625
3 0.078125 0.7507812500000001 0.10625000000000001 0.1015625
3 0.1265625 0.65234375 0.125 0.1046875
3 0.18203125 0.69296875 0.1015625 0.0859375
3 0.22031250000000002 0.7585937500000001 0.12812500000000002 0.1046875
3 0.34453125 0.80078125 0.09843750000000001 0.11406250000000001
3 0.5484375 0.22578125000000002 0.037500000000000006 0.060937500000000006
3 0.6015625 0.22968750000000002 0.05 0.07500000000000001
3 0.35546875 0.1953125 0.0546875 0.078125
