0 0.4703125 0.9390625 0.03125 0.025
0 0.4546875 0.9265625000000001 0.034375 0.028125
0 0.44375000000000003 0.90390625 0.028125 0.026562500000000003
0 0.48125 0.9031250000000001 0.03125 0.028125
0 0.496875 0.9234375 0.034375 0.025
0 0.37343750000000003 0.79609375 0.028125 0.0328125
0 0.39453125 0.80078125 0.029687500000000002 0.035937500000000004
9 0.47500000000000003 0.79296875 0.059375000000000004 0.0578125
9 0.5578125 0.8125 0.05 0.053125000000000006
9 0.21796875000000002 0.9242187500000001 0.08281250000000001 0.051562500000000004
1 0.2234375 0.9203125000000001 0.043750000000000004 0.034375
9 0.18046875 0.30859375 0.0328125 0.0546875
9 0.21484375 0.3984375 0.0203125 0.05
9 0.31171875000000004 0.48515625 0.045312500000000006 0.0484375
9 0.31328125 0.43984375000000003 0.0484375 0.045312500000000006
9 0.36250000000000004 0.50625 0.03125 0.053125000000000006
9 0.42500000000000004 0.5015625 0.043750000000000004 0.053125000000000006
9 0.415625 0.54140625 0.043750000000000004 0.051562500000000004
9 0.46406250000000004 0.53828125 0.037500000000000006 0.0578125
9 0.50234375 0.55 0.035937500000000004 0.053125000000000006
9 0.5734375 0.5750000000000001 0.037500000000000006 0.053125000000000006
9 0.5859375 0.5164062500000001 0.05 0.060937500000000006
9 0.7273437500000001 0.6937500000000001 0.0703125 0.040625
9 0.7375 0.6578125 0.046875 0.05
9 0.7109375 0.64453125 0.037500000000000006 0.0578125
9 0.8796875000000001 0.78515625 0.0625 0.045312500000000006
9 0.8914062500000001 0.7507812500000001 0.06406250000000001 0.045312500000000006
9 0.84765625 0.72578125 0.060937500000000006 0.0390625
0 0.97421875 0.8171875000000001 0.051562500000000004 0.037500000000000006
1 0.971875 0.7234375000000001 0.03125 0.025
1 0.91328125 0.6859375000000001 0.0390625 0.03125
1 0.8859375 0.6734375 0.03125 0.028125
1 0.909375 0.6640625 0.025 0.025
0 0.86484375 0.66171875 0.045312500000000006 0.0328125
1 0.8679687500000001 0.64765625 0.0421875 0.0234375
1 0.88046875 0.628125 0.0328125 0.028125
1 0.8140625 0.6359375 0.028125 0.028125
1 0.83203125 0.628125 0.026562500000000003 0.025
1 0.8421875000000001 0.6156250000000001 0.021875000000000002 0.025
1 0.7984375 0.6125 0.028125 0.028125
1 0.82578125 0.59609375 0.026562500000000003 0.0203125
0 0.8703125 0.59140625 0.037500000000000006 0.0328125
0 0.6671875 0.51875 0.043750000000000004 0.037500000000000006
1 0.53671875 0.47968750000000004 0.026562500000000003 0.028125
1 0.5515625000000001 0.46484375 0.021875000000000002 0.0234375
1 0.509375 0.4609375 0.028125 0.03125
1 0.53671875 0.45156250000000003 0.026562500000000003 0.025
2 0.49921875000000004 0.45625000000000004 0.035937500000000004 0.05
2 0.4859375 0.44375000000000003 0.034375 0.043750000000000004
1 0.46406250000000004 0.43984375000000003 0.025 0.0234375
1 0.42109375000000004 0.43046875 0.0171875 0.0328125
0 0.43281250000000004 0.403125 0.025 0.037500000000000006
1 0.47109375000000003 0.4140625 0.029687500000000002 0.040625
