3 0.09453125000000001 0.41484375 0.18906250000000002 0.15156250000000002
3 0.078125 0.8289062500000001 0.15625 0.2171875
3 0.17109375000000002 0.71875 0.2234375 0.2
3 0.328125 0.6195312500000001 0.234375 0.18906250000000002
3 0.46406250000000004 0.5515625000000001 0.203125 0.178125
3 0.6804687500000001 0.5421875 0.2578125 0.21250000000000002
0 0.9304687500000001 0.5828125000000001 0.0484375 0.078125
0 0.7234375000000001 0.41015625 0.043750000000000004 0.060937500000000006
6 0.8390625 0.46484375 0.07187500000000001 0.0671875
1 0.8054687500000001 0.4234375 0.0390625 0.065625
0 0.6062500000000001 0.3984375 0.05625 0.07187500000000001
0 0.6734375 0.3296875 0.05 0.08125
3 0.5 0.2171875 0.21875 0.13125
0 0.146875 0.15625 0.078125 0.08750000000000001
