7 0.87109375 0.9593750000000001 0.09843750000000001 0.059375000000000004
7 0.84765625 0.9148437500000001 0.0890625 0.045312500000000006
9 0.91953125 0.89609375 0.0484375 0.029687500000000002
1 0.91796875 0.89375 0.0203125 0.025
7 0.84296875 0.853125 0.0921875 0.059375000000000004
9 0.9632812500000001 0.83359375 0.0421875 0.029687500000000002
9 0.84375 0.6578125 0.021875000000000002 0.034375
9 0.925 0.64375 0.037500000000000006 0.025
9 0.83125 0.7265625 0.046875 0.03125
1 0.83125 0.721875 0.021875000000000002 0.025
