0 0.10859375 0.026562500000000003 0.004687500000000001 0.018750000000000003
4 0.16953125000000002 0.01015625 0.0171875 0.0171875
4 0.19296875000000002 0.00859375 0.0171875 0.0140625
3 0.20390625 0.0171875 0.0171875 0.015625
3 0.19062500000000002 0.018750000000000003 0.015625 0.015625
0 0.17578125 0.029687500000000002 0.004687500000000001 0.009375000000000001
0 0.2515625 0.028125 0.00625 0.015625
3 0.16328125000000002 0.09765625 0.0171875 0.0171875
3 0.1859375 0.09296875 0.021875000000000002 0.0140625
3 0.21875 0.09140625000000001 0.021875000000000002 0.0140625
3 0.33359375 0.06875 0.0328125 0.0125
8 0.40390625 0.05859375 0.0765625 0.026562500000000003
4 0.30234375 0.07890625000000001 0.0203125 0.0234375
8 0.34296875000000004 0.10625000000000001 0.051562500000000004 0.05
0 0.1796875 0.16171875000000002 0.00625 0.0140625
0 0.18984375 0.17265625 0.0078125 0.0203125
0 0.2015625 0.21484375 0.00625 0.0140625
0 0.203125 0.234375 0.00625 0.015625
3 0.2515625 0.22265625 0.021875000000000002 0.0234375
0 0.48515625 0.21484375 0.0078125 0.0171875
0 0.49843750000000003 0.22265625 0.00625 0.0140625
0 0.503125 0.22109375 0.009375000000000001 0.0140625
0 0.5140625 0.22265625 0.00625 0.0140625
5 0.5632812500000001 0.3796875 0.0484375 0.0625
5 0.596875 0.44296875 0.043750000000000004 0.060937500000000006
3 0.6328125 0.49765625 0.06875 0.0421875
3 0.67890625 0.60078125 0.051562500000000004 0.045312500000000006
4 0.7171875000000001 0.66015625 0.040625 0.060937500000000006
4 0.7328125000000001 0.7351562500000001 0.037500000000000006 0.0734375
4 0.7273437500000001 0.83359375 0.0390625 0.0703125
4 0.7210937500000001 0.9171875 0.0421875 0.07500000000000001
0 0.7835937500000001 0.8859375 0.010937500000000001 0.03125
0 0.184375 0.91015625 0.0125 0.0328125
0 0.23593750000000002 0.8109375000000001 0.0125 0.028125
0 0.27187500000000003 0.80625 0.009375000000000001 0.028125
1 0.23593750000000002 0.7898437500000001 0.009375000000000001 0.0234375
0 0.23515625 0.78515625 0.010937500000000001 0.026562500000000003
0 0.246875 0.74609375 0.009375000000000001 0.026562500000000003
0 0.2578125 0.7429687500000001 0.00625 0.026562500000000003
8 0.41484375 0.815625 0.0421875 0.10312500000000001
0 0.24453125 0.57421875 0.0078125 0.029687500000000002
3 0.31093750000000003 0.3640625 0.025 0.03125
9 0.01640625 0.45625000000000004 0.0328125 0.018750000000000003
0 0.009375000000000001 0.52109375 0.009375000000000001 0.026562500000000003
0 0.055468750000000004 0.125 0.004687500000000001 0.015625
0 0.109375 0.065625 0.00625 0.009375000000000001
