5 0.021875000000000002 0.521875 0.021875000000000002 0.028125
3 0.06640625 0.534375 0.0390625 0.018750000000000003
3 0.0703125 0.525 0.037500000000000006 0.018750000000000003
3 0.043750000000000004 0.5085937500000001 0.015625 0.0171875
3 0.015625 0.46015625000000004 0.015625 0.0171875
8 0.010937500000000001 0.28359375000000003 0.0125 0.0203125
3 0.39375000000000004 0.48046875 0.037500000000000006 0.0171875
3 0.31796875 0.4765625 0.026562500000000003 0.015625
3 0.28359375000000003 0.5085937500000001 0.0203125 0.0203125
3 0.30234375 0.5085937500000001 0.0234375 0.0203125
3 0.4 0.5140625 0.025 0.021875000000000002
4 0.42109375000000004 0.509375 0.026562500000000003 0.028125
3 0.44375000000000003 0.5140625 0.025 0.018750000000000003
3 0.465625 0.51015625 0.025 0.0203125
4 0.5046875000000001 0.5085937500000001 0.03125 0.0234375
3 0.2078125 0.328125 0.021875000000000002 0.009375000000000001
3 0.56875 0.46875 0.021875000000000002 0.015625
4 0.5398437500000001 0.44375000000000003 0.0203125 0.015625
4 0.5242187500000001 0.43125 0.0203125 0.015625
4 0.503125 0.415625 0.021875000000000002 0.0125
0 0.3015625 0.46718750000000003 0.00625 0.0125
0 0.446875 0.4765625 0.00625 0.015625
0 0.453125 0.4765625 0.00625 0.0125
0 0.4921875 0.403125 0.00625 0.0125
