0 0.032031250000000004 0.9125000000000001 0.0234375 0.040625
0 0.13046875 0.9609375 0.0234375 0.037500000000000006
9 0.1421875 0.9656250000000001 0.028125 0.05625
9 0.1875 0.94296875 0.03125 0.0484375
9 0.26171875 0.9320312500000001 0.0328125 0.0546875
0 0.15390625000000002 0.8828125 0.0234375 0.040625
0 0.17578125 0.875 0.026562500000000003 0.040625
0 0.19687500000000002 0.8671875 0.015625 0.025
9 0.022656250000000003 0.64765625 0.0234375 0.0484375
9 0.0390625 0.6335937500000001 0.025 0.0390625
0 0.465625 0.9265625000000001 0.018750000000000003 0.043750000000000004
1 0.5906250000000001 0.94296875 0.021875000000000002 0.026562500000000003
1 0.60859375 0.94296875 0.0203125 0.029687500000000002
2 0.74375 0.93125 0.021875000000000002 0.046875
2 0.8914062500000001 0.971875 0.026562500000000003 0.046875
2 0.9007812500000001 0.9734375000000001 0.0234375 0.046875
9 0.97421875 0.9484375 0.045312500000000006 0.0625
9 0.79453125 0.82421875 0.029687500000000002 0.0484375
