0 0.18125000000000002 0.7828125 0.08125 0.296875
0 0.171875 0.6140625000000001 0.0625 0.146875
0 0.18046875 0.49921875000000004 0.09843750000000001 0.2421875
0 0.040625 0.46875 0.078125 0.20625000000000002
0 0.36171875000000003 0.36796875 0.051562500000000004 0.1546875
0 0.37031250000000004 0.20625000000000002 0.05625 0.15625
0 0.290625 0.19062500000000002 0.0625 0.140625
0 0.0703125 0.1546875 0.09062500000000001 0.171875
0 0.18984375 0.09375 0.0484375 0.1625
2 0.278125 0.2578125 0.1125 0.134375
2 0.049218750000000006 0.20859375000000002 0.051562500000000004 0.1796875
9 0.2171875 0.13359375 0.08750000000000001 0.18281250000000002
