4 0.08281250000000001 0.2546875 0.065625 0.07500000000000001
8 0.5484375 0.05390625 0.059375000000000004 0.0734375
4 0.5437500000000001 0.13984375000000002 0.040625 0.0546875
3 0.49843750000000003 0.11953125 0.03125 0.029687500000000002
3 0.5593750000000001 0.115625 0.028125 0.025
4 0.503125 0.0625 0.053125000000000006 0.065625
9 0.59140625 0.05 0.0171875 0.028125
4 0.58984375 0.02109375 0.045312500000000006 0.0390625
3 0.62421875 0.00859375 0.0328125 0.0140625
3 0.18515625000000002 0.734375 0.0859375 0.078125
3 0.27265625 0.9437500000000001 0.0890625 0.10625000000000001
3 0.94140625 0.7109375 0.11093750000000001 0.046875
3 0.909375 0.13203125000000002 0.05625 0.0234375
3 0.9085937500000001 0.11953125 0.0484375 0.0203125
3 0.9078125 0.09921875000000001 0.05 0.0203125
3 0.9078125 0.08750000000000001 0.05 0.021875000000000002
3 0.9046875000000001 0.08203125 0.046875 0.0203125
3 0.9140625 0.06171875 0.05 0.0234375
