0 0.022656250000000003 0.02109375 0.026562500000000003 0.0390625
0 0.11640625 0.15703125 0.0203125 0.0421875
0 0.29531250000000003 0.0171875 0.015625 0.03125
1 0.24531250000000002 0.18125000000000002 0.025 0.03125
0 0.32265625000000003 0.21796875000000002 0.0171875 0.0421875
0 0.2890625 0.30000000000000004 0.028125 0.037500000000000006
1 0.30546875 0.3296875 0.0171875 0.028125
0 0.35000000000000003 0.33359375 0.028125 0.0484375
4 0.16953125000000002 0.15703125 0.0703125 0.15156250000000002
3 0.1796875 0.33671875 0.07187500000000001 0.15156250000000002
0 0.053125000000000006 0.33671875 0.025 0.0421875
7 0.184375 0.43984375000000003 0.07500000000000001 0.045312500000000006
7 0.1859375 0.546875 0.05 0.078125
7 0.1859375 0.66015625 0.043750000000000004 0.09531250000000001
7 0.19062500000000002 0.77109375 0.046875 0.1015625
7 0.203125 0.91171875 0.046875 0.11093750000000001
0 0.1921875 0.4390625 0.021875000000000002 0.037500000000000006
0 0.2234375 0.5015625 0.025 0.025
1 0.321875 0.5140625 0.03125 0.025
0 0.21953125 0.6859375000000001 0.0203125 0.028125
0 0.26171875 0.65390625 0.0171875 0.0328125
1 0.2609375 0.6859375000000001 0.025 0.025
1 0.26171875 0.72265625 0.0234375 0.0421875
0 0.16328125000000002 0.7835937500000001 0.0171875 0.0203125
0 0.16562500000000002 0.8046875 0.025 0.021875000000000002
0 0.20859375000000002 0.7796875000000001 0.035937500000000004 0.021875000000000002
0 0.36171875000000003 0.8046875 0.0203125 0.025
0 0.14765625000000002 0.890625 0.026562500000000003 0.025
1 0.32890625 0.8453125 0.026562500000000003 0.028125
1 0.47109375000000003 0.7265625 0.029687500000000002 0.028125
1 0.465625 0.7585937500000001 0.028125 0.0328125
0 0.49609375 0.7429687500000001 0.0203125 0.0328125
0 0.41953125 0.9453125 0.0171875 0.028125
2 0.33828125000000003 0.92734375 0.051562500000000004 0.026562500000000003
1 0.25 0.9281250000000001 0.025 0.028125
7 0.515625 0.7312500000000001 0.037500000000000006 0.065625
2 0.5296875 0.7921875 0.015625 0.053125000000000006
7 0.5234375 0.8734375000000001 0.040625 0.07500000000000001
