8 0.04296875 0.57265625 0.08281250000000001 0.0671875
4 0.10390625 0.47734375 0.08281250000000001 0.0484375
4 0.15859375 0.18906250000000002 0.0546875 0.034375
8 0.22265625 0.40468750000000003 0.0703125 0.040625
8 0.08750000000000001 0.44140625 0.07500000000000001 0.0484375
8 0.07265625 0.41015625 0.0765625 0.045312500000000006
8 0.06640625 0.3796875 0.0734375 0.05
8 0.0546875 0.35390625000000003 0.07187500000000001 0.0484375
8 0.047656250000000004 0.32421875 0.0703125 0.0484375
8 0.04296875 0.29296875 0.0703125 0.045312500000000006
4 0.1078125 0.026562500000000003 0.059375000000000004 0.03125
4 0.11484375000000001 0.043750000000000004 0.0546875 0.03125
4 0.12109375 0.06406250000000001 0.0546875 0.03125
4 0.12578125 0.08359375000000001 0.0546875 0.029687500000000002
4 0.13125 0.10625000000000001 0.059375000000000004 0.03125
4 0.14140625 0.12421875 0.0546875 0.0328125
5 0.14921875 0.16796875 0.060937500000000006 0.026562500000000003
3 0.8093750000000001 0.08281250000000001 0.05 0.040625
4 0.93125 0.0484375 0.053125000000000006 0.046875
4 0.9078125 0.03125 0.05 0.043750000000000004
