8 0.28359375000000003 0.19375 0.2921875 0.115625
3 0.15234375 0.53828125 0.1234375 0.11093750000000001
3 0.31796875 0.5125000000000001 0.1203125 0.1125
3 0.55859375 0.5632812500000001 0.11406250000000001 0.11093750000000001
3 0.9203125000000001 0.7468750000000001 0.15937500000000002 0.19375
3 0.7054687500000001 0.38515625000000003 0.1046875 0.08281250000000001
3 0.4265625 0.390625 0.109375 0.08125
3 0.5085937500000001 0.30546875 0.08281250000000001 0.07968750000000001
3 0.36015625 0.29609375 0.1015625 0.0703125
3 0.16796875 0.37421875000000004 0.06406250000000001 0.08281250000000001
4 0.29531250000000003 0.40703125 0.096875 0.09843750000000001
1 0.1546875 0.434375 0.021875000000000002 0.040625
2 0.15703125 0.46015625000000004 0.0390625 0.035937500000000004
0 0.9640625 0.38593750000000004 0.034375 0.065625
1 0.6960937500000001 0.28046875 0.0140625 0.045312500000000006
2 0.6960937500000001 0.2921875 0.051562500000000004 0.037500000000000006
3 0.62265625 0.19843750000000002 0.06406250000000001 0.046875
3 0.7156250000000001 0.115625 0.05 0.043750000000000004
3 0.6453125000000001 0.1203125 0.05 0.05625
3 0.5015625 0.16875 0.0625 0.05
3 0.56953125 0.12890625 0.0546875 0.045312500000000006
3 0.60078125 0.10703125000000001 0.0421875 0.045312500000000006
3 0.63828125 0.07500000000000001 0.045312500000000006 0.040625
3 0.7000000000000001 0.030468750000000003 0.043750000000000004 0.0390625
0 0.6609375000000001 0.029687500000000002 0.015625 0.028125
0 0.55078125 0.09921875000000001 0.0171875 0.035937500000000004
0 0.509375 0.13671875 0.021875000000000002 0.0328125
3 0.8382812500000001 0.041406250000000006 0.045312500000000006 0.045312500000000006
3 0.7703125000000001 0.01640625 0.03125 0.029687500000000002
1 0.26796875000000003 0.23515625 0.0171875 0.0328125
1 0.23593750000000002 0.26015625000000003 0.021875000000000002 0.0421875
2 0.2734375 0.246875 0.015625 0.021875000000000002
2 0.2390625 0.275 0.05 0.03125
0 0.07500000000000001 0.30312500000000003 0.021875000000000002 0.040625
3 0.07109375 0.17734375000000002 0.0765625 0.045312500000000006
0 0.0203125 0.1609375 0.015625 0.043750000000000004
0 0.1546875 0.16484375 0.015625 0.035937500000000004
0 0.22265625 0.09843750000000001 0.0140625 0.040625
0 0.340625 0.05 0.009375000000000001 0.021875000000000002
0 0.32109375 0.057031250000000006 0.0078125 0.026562500000000003
3 0.14609375 0.11171875 0.06406250000000001 0.035937500000000004
3 0.11406250000000001 0.10312500000000001 0.07187500000000001 0.043750000000000004
3 0.07187500000000001 0.1 0.059375000000000004 0.040625
4 0.0546875 0.09062500000000001 0.065625 0.043750000000000004
0 0.08750000000000001 0.13984375000000002 0.0125 0.035937500000000004
0 0.043750000000000004 0.13203125000000002 0.015625 0.0421875
