3 0.08750000000000001 0.9078125 0.053125000000000006 0.09062500000000001
4 0.07265625 0.7367187500000001 0.07968750000000001 0.1703125
3 0.06953125 0.36875 0.0421875 0.043750000000000004
3 0.0734375 0.41328125000000004 0.043750000000000004 0.0546875
1 0.14140625 0.6390625000000001 0.0171875 0.028125
0 0.13593750000000002 0.67578125 0.018750000000000003 0.045312500000000006
2 0.1421875 0.65 0.009375000000000001 0.025
3 0.2515625 0.7156250000000001 0.053125000000000006 0.078125
3 0.24765625000000002 0.5164062500000001 0.045312500000000006 0.0671875
3 0.21015625000000002 0.21640625000000002 0.035937500000000004 0.045312500000000006
3 0.26015625000000003 0.2984375 0.0390625 0.05
3 0.32109375 0.07578125000000001 0.0328125 0.026562500000000003
3 0.40937500000000004 0.08515625 0.034375 0.0390625
3 0.34453125 0.02421875 0.026562500000000003 0.029687500000000002
3 0.38359375 0.035937500000000004 0.026562500000000003 0.025
3 0.44843750000000004 0.01015625 0.03125 0.0203125
3 0.46875 0.03125 0.034375 0.028125
3 0.36171875000000003 0.08750000000000001 0.0328125 0.03125
3 0.10390625 0.15078125 0.0328125 0.035937500000000004
3 0.10703125000000001 0.115625 0.0328125 0.028125
3 0.10703125000000001 0.07109375 0.026562500000000003 0.0546875
0 0.15000000000000002 0.08984375 0.015625 0.029687500000000002
3 0.38906250000000003 0.17890625000000002 0.037500000000000006 0.0328125
3 0.4296875 0.16953125000000002 0.034375 0.029687500000000002
3 0.37265625 0.2515625 0.035937500000000004 0.034375
3 0.42812500000000003 0.246875 0.040625 0.034375
3 0.44609375 0.35000000000000003 0.045312500000000006 0.037500000000000006
3 0.42578125 0.4109375 0.0421875 0.037500000000000006
3 0.5078125 0.35703125 0.040625 0.045312500000000006
1 0.45859375 0.059375000000000004 0.0078125 0.0125
2 0.45937500000000003 0.06640625 0.00625 0.0140625
2 0.50625 0.0921875 0.0125 0.021875000000000002
3 0.5437500000000001 0.14609375 0.040625 0.029687500000000002
3 0.5750000000000001 0.209375 0.037500000000000006 0.028125
3 0.5921875 0.23750000000000002 0.040625 0.03125
1 0.57421875 0.33359375 0.0140625 0.0171875
1 0.59140625 0.3359375 0.010937500000000001 0.021875000000000002
2 0.571875 0.34765625 0.009375000000000001 0.010937500000000001
2 0.5906250000000001 0.35000000000000003 0.009375000000000001 0.021875000000000002
2 0.6546875000000001 0.25625000000000003 0.021875000000000002 0.015625
3 0.61484375 0.29609375 0.0421875 0.0390625
3 0.6273437500000001 0.33359375 0.0390625 0.0421875
1 0.5921875 0.42734375 0.0125 0.0203125
9 0.5921875 0.44140625 0.021875000000000002 0.026562500000000003
1 0.5984375000000001 0.39453125 0.018750000000000003 0.026562500000000003
2 0.6000000000000001 0.40468750000000003 0.009375000000000001 0.018750000000000003
3 0.634375 0.40625 0.05 0.043750000000000004
3 0.3359375 0.8984375 0.059375000000000004 0.09062500000000001
3 0.35703125 0.52578125 0.045312500000000006 0.060937500000000006
2 0.76484375 0.44375000000000003 0.0328125 0.025
2 0.73984375 0.46015625000000004 0.035937500000000004 0.026562500000000003
2 0.72265625 0.49296875 0.045312500000000006 0.0203125
9 0.73359375 0.50546875 0.035937500000000004 0.0234375
1 0.6546875000000001 0.53046875 0.018750000000000003 0.0328125
2 0.65625 0.54453125 0.0125 0.0203125
3 0.59375 0.6265625 0.05625 0.059375000000000004
3 0.7125 0.5632812500000001 0.059375000000000004 0.051562500000000004
3 0.7515625 0.6335937500000001 0.07187500000000001 0.0546875
1 0.7296875 0.7000000000000001 0.021875000000000002 0.028125
1 0.7250000000000001 0.7109375 0.018750000000000003 0.034375
3 0.78125 0.7000000000000001 0.07500000000000001 0.065625
3 0.81640625 0.76484375 0.0734375 0.0734375
3 0.84765625 0.8375 0.07968750000000001 0.07187500000000001
1 0.7937500000000001 0.884375 0.015625 0.03125
9 0.7875000000000001 0.89609375 0.025 0.0390625
3 0.8929687500000001 0.93125 0.08281250000000001 0.08750000000000001
3 0.53359375 0.8 0.060937500000000006 0.07187500000000001
3 0.5867187500000001 0.7390625000000001 0.06406250000000001 0.07187500000000001
0 0.74140625 0.3359375 0.0140625 0.03125
