4 0.38828125 0.70234375 0.0390625 0.060937500000000006
4 0.5632812500000001 0.39921875 0.0421875 0.051562500000000004
3 0.19687500000000002 0.8765625 0.05 0.08750000000000001
3 0.49375 0.5953125 0.05 0.05
3 0.4421875 0.478125 0.037500000000000006 0.046875
3 0.5015625 0.42578125 0.028125 0.0421875
3 0.7054687500000001 0.41171875 0.0328125 0.0421875
3 0.60859375 0.29453125 0.029687500000000002 0.035937500000000004
3 0.5296875 0.27734375 0.037500000000000006 0.035937500000000004
3 0.584375 0.22812500000000002 0.028125 0.03125
3 0.57578125 0.1640625 0.026562500000000003 0.03125
3 0.6296875000000001 0.16640625 0.025 0.026562500000000003
3 0.6351562500000001 0.1046875 0.0234375 0.025
3 0.62890625 0.065625 0.026562500000000003 0.028125
3 0.69453125 0.0171875 0.0234375 0.025
3 0.6664062500000001 0.0171875 0.0234375 0.025
3 0.82578125 0.30312500000000003 0.0546875 0.037500000000000006
3 0.9500000000000001 0.3171875 0.043750000000000004 0.03125
0 0.7890625 0.39453125 0.015625 0.026562500000000003
0 0.75 0.38125000000000003 0.015625 0.025
0 0.73828125 0.371875 0.010937500000000001 0.021875000000000002
0 0.73359375 0.39140625 0.010937500000000001 0.026562500000000003
1 0.7765625 0.36015625 0.009375000000000001 0.0171875
1 0.78671875 0.35546875 0.0078125 0.0171875
9 0.7828125 0.36328125 0.025 0.0171875
3 0.71640625 0.29296875 0.0390625 0.029687500000000002
0 0.7445312500000001 0.21328125 0.010937500000000001 0.0203125
8 0.6796875 0.14453125 0.046875 0.0765625
3 0.628125 0.49765625 0.03125 0.045312500000000006
3 0.6015625 0.56015625 0.037500000000000006 0.045312500000000006
0 0.9281250000000001 0.63046875 0.015625 0.026562500000000003
2 0.6890625 0.64765625 0.015625 0.026562500000000003
1 0.68515625 0.74140625 0.0203125 0.0203125
1 0.6882812500000001 0.728125 0.0203125 0.021875000000000002
0 0.6570312500000001 0.7234375000000001 0.0203125 0.03125
0 0.62890625 0.7265625 0.0171875 0.037500000000000006
4 0.54140625 0.8171875000000001 0.0484375 0.06875
3 0.56171875 0.728125 0.0390625 0.065625
3 0.5078125 0.93671875 0.05 0.0765625
1 0.0203125 0.74609375 0.015625 0.029687500000000002
1 0.021875000000000002 0.6726562500000001 0.015625 0.0171875
2 0.0203125 0.7507812500000001 0.021875000000000002 0.035937500000000004
