4 0.540625 0.88046875 0.203125 0.1203125
7 0.4609375 0.7875000000000001 0.13125 0.1
3 0.49531250000000004 0.6820312500000001 0.215625 0.1171875
9 0.62890625 0.51171875 0.08281250000000001 0.051562500000000004
7 0.62421875 0.4578125 0.1171875 0.078125
4 0.4609375 0.40703125 0.146875 0.0890625
3 0.39375000000000004 0.36015625 0.16562500000000002 0.0859375
6 0.58828125 0.309375 0.1078125 0.05625
3 0.5398437500000001 0.25703125 0.16718750000000002 0.0703125
3 0.5078125 0.14609375 0.146875 0.0578125
3 0.49921875000000004 0.09921875000000001 0.1453125 0.0578125
4 0.4703125 0.05 0.153125 0.065625
7 0.48671875000000003 0.18671875000000002 0.1203125 0.06406250000000001
7 0.26328125 0.051562500000000004 0.0390625 0.07500000000000001
6 0.07968750000000001 0.10312500000000001 0.059375000000000004 0.053125000000000006
1 0.89453125 0.31328125 0.029687500000000002 0.0390625
1 0.9171875 0.30390625000000004 0.028125 0.035937500000000004
