5 0.0390625 0.07578125000000001 0.034375 0.045312500000000006
3 0.0546875 0.12890625 0.034375 0.0328125
3 0.047656250000000004 0.19375 0.0484375 0.05
3 0.08828125 0.43125 0.0734375 0.078125
3 0.14296875 0.32890625 0.051562500000000004 0.060937500000000006
3 0.14921875 0.259375 0.045312500000000006 0.053125000000000006
3 0.22421875000000002 0.28359375000000003 0.0484375 0.045312500000000006
3 0.16875 0.15625 0.025 0.034375
3 0.16796875 0.034375 0.0203125 0.018750000000000003
3 0.21953125 0.037500000000000006 0.0171875 0.028125
3 0.20703125 0.057031250000000006 0.026562500000000003 0.0234375
5 0.23593750000000002 0.20625000000000002 0.05 0.08125
2 0.23515625 0.13984375000000002 0.0171875 0.035937500000000004
1 0.23593750000000002 0.12890625 0.0125 0.0203125
2 0.19687500000000002 0.18203125 0.021875000000000002 0.0328125
1 0.19765625 0.16796875 0.010937500000000001 0.0171875
1 0.19765625 0.18046875 0.010937500000000001 0.0203125
1 0.2078125 0.45937500000000003 0.028125 0.037500000000000006
9 0.20625000000000002 0.47265625 0.025 0.0578125
3 0.30078125 0.32421875 0.0546875 0.0671875
3 0.36015625 0.1234375 0.0703125 0.028125
3 0.29531250000000003 0.13671875 0.037500000000000006 0.0328125
3 0.28828125 0.19687500000000002 0.035937500000000004 0.040625
3 0.3328125 0.21796875000000002 0.043750000000000004 0.0484375
3 0.28046875 0.26328125 0.045312500000000006 0.045312500000000006
3 0.36562500000000003 0.27265625 0.053125000000000006 0.0484375
3 0.27968750000000003 0.171875 0.034375 0.028125
3 0.33359375 0.18203125 0.0390625 0.0328125
3 0.33359375 0.15625 0.0328125 0.025
0 0.39296875000000003 0.18984375 0.0140625 0.0421875
0 0.41015625 0.11171875 0.010937500000000001 0.0328125
0 0.39296875000000003 0.11171875 0.0203125 0.0328125
0 0.415625 0.19375 0.015625 0.025
2 0.43125 0.140625 0.037500000000000006 0.025
0 0.44921875 0.140625 0.0078125 0.025
3 0.46484375 0.30390625000000004 0.11406250000000001 0.0578125
3 0.45937500000000003 0.26406250000000003 0.109375 0.040625
3 0.45390625 0.2421875 0.1046875 0.028125
3 0.446875 0.22187500000000002 0.09375 0.028125
3 0.44765625000000003 0.37343750000000003 0.0703125 0.065625
0 0.48828125 0.34140625 0.0171875 0.045312500000000006
9 0.5625 0.39453125 0.021875000000000002 0.045312500000000006
0 0.54609375 0.390625 0.0140625 0.034375
3 0.29453125 0.4234375 0.06406250000000001 0.078125
3 0.3046875 0.50625 0.06875 0.084375
3 0.31171875000000004 0.59609375 0.08281250000000001 0.1046875
3 0.41015625 0.534375 0.08281250000000001 0.09375
3 0.43203125000000003 0.6726562500000001 0.09843750000000001 0.1234375
3 0.38906250000000003 0.45234375000000004 0.08125 0.0890625
2 0.47421875 0.43125 0.0390625 0.037500000000000006
3 0.45546875000000003 0.821875 0.11093750000000001 0.15000000000000002
0 0.61328125 0.603125 0.0203125 0.065625
0 0.58515625 0.6078125000000001 0.026562500000000003 0.065625
