3 0.6492187500000001 0.8609375 0.1328125 0.15625
3 0.43203125000000003 0.6531250000000001 0.08281250000000001 0.10625000000000001
3 0.9078125 0.7468750000000001 0.109375 0.13125
3 0.14296875 0.5984375000000001 0.0765625 0.12187500000000001
3 0.16484375 0.5140625 0.09531250000000001 0.09062500000000001
3 0.18203125 0.37031250000000004 0.060937500000000006 0.07187500000000001
9 0.39921875 0.484375 0.0328125 0.053125000000000006
0 0.4 0.46875 0.028125 0.034375
9 0.24609375 0.38203125000000004 0.026562500000000003 0.045312500000000006
1 0.24453125 0.37421875000000004 0.026562500000000003 0.045312500000000006
3 0.04453125 0.25625000000000003 0.0546875 0.05625
3 0.20078125000000002 0.28671875 0.07968750000000001 0.051562500000000004
4 0.10859375 0.24609375 0.0484375 0.0734375
3 0.5421875 0.43593750000000003 0.09375 0.065625
4 0.48828125 0.40625 0.11093750000000001 0.084375
3 0.45546875000000003 0.31562500000000004 0.09843750000000001 0.053125000000000006
3 0.44843750000000004 0.27968750000000003 0.096875 0.043750000000000004
3 0.4375 0.24375000000000002 0.10312500000000001 0.043750000000000004
3 0.43281250000000004 0.22187500000000002 0.08750000000000001 0.037500000000000006
3 0.41718750000000004 0.16484375 0.078125 0.0421875
9 0.284375 0.2671875 0.021875000000000002 0.037500000000000006
1 0.28046875 0.25546875 0.0171875 0.029687500000000002
9 0.35000000000000003 0.14453125 0.015625 0.0234375
1 0.35000000000000003 0.13671875 0.015625 0.0203125
3 0.21875 0.24296875 0.09375 0.045312500000000006
3 0.2234375 0.20078125000000002 0.09375 0.045312500000000006
0 0.23984375000000002 0.12734375 0.0140625 0.0328125
9 0.24140625000000002 0.14921875 0.026562500000000003 0.0203125
3 0.234375 0.1234375 0.07187500000000001 0.037500000000000006
3 0.234375 0.09453125000000001 0.07187500000000001 0.0421875
3 0.24609375 0.07890625000000001 0.0671875 0.0328125
3 0.24140625000000002 0.059375000000000004 0.060937500000000006 0.028125
3 0.38828125 0.06171875 0.060937500000000006 0.0328125
0 0.33359375 0.0328125 0.010937500000000001 0.025
0 0.3453125 0.03359375 0.0125 0.0234375
3 0.38203125000000004 0.034375 0.051562500000000004 0.028125
4 0.11484375000000001 0.041406250000000006 0.0328125 0.035937500000000004
3 0.3765625 0.0171875 0.059375000000000004 0.025
3 0.2515625 0.0140625 0.043750000000000004 0.025
3 0.0703125 0.09062500000000001 0.07500000000000001 0.028125
0 0.0546875 0.15781250000000002 0.015625 0.037500000000000006
0 0.037500000000000006 0.15781250000000002 0.0125 0.03125
0 0.047656250000000004 0.1609375 0.0140625 0.034375
3 0.11875000000000001 0.1640625 0.034375 0.05625
0 0.15859375 0.23125 0.010937500000000001 0.03125
3 0.12578125 0.0203125 0.060937500000000006 0.025
3 0.07187500000000001 0.013281250000000001 0.021875000000000002 0.0203125
0 0.8328125000000001 0.36640625000000004 0.018750000000000003 0.045312500000000006
2 0.9515625000000001 0.39765625000000004 0.037500000000000006 0.0328125
4 0.734375 0.36953125000000003 0.06875 0.0890625
3 0.6671875 0.36562500000000003 0.065625 0.06875
0 0.6664062500000001 0.3171875 0.0171875 0.040625
3 0.6335937500000001 0.30390625000000004 0.060937500000000006 0.060937500000000006
3 0.59765625 0.2265625 0.0546875 0.043750000000000004
3 0.5593750000000001 0.18125000000000002 0.040625 0.043750000000000004
9 0.5859375 0.11953125 0.028125 0.0234375
4 0.5359375000000001 0.14375000000000002 0.037500000000000006 0.053125000000000006
3 0.5140625 0.10312500000000001 0.037500000000000006 0.037500000000000006
3 0.4859375 0.05390625 0.05625 0.029687500000000002
3 0.421875 0.25078125 0.053125000000000006 0.1171875
3 0.5789062500000001 0.0203125 0.026562500000000003 0.034375
0 0.64609375 0.1234375 0.0140625 0.037500000000000006
3 0.60859375 0.017968750000000002 0.026562500000000003 0.0328125
3 0.48671875000000003 0.03828125 0.0671875 0.029687500000000002
4 0.496875 0.02890625 0.05625 0.0328125
4 0.51015625 0.02109375 0.0484375 0.026562500000000003
