3 0.021875000000000002 0.1203125 0.025 0.034375
3 0.0546875 0.125 0.025 0.028125
3 0.03828125 0.16718750000000002 0.0234375 0.034375
3 0.07109375 0.16328125000000002 0.0171875 0.0328125
3 0.08515625 0.12734375 0.0234375 0.0234375
3 0.16328125000000002 0.36640625000000004 0.0671875 0.029687500000000002
3 0.1484375 0.37578125 0.07187500000000001 0.035937500000000004
3 0.13984375000000002 0.3828125 0.0578125 0.021875000000000002
4 0.13828125 0.39921875 0.0671875 0.0328125
3 0.1484375 0.41875 0.078125 0.037500000000000006
3 0.14140625 0.4296875 0.0765625 0.03125
3 0.146875 0.44609375 0.065625 0.035937500000000004
3 0.14140625 0.46015625000000004 0.0765625 0.035937500000000004
2 0.20234375000000002 0.48125 0.026562500000000003 0.021875000000000002
3 0.15000000000000002 0.6875 0.1 0.040625
3 0.1390625 0.70625 0.096875 0.037500000000000006
3 0.14140625 0.7296875 0.09843750000000001 0.05
3 0.13593750000000002 0.7578125 0.1 0.05
3 0.1328125 0.80234375 0.09375 0.035937500000000004
3 0.14140625 0.82578125 0.09843750000000001 0.0484375
3 0.140625 0.85859375 0.1125 0.0546875
3 0.134375 0.90546875 0.109375 0.0484375
3 0.1171875 0.9265625000000001 0.115625 0.043750000000000004
3 0.11640625 0.96640625 0.1171875 0.06406250000000001
0 0.06171875 0.9125000000000001 0.0234375 0.037500000000000006
0 0.27421875 0.6687500000000001 0.0171875 0.034375
1 0.5710937500000001 0.49531250000000004 0.010937500000000001 0.018750000000000003
9 0.5671875000000001 0.49765625 0.028125 0.0234375
0 0.6734375 0.5078125 0.015625 0.028125
1 0.5953125 0.46718750000000003 0.0125 0.021875000000000002
1 0.63828125 0.44375000000000003 0.0078125 0.025
1 0.64453125 0.38046875 0.0140625 0.0203125
1 0.6390625000000001 0.35000000000000003 0.0125 0.018750000000000003
9 0.6414062500000001 0.3875 0.0140625 0.025
9 0.63671875 0.44843750000000004 0.0078125 0.025
9 0.5953125 0.47187500000000004 0.015625 0.021875000000000002
