3 0.16015625 0.55390625 0.1015625 0.0421875
4 0.18046875 0.48281250000000003 0.0921875 0.046875
3 0.12109375 0.6781250000000001 0.045312500000000006 0.10625000000000001
3 0.18125000000000002 0.66015625 0.043750000000000004 0.0734375
4 0.29375 0.6703125000000001 0.05 0.1125
3 0.35000000000000003 0.665625 0.043750000000000004 0.10312500000000001
3 0.40546875000000004 0.665625 0.045312500000000006 0.10312500000000001
5 0.73828125 0.92109375 0.2234375 0.0890625
4 0.9421875000000001 0.7515625 0.10625000000000001 0.096875
4 0.8578125000000001 0.74765625 0.09062500000000001 0.08281250000000001
3 0.7765625 0.734375 0.096875 0.08750000000000001
4 0.6890625 0.72421875 0.10312500000000001 0.09531250000000001
9 0.6000000000000001 0.69921875 0.018750000000000003 0.0578125
9 0.5632812500000001 0.6898437500000001 0.0484375 0.0203125
9 0.765625 0.546875 0.05 0.021875000000000002
1 0.76484375 0.5453125 0.026562500000000003 0.015625
3 0.8421875000000001 0.48515625 0.10312500000000001 0.0484375
4 0.665625 0.52265625 0.10312500000000001 0.045312500000000006
3 0.7765625 0.42031250000000003 0.096875 0.046875
4 0.8148437500000001 0.35546875 0.1046875 0.0546875
4 0.640625 0.38828125 0.08750000000000001 0.045312500000000006
3 0.525 0.45078125 0.10312500000000001 0.0421875
8 0.4765625 0.5265625 0.1375 0.053125000000000006
3 0.48281250000000003 0.30781250000000004 0.1 0.05
0 0.359375 0.37812500000000004 0.0125 0.037500000000000006
3 0.36250000000000004 0.4578125 0.1 0.053125000000000006
3 0.07734375 0.33906250000000004 0.09843750000000001 0.046875
