3 0.5421875 0.9304687500000001 0.115625 0.1390625
5 0.38359375 0.51796875 0.1390625 0.1640625
3 0.039843750000000004 0.30781250000000004 0.0421875 0.03125
3 0.13046875 0.31171875000000004 0.0484375 0.0390625
3 0.17890625000000002 0.30625 0.0484375 0.040625
3 0.049218750000000006 0.2171875 0.0390625 0.037500000000000006
3 0.12421875 0.24140625000000002 0.0421875 0.0328125
3 0.1703125 0.234375 0.040625 0.034375
3 0.11640625 0.15703125 0.035937500000000004 0.026562500000000003
3 0.03828125 0.12890625 0.0328125 0.026562500000000003
