3 0.5203125000000001 0.7015625000000001 0.0125 0.009375000000000001
3 0.50390625 0.7601562500000001 0.0171875 0.0140625
3 0.49453125000000003 0.78125 0.0171875 0.015625
3 0.40156250000000004 0.7718750000000001 0.018750000000000003 0.015625
3 0.30312500000000003 0.8187500000000001 0.025 0.015625
3 0.39296875000000003 0.7976562500000001 0.0203125 0.0171875
3 0.44921875 0.81015625 0.0203125 0.0140625
3 0.4765625 0.828125 0.021875000000000002 0.015625
4 0.60546875 0.8515625 0.0328125 0.025
3 0.59296875 0.8187500000000001 0.0203125 0.021875000000000002
3 0.2421875 0.89609375 0.040625 0.0203125
3 0.753125 0.91953125 0.06875 0.029687500000000002
3 0.9304687500000001 0.92890625 0.07968750000000001 0.026562500000000003
5 0.15625 0.8421875000000001 0.05625 0.025
3 0.2015625 0.8304687500000001 0.034375 0.0171875
3 0.22109375 0.81640625 0.026562500000000003 0.0140625
3 0.4140625 0.7390625000000001 0.018750000000000003 0.021875000000000002
3 0.33437500000000003 0.77890625 0.021875000000000002 0.0203125
3 0.43359375 0.7250000000000001 0.0203125 0.0125
3 0.4390625 0.71796875 0.015625 0.010937500000000001
3 0.44921875 0.7109375 0.010937500000000001 0.015625
3 0.46171875 0.70625 0.010937500000000001 0.0125
