4 0.0546875 0.08281250000000001 0.059375000000000004 0.10312500000000001
3 0.1296875 0.0203125 0.040625 0.037500000000000006
3 0.13593750000000002 0.08671875000000001 0.046875 0.08281250000000001
3 0.1375 0.19375 0.053125000000000006 0.09062500000000001
9 0.26171875 0.02109375 0.045312500000000006 0.0234375
9 0.26171875 0.01015625 0.0390625 0.0203125
0 0.33906250000000004 0.05 0.015625 0.040625
9 0.2578125 0.08671875000000001 0.037500000000000006 0.0203125
2 0.24609375 0.07890625000000001 0.0390625 0.029687500000000002
2 0.28359375000000003 0.11953125 0.026562500000000003 0.045312500000000006
7 0.328125 0.11171875 0.03125 0.0484375
0 0.31562500000000004 0.11640625 0.0125 0.035937500000000004
0 0.22421875000000002 0.11093750000000001 0.0171875 0.037500000000000006
0 0.240625 0.11953125 0.015625 0.0328125
9 0.25234375000000003 0.12734375 0.0328125 0.0390625
9 0.328125 0.16953125000000002 0.043750000000000004 0.0328125
0 0.3875 0.2015625 0.015625 0.040625
0 0.28359375000000003 0.2921875 0.0171875 0.040625
3 0.278125 0.2015625 0.12187500000000001 0.065625
3 0.27265625 0.2625 0.1234375 0.0625
3 0.26406250000000003 0.36562500000000003 0.109375 0.065625
1 0.06640625 0.29296875 0.0171875 0.029687500000000002
5 0.0890625 0.32578125 0.07187500000000001 0.1421875
4 0.30625 0.45937500000000003 0.109375 0.08750000000000001
7 0.15937500000000002 0.52109375 0.037500000000000006 0.0859375
9 0.46015625000000004 0.39921875 0.0421875 0.0328125
9 0.49140625000000004 0.38203125000000004 0.0171875 0.035937500000000004
9 0.44921875 0.36953125000000003 0.0421875 0.0234375
9 0.42734375 0.3609375 0.0390625 0.034375
9 0.50703125 0.5015625 0.045312500000000006 0.028125
3 0.30234375 0.578125 0.1453125 0.065625
3 0.153125 0.6898437500000001 0.059375000000000004 0.1265625
4 0.0546875 0.6203125 0.059375000000000004 0.11875000000000001
4 0.31015625 0.640625 0.13593750000000002 0.08750000000000001
3 0.4 0.6859375000000001 0.14375000000000002 0.06875
2 0.57578125 0.5703125 0.045312500000000006 0.028125
0 0.56796875 0.6781250000000001 0.026562500000000003 0.03125
4 0.33203125 0.8210937500000001 0.15156250000000002 0.0734375
3 0.140625 0.82421875 0.084375 0.13593750000000002
0 0.11484375000000001 0.8210937500000001 0.0171875 0.029687500000000002
1 0.12421875 0.8460937500000001 0.0140625 0.0171875
0 0.240625 0.9656250000000001 0.015625 0.028125
1 0.40078125000000003 0.8859375 0.0140625 0.040625
1 0.38828125 0.88671875 0.0171875 0.0328125
9 0.3875 0.8875000000000001 0.046875 0.040625
9 0.6414062500000001 0.96796875 0.051562500000000004 0.026562500000000003
2 0.010937500000000001 0.8539062500000001 0.015625 0.045312500000000006
