3 0.096875 0.26406250000000003 0.115625 0.1875
3 0.51484375 0.51796875 0.1078125 0.2015625
3 0.6195312500000001 0.5515625000000001 0.1015625 0.19687500000000002
3 0.3671875 0.05 0.09375 0.096875
3 0.6609375000000001 0.07500000000000001 0.09062500000000001 0.146875
4 0.153125 0.07890625000000001 0.1 0.1546875
0 0.39921875 0.48125 0.0328125 0.053125000000000006
0 0.44375000000000003 0.42421875000000003 0.028125 0.060937500000000006
0 0.47578125000000004 0.4234375 0.026562500000000003 0.0625
7 0.52890625 0.28359375000000003 0.0546875 0.0734375
0 0.58515625 0.20546875 0.0328125 0.06406250000000001
