9 0.18671875000000002 0.8375 0.026562500000000003 0.03125
9 0.23125 0.8703125 0.015625 0.028125
9 0.24140625000000002 0.8609375 0.0140625 0.034375
3 0.31171875000000004 0.83359375 0.08281250000000001 0.07968750000000001
3 0.35078125000000004 0.8578125000000001 0.0734375 0.06875
3 0.38671875 0.89453125 0.09531250000000001 0.0765625
5 0.4109375 0.9281250000000001 0.10312500000000001 0.084375
3 0.4859375 0.8421875000000001 0.08125 0.065625
2 0.37031250000000004 0.78046875 0.03125 0.0203125
2 0.3875 0.7671875 0.037500000000000006 0.028125
3 0.47500000000000003 0.8 0.078125 0.065625
0 0.45234375000000004 0.70234375 0.0234375 0.0234375
5 0.5632812500000001 0.72265625 0.0890625 0.0578125
3 0.596875 0.69453125 0.08125 0.0671875
0 0.69921875 0.55 0.0234375 0.028125
0 0.7000000000000001 0.58203125 0.015625 0.026562500000000003
3 0.7265625 0.48125 0.040625 0.06875
0 0.6984375 0.47734375 0.021875000000000002 0.026562500000000003
0 0.8757812500000001 0.7757812500000001 0.026562500000000003 0.026562500000000003
0 0.98828125 0.784375 0.0234375 0.028125
3 0.9148437500000001 0.7468750000000001 0.09843750000000001 0.05625
