1 0.0390625 0.4765625 0.053125000000000006 0.043750000000000004
3 0.23046875 0.25859375 0.1765625 0.1609375
9 0.3921875 0.1625 0.053125000000000006 0.08125
1 0.55703125 0.1859375 0.0328125 0.07187500000000001
1 0.578125 0.17421875 0.03125 0.0734375
1 0.70234375 0.2703125 0.0390625 0.07187500000000001
2 0.6453125000000001 0.203125 0.053125000000000006 0.084375
2 0.7093750000000001 0.2421875 0.05 0.078125
0 0.728125 0.6898437500000001 0.037500000000000006 0.08281250000000001
0 0.665625 0.7203125 0.040625 0.078125
0 0.6468750000000001 0.7578125 0.043750000000000004 0.08750000000000001
4 0.5867187500000001 0.82578125 0.1953125 0.23593750000000002
3 0.83359375 0.49375 0.2484375 0.19687500000000002
