0 0.078125 0.75546875 0.018750000000000003 0.0546875
0 0.06406250000000001 0.7523437500000001 0.025 0.0484375
0 0.209375 0.65234375 0.018750000000000003 0.045312500000000006
0 0.19687500000000002 0.64765625 0.021875000000000002 0.045312500000000006
0 0.06406250000000001 0.5867187500000001 0.021875000000000002 0.045312500000000006
0 0.08281250000000001 0.5906250000000001 0.015625 0.046875
0 0.1546875 0.5984375000000001 0.018750000000000003 0.043750000000000004
0 0.16953125000000002 0.59140625 0.0171875 0.045312500000000006
0 0.1703125 0.5546875 0.018750000000000003 0.040625
0 0.14765625000000002 0.51328125 0.0171875 0.0390625
0 0.16484375 0.5125000000000001 0.0140625 0.040625
0 0.18671875000000002 0.5171875 0.0171875 0.037500000000000006
0 0.20234375000000002 0.52265625 0.0171875 0.0421875
0 0.30625 0.55078125 0.021875000000000002 0.045312500000000006
0 0.3171875 0.55390625 0.021875000000000002 0.045312500000000006
0 0.33359375 0.49296875 0.0171875 0.0421875
1 0.3515625 0.484375 0.015625 0.021875000000000002
3 0.40468750000000003 0.509375 0.08125 0.05625
5 0.4921875 0.45234375000000004 0.09375 0.08281250000000001
0 0.41171875 0.37890625 0.0171875 0.0328125
