9 0.34375 0.02734375 0.021875000000000002 0.029687500000000002
4 0.44843750000000004 0.32109375 0.07500000000000001 0.0484375
0 0.56484375 0.022656250000000003 0.0078125 0.0171875
0 0.62890625 0.11328125 0.0078125 0.0171875
4 0.7875000000000001 0.021875000000000002 0.03125 0.034375
0 0.92578125 0.046875 0.0078125 0.018750000000000003
0 0.93671875 0.045312500000000006 0.004687500000000001 0.015625
8 0.8 0.17500000000000002 0.115625 0.06875
8 0.8773437500000001 0.08046875 0.0484375 0.0578125
0 0.97421875 0.2265625 0.010937500000000001 0.025
0 0.7890625 0.15703125 0.009375000000000001 0.026562500000000003
0 0.6609375000000001 0.1953125 0.009375000000000001 0.025
0 0.6859375000000001 0.19687500000000002 0.0125 0.028125
0 0.6898437500000001 0.19062500000000002 0.010937500000000001 0.028125
9 0.7171875000000001 0.21171875 0.021875000000000002 0.0328125
9 0.7015625000000001 0.21640625000000002 0.021875000000000002 0.029687500000000002
9 0.6953125 0.22109375 0.028125 0.029687500000000002
9 0.6734375 0.23125 0.021875000000000002 0.028125
9 0.6578125 0.234375 0.028125 0.03125
9 0.6515625 0.23984375000000002 0.021875000000000002 0.026562500000000003
9 0.6359375 0.24296875 0.028125 0.029687500000000002
9 0.62890625 0.24453125 0.026562500000000003 0.026562500000000003
9 0.61875 0.25234375000000003 0.028125 0.026562500000000003
9 0.609375 0.25703125 0.025 0.026562500000000003
9 0.59609375 0.25859375 0.026562500000000003 0.0328125
9 0.5859375 0.26484375 0.021875000000000002 0.029687500000000002
9 0.57421875 0.26875 0.0203125 0.021875000000000002
9 0.5640625 0.2734375 0.021875000000000002 0.021875000000000002
9 0.5476562500000001 0.2765625 0.026562500000000003 0.03125
9 0.5375 0.28125 0.028125 0.03125
9 0.5296875 0.28984375 0.025 0.029687500000000002
9 0.51875 0.29140625000000003 0.03125 0.0328125
9 0.5 0.30234375 0.025 0.0328125
0 0.6953125 0.33671875 0.009375000000000001 0.029687500000000002
0 0.6578125 0.3671875 0.015625 0.028125
0 0.6351562500000001 0.4609375 0.0171875 0.03125
0 0.8250000000000001 0.96640625 0.0125 0.029687500000000002
0 0.7835937500000001 0.984375 0.010937500000000001 0.025
0 0.7937500000000001 0.9539062500000001 0.015625 0.026562500000000003
0 0.78125 0.8953125000000001 0.015625 0.025
0 0.73359375 0.7093750000000001 0.010937500000000001 0.025
0 0.75 0.70625 0.015625 0.025
0 0.734375 0.6976562500000001 0.0125 0.026562500000000003
3 0.8812500000000001 0.7109375 0.043750000000000004 0.07500000000000001
0 0.7117187500000001 0.40156250000000004 0.010937500000000001 0.025
0 0.9242187500000001 0.42734375 0.0078125 0.026562500000000003
3 0.97421875 0.35546875 0.0390625 0.051562500000000004
