0 0.29765625 0.5859375 0.035937500000000004 0.084375
1 0.34218750000000003 0.74375 0.05625 0.05625
9 0.44296875 0.7234375000000001 0.08281250000000001 0.07500000000000001
9 0.5007812500000001 0.81796875 0.09843750000000001 0.0921875
9 0.49921875000000004 0.9085937500000001 0.1078125 0.0859375
9 0.51484375 0.9484375 0.1015625 0.059375000000000004
9 0.7742187500000001 0.88046875 0.09843750000000001 0.06406250000000001
9 0.48281250000000003 0.6265625 0.059375000000000004 0.084375
9 0.44375000000000003 0.61640625 0.07187500000000001 0.0734375
9 0.41484375 0.57734375 0.0546875 0.0921875
9 0.46328125000000003 0.55078125 0.060937500000000006 0.0765625
9 0.4109375 0.4859375 0.07500000000000001 0.065625
9 0.42109375000000004 0.38906250000000003 0.06406250000000001 0.05625
7 0.415625 0.41953125 0.1375 0.11093750000000001
0 0.76484375 0.5953125 0.029687500000000002 0.084375
1 0.7757812500000001 0.59296875 0.029687500000000002 0.051562500000000004
6 0.6328125 0.39296875000000003 0.140625 0.0765625
9 0.49921875000000004 0.11406250000000001 0.0578125 0.046875
6 0.38671875 0.15625 0.0578125 0.078125
1 0.20078125000000002 0.23125 0.0328125 0.040625
1 0.19843750000000002 0.21796875000000002 0.034375 0.051562500000000004
9 0.19765625 0.22968750000000002 0.0390625 0.078125
9 0.35625 0.09921875000000001 0.08125 0.051562500000000004
9 0.3796875 0.08203125 0.05 0.0703125
9 0.34375 0.05625 0.059375000000000004 0.05
9 0.31484375000000003 0.03828125 0.060937500000000006 0.0484375
