3 0.27109375 0.9078125 0.11406250000000001 0.05625
3 0.3125 0.7765625 0.11875000000000001 0.05
3 0.07421875 0.7273437500000001 0.09843750000000001 0.045312500000000006
3 0.08281250000000001 0.69453125 0.1 0.0390625
3 0.3171875 0.69296875 0.09062500000000001 0.0421875
3 0.33359375 0.6429687500000001 0.09531250000000001 0.0390625
3 0.36953125000000003 0.5640625 0.0890625 0.046875
3 0.37343750000000003 0.53515625 0.07500000000000001 0.0390625
3 0.38671875 0.48359375000000004 0.08281250000000001 0.035937500000000004
3 0.39609375 0.45078125 0.0734375 0.0390625
3 0.20234375000000002 0.47187500000000004 0.07968750000000001 0.034375
3 0.21875 0.42734375 0.06875 0.0390625
3 0.20234375000000002 0.29375 0.060937500000000006 0.03125
3 0.14609375 0.38515625000000003 0.0703125 0.045312500000000006
3 0.9765625 0.40937500000000004 0.037500000000000006 0.065625
5 0.8539062500000001 0.80234375 0.0859375 0.1609375
3 0.596875 0.3375 0.0625 0.037500000000000006
3 0.5476562500000001 0.40390625 0.0734375 0.029687500000000002
