8 0.26328125 0.96015625 0.2484375 0.07968750000000001
4 0.15390625000000002 0.87265625 0.0921875 0.06406250000000001
3 0.4109375 0.9554687500000001 0.09062500000000001 0.0578125
3 0.6351562500000001 0.8406250000000001 0.0921875 0.065625
3 0.4546875 0.7265625 0.07187500000000001 0.06875
3 0.055468750000000004 0.5125000000000001 0.0390625 0.084375
8 0.11406250000000001 0.45937500000000003 0.07187500000000001 0.21250000000000002
8 0.17109375000000002 0.45859375 0.0765625 0.21406250000000002
3 0.0703125 0.4078125 0.040625 0.08125
9 0.025781250000000002 0.39296875000000003 0.0171875 0.035937500000000004
1 0.026562500000000003 0.38828125 0.015625 0.026562500000000003
3 0.039843750000000004 0.27734375 0.0421875 0.0859375
3 0.09140625000000001 0.29296875 0.0390625 0.07968750000000001
4 0.19140625 0.28203125 0.045312500000000006 0.0921875
4 0.1546875 0.20078125000000002 0.046875 0.0890625
