4 0.93515625 0.3609375 0.045312500000000006 0.078125
4 0.9125000000000001 0.22968750000000002 0.059375000000000004 0.065625
0 0.9421875000000001 0.23359375000000002 0.015625 0.029687500000000002
0 0.9515625000000001 0.23750000000000002 0.015625 0.028125
7 0.9640625 0.10625000000000001 0.021875000000000002 0.040625
5 0.80390625 0.12187500000000001 0.035937500000000004 0.059375000000000004
9 0.9070312500000001 0.0859375 0.0140625 0.025
9 0.9031250000000001 0.041406250000000006 0.0125 0.0234375
9 0.80078125 0.053125000000000006 0.0203125 0.028125
1 0.9078125 0.08203125 0.0125 0.0171875
1 0.90390625 0.03671875 0.010937500000000001 0.0203125
3 0.8539062500000001 0.0421875 0.0421875 0.043750000000000004
0 0.6359375 0.18046875 0.018750000000000003 0.029687500000000002
1 0.6578125 0.14765625000000002 0.009375000000000001 0.0203125
9 0.6585937500000001 0.15703125 0.0140625 0.026562500000000003
0 0.6515625 0.1390625 0.015625 0.028125
0 0.640625 0.11953125 0.015625 0.029687500000000002
0 0.6625000000000001 0.0890625 0.015625 0.028125
9 0.64609375 0.09375 0.0171875 0.028125
0 0.671875 0.040625 0.015625 0.03125
9 0.690625 0.07421875 0.028125 0.029687500000000002
