8 0.6664062500000001 0.5906250000000001 0.0921875 0.096875
3 0.73203125 0.5921875 0.0671875 0.06875
3 0.675 0.5320312500000001 0.0625 0.0578125
8 0.58125 0.49375 0.08750000000000001 0.09375
3 0.6140625000000001 0.465625 0.065625 0.0625
3 0.5625 0.39921875 0.065625 0.060937500000000006
3 0.52734375 0.43125 0.0546875 0.05625
3 0.5140625 0.34765625 0.059375000000000004 0.0578125
3 0.45546875000000003 0.28750000000000003 0.0578125 0.05625
3 0.35703125 0.18125000000000002 0.0578125 0.053125000000000006
5 0.46406250000000004 0.41875 0.134375 0.17500000000000002
5 0.43281250000000004 0.47578125000000004 0.096875 0.11093750000000001
