3 0.38906250000000003 0.734375 0.08125 0.096875
3 0.48125 0.7234375000000001 0.08125 0.1
3 0.58515625 0.7109375 0.07968750000000001 0.09375
3 0.6796875 0.6953125 0.084375 0.1
3 0.38906250000000003 0.82578125 0.07500000000000001 0.0890625
3 0.69453125 0.7835937500000001 0.0734375 0.0859375
3 0.7890625 0.7671875 0.08125 0.096875
3 0.40625 0.91171875 0.07500000000000001 0.0890625
3 0.6117187500000001 0.8757812500000001 0.0671875 0.08281250000000001
3 0.69921875 0.9382812500000001 0.0734375 0.0765625
3 0.8 0.9226562500000001 0.078125 0.0734375
3 0.8812500000000001 0.91015625 0.065625 0.0734375
3 0.95625 0.8953125000000001 0.07187500000000001 0.06875
3 0.9476562500000001 0.82578125 0.07968750000000001 0.07968750000000001
3 0.8757812500000001 0.7562500000000001 0.0703125 0.084375
3 0.95234375 0.7429687500000001 0.0703125 0.0765625
3 0.9578125000000001 0.96015625 0.065625 0.0734375
3 0.95703125 0.503125 0.0703125 0.08125
3 0.86640625 0.38046875 0.051562500000000004 0.0546875
4 0.7453125 0.39140625 0.05 0.0671875
3 0.6859375000000001 0.39765625000000004 0.05625 0.0671875
4 0.48359375000000004 0.4140625 0.051562500000000004 0.06875
4 0.41171875 0.42890625000000004 0.0546875 0.060937500000000006
