3 0.06953125 0.7953125000000001 0.1171875 0.14375000000000002
3 0.7367187500000001 0.7796875000000001 0.2828125 0.11875000000000001
3 0.6218750000000001 0.68671875 0.23125 0.0921875
3 0.509375 0.5546875 0.171875 0.08125
3 0.38906250000000003 0.43984375000000003 0.10312500000000001 0.045312500000000006
3 0.36796875 0.46875 0.09531250000000001 0.053125000000000006
3 0.43671875000000004 0.48984375 0.1484375 0.0578125
3 0.09921875000000001 0.37343750000000003 0.051562500000000004 0.046875
3 0.15937500000000002 0.4109375 0.065625 0.05
3 0.09296875 0.496875 0.0765625 0.08125
