0 0.9085937500000001 0.9515625000000001 0.0234375 0.040625
0 0.853125 0.9359375000000001 0.025 0.040625
0 0.6882812500000001 0.9109375000000001 0.0421875 0.053125000000000006
0 0.7453125 0.88203125 0.043750000000000004 0.045312500000000006
1 0.7992187500000001 0.9265625000000001 0.0390625 0.040625
2 0.80078125 0.94296875 0.045312500000000006 0.0546875
0 0.846875 0.9070312500000001 0.025 0.0421875
0 0.8578125000000001 0.8828125 0.034375 0.046875
0 0.9015625 0.8984375 0.040625 0.053125000000000006
0 0.89765625 0.87421875 0.026562500000000003 0.045312500000000006
0 0.51484375 0.8375 0.0484375 0.053125000000000006
0 0.5203125000000001 0.8046875 0.05 0.043750000000000004
0 0.52734375 0.7890625 0.0484375 0.043750000000000004
1 0.6179687500000001 0.7757812500000001 0.0328125 0.045312500000000006
9 0.6203125 0.7890625 0.034375 0.05625
3 0.41718750000000004 0.67734375 0.18125000000000002 0.11093750000000001
0 0.45546875000000003 0.55390625 0.0328125 0.0484375
0 0.40625 0.5632812500000001 0.034375 0.045312500000000006
0 0.13593750000000002 0.94921875 0.0625 0.051562500000000004
0 0.24609375 0.8625 0.0390625 0.05
0 0.23984375000000002 0.8546875 0.0484375 0.053125000000000006
1 0.018750000000000003 0.7523437500000001 0.037500000000000006 0.0390625
9 0.0390625 0.7640625000000001 0.07500000000000001 0.05
0 0.32421875 0.29609375 0.0328125 0.0484375
0 0.33984375 0.2921875 0.0328125 0.053125000000000006
0 0.29609375 0.23828125 0.0328125 0.0546875
0 0.29609375 0.18984375 0.0328125 0.045312500000000006
0 0.3140625 0.1859375 0.03125 0.05
0 0.23750000000000002 0.13203125000000002 0.03125 0.045312500000000006
0 0.2515625 0.12812500000000002 0.037500000000000006 0.053125000000000006
0 0.259375 0.1234375 0.034375 0.053125000000000006
0 0.60859375 0.07109375 0.0328125 0.0484375
0 0.6179687500000001 0.05859375 0.026562500000000003 0.045312500000000006
0 0.80390625 0.12812500000000002 0.026562500000000003 0.05
0 0.8 0.1203125 0.021875000000000002 0.046875
