3 0.38203125000000004 0.9281250000000001 0.1546875 0.065625
3 0.33906250000000004 0.9031250000000001 0.146875 0.05625
3 0.32265625000000003 0.8734375000000001 0.1328125 0.046875
3 0.7093750000000001 0.846875 0.11875000000000001 0.053125000000000006
3 0.83515625 0.9234375 0.1453125 0.065625
0 0.50390625 0.8828125 0.026562500000000003 0.05
0 0.5078125 0.85078125 0.025 0.0328125
0 0.5140625 0.7757812500000001 0.021875000000000002 0.045312500000000006
0 0.53515625 0.77265625 0.0203125 0.045312500000000006
3 0.6882812500000001 0.8140625 0.1171875 0.043750000000000004
3 0.5906250000000001 0.78125 0.08750000000000001 0.043750000000000004
3 0.49062500000000003 0.7515625 0.09375 0.05
3 0.48125 0.73046875 0.08750000000000001 0.0328125
3 0.12187500000000001 0.7507812500000001 0.10625000000000001 0.0390625
3 0.11640625 0.7312500000000001 0.1046875 0.040625
3 0.07187500000000001 0.6859375000000001 0.115625 0.037500000000000006
3 0.24609375 0.6234375000000001 0.0546875 0.028125
3 0.065625 0.6000000000000001 0.059375000000000004 0.025
3 0.2078125 0.6203125 0.059375000000000004 0.028125
3 0.2015625 0.6039062500000001 0.07187500000000001 0.0203125
3 0.153125 0.5867187500000001 0.059375000000000004 0.0328125
3 0.11484375000000001 0.56171875 0.0390625 0.026562500000000003
0 0.38125000000000003 0.78515625 0.018750000000000003 0.0328125
4 0.77109375 0.89609375 0.1546875 0.0703125
4 0.634375 0.8046875 0.13125 0.0625
4 0.1 0.9109375000000001 0.08125 0.09375
3 0.08281250000000001 0.8546875 0.059375000000000004 0.053125000000000006
4 0.06640625 0.6531250000000001 0.0765625 0.037500000000000006
0 0.28984375 0.5867187500000001 0.010937500000000001 0.0234375
0 0.30078125 0.58828125 0.010937500000000001 0.026562500000000003
