3 0.6960937500000001 0.78125 0.15156250000000002 0.1
3 0.7109375 0.7351562500000001 0.14375000000000002 0.0546875
3 0.93359375 0.55625 0.08281250000000001 0.065625
3 0.66015625 0.68359375 0.1296875 0.051562500000000004
3 0.66015625 0.6453125000000001 0.11406250000000001 0.046875
3 0.65625 0.59140625 0.125 0.051562500000000004
3 0.625 0.46406250000000004 0.096875 0.043750000000000004
3 0.6062500000000001 0.40625 0.096875 0.05625
3 0.7992187500000001 0.38046875 0.09843750000000001 0.0421875
3 0.8968750000000001 0.5328125 0.09375 0.07500000000000001
3 0.84140625 0.5125000000000001 0.09843750000000001 0.053125000000000006
3 0.82578125 0.4765625 0.1046875 0.046875
4 0.82578125 0.30781250000000004 0.0765625 0.05
0 0.71796875 0.46718750000000003 0.0171875 0.034375
9 0.8773437500000001 0.42421875000000003 0.0328125 0.0234375
9 0.8367187500000001 0.44140625 0.035937500000000004 0.029687500000000002
0 0.62265625 0.525 0.0140625 0.037500000000000006
2 0.6039062500000001 0.53125 0.0390625 0.018750000000000003
3 0.58046875 0.53359375 0.010937500000000001 0.026562500000000003
3 0.6156250000000001 0.36640625000000004 0.08750000000000001 0.0328125
5 0.2546875 0.09062500000000001 0.059375000000000004 0.11875000000000001
3 0.3453125 0.0390625 0.034375 0.03125
4 0.47265625 0.04609375 0.051562500000000004 0.029687500000000002
3 0.41718750000000004 0.022656250000000003 0.03125 0.0203125
