3 0.74140625 0.078125 0.0421875 0.05625
3 0.7367187500000001 0.115625 0.045312500000000006 0.06875
3 0.73984375 0.19062500000000002 0.045312500000000006 0.06875
3 0.7507812500000001 0.25625000000000003 0.0484375 0.07500000000000001
3 0.9226562500000001 0.0546875 0.0328125 0.06875
3 0.8812500000000001 0.0921875 0.05 0.06875
3 0.8679687500000001 0.14609375 0.0484375 0.0671875
3 0.8992187500000001 0.27265625 0.0859375 0.0421875
3 0.8914062500000001 0.31015625 0.09531250000000001 0.051562500000000004
3 0.878125 0.36875 0.05 0.08750000000000001
3 0.74921875 0.46718750000000003 0.051562500000000004 0.096875
3 0.759375 0.5890625 0.053125000000000006 0.1
3 0.7718750000000001 0.7109375 0.065625 0.125
3 0.7757812500000001 0.8445312500000001 0.06406250000000001 0.1265625
3 0.9382812500000001 0.69921875 0.0921875 0.1171875
5 0.8929687500000001 0.58203125 0.0921875 0.1296875
