3 0.86875 0.846875 0.14375000000000002 0.0625
4 0.815625 0.43281250000000004 0.14375000000000002 0.07500000000000001
3 0.284375 0.4234375 0.1375 0.05625
3 0.17500000000000002 0.65390625 0.1375 0.0546875
3 0.1921875 0.7367187500000001 0.1375 0.060937500000000006
4 0.13203125000000002 0.9203125000000001 0.13593750000000002 0.053125000000000006
5 0.57578125 0.1078125 0.1484375 0.12187500000000001
3 0.040625 0.8203125 0.08125 0.065625
5 0.0765625 0.1703125 0.15000000000000002 0.084375
1 0.8367187500000001 0.26015625000000003 0.029687500000000002 0.026562500000000003
9 0.83359375 0.26328125 0.0234375 0.045312500000000006
5 0.7445312500000001 0.03671875 0.0765625 0.0734375
8 0.909375 0.028125 0.0625 0.053125000000000006
