3 0.68359375 0.18515625000000002 0.1484375 0.1203125
3 0.7367187500000001 0.3484375 0.1703125 0.13125
3 0.55234375 0.5171875 0.1640625 0.134375
3 0.51015625 0.43828125 0.15781250000000002 0.1234375
3 0.29531250000000003 0.52578125 0.12187500000000001 0.1046875
5 0.30546875 0.6203125 0.15156250000000002 0.125
8 0.421875 0.34921875 0.328125 0.2421875
3 0.384375 0.290625 0.10625000000000001 0.08750000000000001
3 0.047656250000000004 0.46328125000000003 0.07968750000000001 0.0859375
4 0.109375 0.29531250000000003 0.065625 0.078125
3 0.203125 0.24531250000000002 0.0625 0.06875
3 0.321875 0.08515625 0.05 0.0578125
3 0.284375 0.07265625 0.043750000000000004 0.0578125
3 0.23046875 0.171875 0.0546875 0.0625
3 0.08046875 0.32343750000000004 0.0421875 0.059375000000000004
3 0.16875 0.253125 0.053125000000000006 0.06875
3 0.140625 0.23750000000000002 0.046875 0.053125000000000006
3 0.1859375 0.20078125000000002 0.05 0.0484375
3 0.19062500000000002 0.17343750000000002 0.043750000000000004 0.05
3 0.22968750000000002 0.13984375000000002 0.05 0.0578125
3 0.24531250000000002 0.1015625 0.037500000000000006 0.053125000000000006
4 0.08125 0.15625 0.05 0.037500000000000006
4 0.02109375 0.18828125 0.026562500000000003 0.0328125
4 0.09765625 0.12734375 0.0390625 0.0234375
3 0.09843750000000001 0.11093750000000001 0.028125 0.028125
4 0.16328125000000002 0.06953125 0.029687500000000002 0.035937500000000004
4 0.13125 0.07265625 0.028125 0.035937500000000004
3 0.1859375 0.02109375 0.03125 0.026562500000000003
3 0.15859375 0.0328125 0.026562500000000003 0.025
0 0.14921875 0.041406250000000006 0.0140625 0.0171875
