0 0.1078125 0.95234375 0.053125000000000006 0.09531250000000001
0 0.153125 0.96015625 0.05 0.07968750000000001
0 0.21250000000000002 0.95234375 0.046875 0.09531250000000001
0 0.28359375000000003 0.890625 0.045312500000000006 0.11875000000000001
0 0.37734375000000003 0.79609375 0.0328125 0.11093750000000001
0 0.39921875 0.7664062500000001 0.0328125 0.1046875
0 0.4546875 0.7625000000000001 0.034375 0.09375
0 0.51328125 0.77890625 0.045312500000000006 0.09843750000000001
0 0.65625 0.76328125 0.043750000000000004 0.09843750000000001
0 0.5632812500000001 0.7140625 0.0390625 0.10312500000000001
0 0.48203125 0.70234375 0.035937500000000004 0.0890625
0 0.40859375000000003 0.6976562500000001 0.0328125 0.0859375
