5 0.6015625 0.45703125 0.12187500000000001 0.06406250000000001
5 0.28984375 0.69453125 0.0546875 0.08281250000000001
5 0.36171875000000003 0.71015625 0.0546875 0.08281250000000001
3 0.31171875000000004 0.8703125 0.045312500000000006 0.05625
3 0.46406250000000004 0.6359375 0.05625 0.053125000000000006
3 0.2828125 0.5578125 0.040625 0.040625
3 0.5921875 0.39140625 0.021875000000000002 0.0328125
3 0.56484375 0.35781250000000003 0.0484375 0.018750000000000003
3 0.534375 0.39453125 0.025 0.0328125
3 0.534375 0.45937500000000003 0.05 0.034375
5 0.49921875000000004 0.403125 0.0328125 0.037500000000000006
4 0.721875 0.47187500000000004 0.07187500000000001 0.028125
4 0.43828125 0.3984375 0.029687500000000002 0.037500000000000006
4 0.47187500000000004 0.39921875 0.028125 0.0328125
3 0.56875 0.3953125 0.034375 0.03125
3 0.30234375 0.27109375 0.0234375 0.026562500000000003
3 0.26796875000000003 0.16484375 0.0203125 0.0203125
3 0.2859375 0.14453125 0.015625 0.0171875
9 0.2515625 0.83359375 0.037500000000000006 0.0234375
9 0.92890625 0.5906250000000001 0.026562500000000003 0.015625
9 0.77734375 0.44375000000000003 0.0234375 0.015625
9 0.23515625 0.48046875 0.026562500000000003 0.0171875
9 0.34375 0.40625 0.015625 0.018750000000000003
0 0.2515625 0.46015625000000004 0.00625 0.0203125
0 0.24531250000000002 0.46406250000000004 0.00625 0.015625
0 0.36562500000000003 0.453125 0.009375000000000001 0.021875000000000002
0 0.39296875000000003 0.45234375000000004 0.0078125 0.0203125
0 0.27421875 0.44375000000000003 0.0140625 0.025
0 0.40468750000000003 0.39921875 0.009375000000000001 0.0203125
0 0.52109375 0.37031250000000004 0.0078125 0.0125
0 0.18046875 0.42734375 0.010937500000000001 0.029687500000000002
0 0.284375 0.234375 0.00625 0.015625
0 0.2828125 0.26328125 0.009375000000000001 0.0171875
0 0.29921875000000003 0.23515625 0.0078125 0.0203125
0 0.290625 0.23750000000000002 0.00625 0.0125
1 0.23984375000000002 0.47578125000000004 0.0078125 0.0171875
1 0.2515625 0.8296875 0.021875000000000002 0.025
1 0.9304687500000001 0.58203125 0.010937500000000001 0.0203125
1 0.34453125 0.40156250000000004 0.010937500000000001 0.0125
