0 0.09140625000000001 0.26328125 0.0078125 0.0203125
0 0.08125 0.259375 0.00625 0.015625
0 0.07500000000000001 0.25859375 0.00625 0.0171875
0 0.0171875 0.48125 0.015625 0.040625
3 0.39921875 0.6492187500000001 0.0484375 0.0734375
9 0.22421875000000002 0.6203125 0.0171875 0.043750000000000004
3 0.43671875000000004 0.26406250000000003 0.029687500000000002 0.043750000000000004
3 0.37734375000000003 0.27968750000000003 0.0421875 0.0625
3 0.21875 0.09843750000000001 0.028125 0.028125
9 0.3765625 0.078125 0.0125 0.03125
1 0.3765625 0.06953125 0.00625 0.0140625
1 0.553125 0.81171875 0.015625 0.0234375
9 0.546875 0.8289062500000001 0.037500000000000006 0.0703125
0 0.5125000000000001 0.52890625 0.0125 0.0421875
9 0.47578125000000004 0.37343750000000003 0.010937500000000001 0.034375
1 0.47578125000000004 0.36171875000000003 0.010937500000000001 0.0171875
0 0.57265625 0.3375 0.010937500000000001 0.028125
0 0.6234375000000001 0.38125000000000003 0.009375000000000001 0.028125
3 0.4703125 0.07500000000000001 0.03125 0.028125
3 0.6953125 0.4765625 0.028125 0.043750000000000004
0 0.71015625 0.63984375 0.010937500000000001 0.026562500000000003
0 0.67109375 0.75546875 0.010937500000000001 0.035937500000000004
