3 0.053125000000000006 0.628125 0.03125 0.040625
5 0.07578125000000001 0.74609375 0.0703125 0.09531250000000001
4 0.060937500000000006 0.6570312500000001 0.037500000000000006 0.0390625
4 0.18515625000000002 0.6015625 0.029687500000000002 0.037500000000000006
4 0.2234375 0.54453125 0.028125 0.035937500000000004
5 0.07734375 0.54453125 0.0734375 0.09531250000000001
3 0.26328125 0.4921875 0.026562500000000003 0.025
3 0.29609375 0.446875 0.026562500000000003 0.03125
4 0.18515625000000002 0.49843750000000003 0.026562500000000003 0.034375
5 0.25703125 0.4546875 0.0390625 0.05
8 0.16953125000000002 0.47421875 0.0328125 0.0421875
8 0.1875 0.540625 0.040625 0.046875
3 0.36250000000000004 0.35390625000000003 0.028125 0.026562500000000003
3 0.31171875000000004 0.38671875 0.0171875 0.026562500000000003
4 0.2515625 0.359375 0.021875000000000002 0.021875000000000002
5 0.35625 0.2765625 0.05 0.059375000000000004
4 0.40390625 0.30625 0.0171875 0.028125
5 0.4265625 0.23828125 0.043750000000000004 0.0546875
4 0.4578125 0.240625 0.028125 0.028125
4 0.38906250000000003 0.16171875000000002 0.015625 0.0203125
3 0.3828125 0.30078125 0.028125 0.0203125
3 0.49296875 0.20078125000000002 0.0234375 0.0203125
3 0.4859375 0.17734375000000002 0.025 0.0234375
3 0.45937500000000003 0.16953125000000002 0.021875000000000002 0.0234375
3 0.5085937500000001 0.11093750000000001 0.0234375 0.018750000000000003
9 0.43203125000000003 0.275 0.010937500000000001 0.0125
1 0.43359375 0.2734375 0.0078125 0.0125
4 0.52109375 0.1375 0.0234375 0.028125
3 0.52890625 0.16484375 0.0234375 0.029687500000000002
3 0.5640625 0.12265625000000001 0.025 0.0203125
8 0.4546875 0.059375000000000004 0.043750000000000004 0.059375000000000004
5 0.6179687500000001 0.037500000000000006 0.045312500000000006 0.043750000000000004
4 0.6671875 0.1078125 0.028125 0.025
0 0.58359375 0.9226562500000001 0.0078125 0.0078125
0 0.6015625 0.96875 0.00625 0.009375000000000001
0 0.62421875 0.9359375000000001 0.0078125 0.00625
0 0.6296875000000001 0.9187500000000001 0.00625 0.009375000000000001
0 0.6468750000000001 0.9382812500000001 0.00625 0.0078125
0 0.6335937500000001 0.93125 0.0078125 0.00625
5 0.48515625 0.6429687500000001 0.0921875 0.0578125
5 0.48750000000000004 0.6195312500000001 0.07500000000000001 0.0484375
8 0.5046875000000001 0.60078125 0.09062500000000001 0.051562500000000004
0 0.6390625000000001 0.5296875 0.00625 0.0125
5 0.71484375 0.59609375 0.060937500000000006 0.0421875
5 0.70078125 0.6578125 0.06406250000000001 0.040625
