3 0.74375 0.28203125 0.10312500000000001 0.1390625
3 0.60703125 0.22968750000000002 0.11406250000000001 0.14375000000000002
3 0.53046875 0.21328125 0.1171875 0.15156250000000002
3 0.38906250000000003 0.16328125000000002 0.125 0.1421875
3 0.253125 0.11796875000000001 0.15625 0.1390625
3 0.1859375 0.08046875 0.146875 0.1203125
3 0.0625 0.059375000000000004 0.125 0.115625
4 0.8250000000000001 0.3125 0.12187500000000001 0.16875
4 0.45 0.18515625000000002 0.13125 0.1640625
5 0.62890625 0.4703125 0.1796875 0.28750000000000003
5 0.35703125 0.36015625 0.2015625 0.27968750000000003
5 0.11171875 0.284375 0.2234375 0.3125
5 0.0890625 0.84375 0.17500000000000002 0.265625
5 0.2515625 0.3328125 0.1875 0.30000000000000004
