3 0.8601562500000001 0.98828125 0.026562500000000003 0.0234375
3 0.8445312500000001 0.94296875 0.0171875 0.0171875
3 0.8359375 0.921875 0.018750000000000003 0.015625
3 0.8070312500000001 0.88984375 0.035937500000000004 0.0140625
3 0.7835937500000001 0.884375 0.0328125 0.0125
3 0.8328125000000001 0.86640625 0.015625 0.0140625
3 0.8328125000000001 0.8609375 0.0125 0.015625
3 0.775 0.8421875000000001 0.0125 0.0125
3 0.7859375000000001 0.8304687500000001 0.009375000000000001 0.010937500000000001
3 0.759375 0.8539062500000001 0.018750000000000003 0.010937500000000001
3 0.73203125 0.9007812500000001 0.0328125 0.0171875
3 0.6351562500000001 0.9640625 0.0203125 0.021875000000000002
3 0.6023437500000001 0.9593750000000001 0.0203125 0.018750000000000003
