4 0.08281250000000001 0.87421875 0.0625 0.1484375
4 0.0421875 0.65234375 0.05 0.1203125
8 0.22890625 0.82421875 0.08281250000000001 0.24531250000000002
3 0.61328125 0.9421875000000001 0.11093750000000001 0.115625
4 0.61640625 0.86328125 0.1171875 0.1203125
5 0.8539062500000001 0.7273437500000001 0.11093750000000001 0.2828125
4 0.61875 0.7703125000000001 0.115625 0.125
4 0.6023437500000001 0.68359375 0.11406250000000001 0.1078125
4 0.6062500000000001 0.6171875 0.115625 0.096875
3 0.775 0.45 0.05625 0.07500000000000001
4 0.6960937500000001 0.41953125 0.0546875 0.0703125
4 0.63046875 0.40156250000000004 0.0546875 0.084375
1 0.9359375000000001 0.0578125 0.009375000000000001 0.018750000000000003
0 0.95078125 0.05 0.0140625 0.028125
5 0.6726562500000001 0.14921875 0.0546875 0.08281250000000001
3 0.58515625 0.1375 0.0421875 0.053125000000000006
3 0.19687500000000002 0.07187500000000001 0.037500000000000006 0.05625
4 0.125 0.15156250000000002 0.037500000000000006 0.0625
3 0.03828125 0.19062500000000002 0.0390625 0.0625
4 0.11093750000000001 0.25390625 0.043750000000000004 0.06406250000000001
3 0.059375000000000004 0.415625 0.046875 0.084375
3 0.184375 0.56484375 0.05 0.09531250000000001
