3 0.35546875 0.10703125000000001 0.0390625 0.0390625
3 0.328125 0.10625000000000001 0.034375 0.03125
3 0.29921875000000003 0.1 0.035937500000000004 0.03125
3 0.27187500000000003 0.10234375000000001 0.034375 0.029687500000000002
3 0.24140625000000002 0.10546875 0.0328125 0.035937500000000004
3 0.21875 0.1078125 0.028125 0.037500000000000006
3 0.1765625 0.08515625 0.05 0.0328125
3 0.18671875000000002 0.0765625 0.0484375 0.028125
3 0.46640625 0.03828125 0.0328125 0.026562500000000003
3 0.43125 0.03671875 0.037500000000000006 0.026562500000000003
3 0.340625 0.07500000000000001 0.05 0.025
3 0.51796875 0.15781250000000002 0.029687500000000002 0.03125
3 0.48750000000000004 0.153125 0.028125 0.03125
3 0.45937500000000003 0.15625 0.021875000000000002 0.037500000000000006
3 0.42734375 0.1609375 0.029687500000000002 0.034375
3 0.278125 0.15937500000000002 0.028125 0.03125
3 0.18203125 0.15859375 0.0328125 0.035937500000000004
3 0.3046875 0.15625 0.025 0.03125
3 0.14609375 0.039843750000000004 0.035937500000000004 0.026562500000000003
4 0.2890625 0.0703125 0.046875 0.028125
4 0.3953125 0.03359375 0.03125 0.0234375
4 0.328125 0.035937500000000004 0.034375 0.025
4 0.50390625 0.037500000000000006 0.0328125 0.03125
4 0.15390625000000002 0.10625000000000001 0.0328125 0.03125
4 0.1484375 0.15781250000000002 0.028125 0.034375
4 0.21406250000000002 0.15625 0.018750000000000003 0.03125
4 0.240625 0.15937500000000002 0.028125 0.03125
4 0.3375 0.1546875 0.028125 0.043750000000000004
4 0.36640625000000004 0.15625 0.026562500000000003 0.040625
4 0.39921875 0.1546875 0.0328125 0.043750000000000004
4 0.90234375 0.9242187500000001 0.08281250000000001 0.1046875
