0 0.9421875000000001 0.00703125 0.025 0.010937500000000001
0 0.92890625 0.0171875 0.026562500000000003 0.0125
0 0.9296875 0.0328125 0.021875000000000002 0.0125
0 0.8812500000000001 0.028125 0.021875000000000002 0.0125
0 0.82578125 0.1921875 0.0171875 0.0125
0 0.8250000000000001 0.20546875 0.015625 0.0078125
0 0.8210937500000001 0.2171875 0.0171875 0.0125
0 0.8203125 0.30703125000000003 0.021875000000000002 0.0140625
0 0.80390625 0.3640625 0.0171875 0.015625
0 0.8484375000000001 0.434375 0.018750000000000003 0.0125
0 0.8421875000000001 0.44375000000000003 0.015625 0.0125
0 0.82734375 0.44765625000000003 0.0140625 0.0078125
0 0.84765625 0.45937500000000003 0.0203125 0.0125
0 0.87890625 0.47187500000000004 0.0234375 0.0125
0 0.8601562500000001 0.5007812500000001 0.026562500000000003 0.0203125
0 0.86875 0.5125000000000001 0.018750000000000003 0.0125
0 0.88671875 0.5984375000000001 0.026562500000000003 0.018750000000000003
0 0.8328125000000001 0.60703125 0.021875000000000002 0.0171875
0 0.82421875 0.6156250000000001 0.0140625 0.0125
0 0.875 0.6726562500000001 0.015625 0.0078125
0 0.87890625 0.66796875 0.0203125 0.010937500000000001
0 0.8812500000000001 0.69296875 0.021875000000000002 0.0171875
0 0.925 0.7312500000000001 0.03125 0.021875000000000002
0 0.82578125 0.8203125 0.0171875 0.0125
0 0.8921875 0.97578125 0.025 0.0203125
