3 0.55859375 0.87265625 0.18906250000000002 0.1765625
4 0.54921875 0.6312500000000001 0.0859375 0.15000000000000002
3 0.58125 0.5171875 0.16562500000000002 0.1125
3 0.55859375 0.3640625 0.0671875 0.08750000000000001
3 0.9140625 0.39453125 0.1375 0.08281250000000001
3 0.9109375000000001 0.35000000000000003 0.12812500000000002 0.078125
3 0.5578125 0.28203125 0.0625 0.0765625
5 0.57265625 0.2234375 0.0703125 0.078125
4 0.8968750000000001 0.284375 0.059375000000000004 0.06875
4 0.85546875 0.16015625 0.08281250000000001 0.09531250000000001
1 0.77265625 0.19062500000000002 0.0203125 0.03125
1 0.75 0.171875 0.015625 0.028125
1 0.74609375 0.10390625 0.0171875 0.029687500000000002
3 0.8093750000000001 0.08046875 0.046875 0.045312500000000006
3 0.79609375 0.05234375 0.0390625 0.0390625
3 0.5632812500000001 0.078125 0.0390625 0.040625
3 0.9187500000000001 0.01953125 0.084375 0.035937500000000004
