8 0.51484375 0.74921875 0.0921875 0.0921875
4 0.22890625 0.2 0.0234375 0.018750000000000003
0 0.43203125000000003 0.8015625000000001 0.0078125 0.0125
0 0.55859375 0.6859375000000001 0.004687500000000001 0.015625
0 0.60078125 0.65546875 0.004687500000000001 0.0078125
0 0.6062500000000001 0.6484375 0.00625 0.0125
3 0.509375 0.6257812500000001 0.037500000000000006 0.0234375
4 0.6296875000000001 0.5578125 0.03125 0.021875000000000002
4 0.6570312500000001 0.5242187500000001 0.0328125 0.0171875
4 0.77734375 0.44765625000000003 0.026562500000000003 0.0234375
4 0.80859375 0.44453125000000004 0.0234375 0.0140625
3 0.7562500000000001 0.4703125 0.03125 0.015625
8 0.7890625 0.5140625 0.08125 0.07187500000000001
0 0.83203125 0.46875 0.004687500000000001 0.0125
3 0.8109375000000001 0.7054687500000001 0.028125 0.026562500000000003
4 0.84921875 0.7914062500000001 0.0328125 0.0421875
4 0.95703125 0.496875 0.026562500000000003 0.025
4 0.9203125000000001 0.47734375 0.028125 0.0171875
4 0.9148437500000001 0.44765625000000003 0.0234375 0.026562500000000003
4 0.8914062500000001 0.48515625 0.026562500000000003 0.026562500000000003
3 0.9234375 0.5078125 0.025 0.025
3 0.9421875000000001 0.44609375 0.021875000000000002 0.0203125
3 0.9890625000000001 0.40546875000000004 0.018750000000000003 0.0171875
4 0.97421875 0.39765625000000004 0.0171875 0.0171875
4 0.9375 0.42031250000000003 0.021875000000000002 0.018750000000000003
4 0.9578125000000001 0.42031250000000003 0.021875000000000002 0.021875000000000002
3 0.9515625000000001 0.39765625000000004 0.015625 0.0140625
4 0.034375 0.96640625 0.043750000000000004 0.035937500000000004
