3 0.09375 0.65625 0.171875 0.07500000000000001
3 0.11484375000000001 0.571875 0.1484375 0.06875
5 0.109375 0.403125 0.17500000000000002 0.08125
5 0.1203125 0.28828125 0.15937500000000002 0.09843750000000001
4 0.13515625 0.34921875 0.1328125 0.0703125
0 0.19062500000000002 0.17734375000000002 0.015625 0.0421875
5 0.15781250000000002 0.0171875 0.11875000000000001 0.03125
3 0.640625 0.10390625 0.059375000000000004 0.045312500000000006
3 0.5476562500000001 0.14921875 0.09843750000000001 0.051562500000000004
3 0.53671875 0.1203125 0.0921875 0.040625
3 0.5234375 0.10234375000000001 0.1 0.0421875
3 0.5140625 0.0625 0.08125 0.043750000000000004
4 0.4859375 0.017968750000000002 0.07500000000000001 0.0328125
3 0.690625 0.017968750000000002 0.096875 0.0328125
3 0.8250000000000001 0.18515625000000002 0.10312500000000001 0.051562500000000004
3 0.81953125 0.15234375 0.11406250000000001 0.0421875
3 0.78828125 0.12812500000000002 0.09531250000000001 0.025
3 0.7828125 0.11953125 0.078125 0.0328125
3 0.765625 0.09531250000000001 0.08750000000000001 0.037500000000000006
3 0.7484375000000001 0.07500000000000001 0.10312500000000001 0.037500000000000006
3 0.73828125 0.0578125 0.09843750000000001 0.037500000000000006
3 0.9343750000000001 0.15234375 0.09375 0.0390625
3 0.9015625 0.12812500000000002 0.1 0.040625
3 0.8796875000000001 0.09531250000000001 0.10625000000000001 0.040625
3 0.890625 0.078125 0.09375 0.040625
3 0.87421875 0.05390625 0.0859375 0.035937500000000004
3 0.8539062500000001 0.03359375 0.0921875 0.0328125
4 0.82734375 0.017968750000000002 0.0734375 0.0328125
3 0.940625 0.325 0.11875000000000001 0.05625
3 0.93671875 0.36562500000000003 0.1265625 0.053125000000000006
3 0.946875 0.41015625 0.10312500000000001 0.060937500000000006
4 0.6890625 0.29531250000000003 0.109375 0.08125
4 0.4109375 0.29921875000000003 0.115625 0.0703125
3 0.5906250000000001 0.33203125 0.13125 0.0484375
3 0.6273437500000001 0.37812500000000004 0.1234375 0.053125000000000006
3 0.66796875 0.46796875000000004 0.13593750000000002 0.0578125
4 0.7046875 0.509375 0.125 0.0625
3 0.721875 0.55859375 0.125 0.0765625
5 0.54140625 0.68671875 0.2078125 0.09843750000000001
5 0.54609375 0.603125 0.22968750000000002 0.096875
5 0.51484375 0.534375 0.2015625 0.078125
5 0.503125 0.484375 0.19687500000000002 0.078125
5 0.48281250000000003 0.43125 0.17500000000000002 0.09062500000000001
0 0.40468750000000003 0.45546875000000003 0.015625 0.051562500000000004
0 0.37578125 0.46718750000000003 0.0171875 0.043750000000000004
0 0.36484375 0.44375000000000003 0.0203125 0.043750000000000004
0 0.38828125 0.43984375000000003 0.0171875 0.045312500000000006
4 0.7429687500000001 0.71796875 0.1546875 0.0859375
3 0.77109375 0.81640625 0.1796875 0.0859375
