4 0.93515625 0.5546875 0.0734375 0.084375
3 0.52109375 0.60703125 0.0671875 0.11406250000000001
3 0.6953125 0.21328125 0.08125 0.0546875
6 0.49843750000000003 0.0203125 0.03125 0.040625
4 0.9070312500000001 0.20078125000000002 0.1015625 0.0703125
4 0.68515625 0.1640625 0.0421875 0.037500000000000006
4 0.82734375 0.278125 0.0859375 0.053125000000000006
0 0.16484375 0.8539062500000001 0.0328125 0.0390625
9 0.12578125 0.6531250000000001 0.0484375 0.053125000000000006
0 0.0546875 0.20078125000000002 0.028125 0.0328125
