9 0.6765625000000001 0.9578125000000001 0.043750000000000004 0.084375
0 0.540625 0.9015625 0.03125 0.065625
0 0.5632812500000001 0.9031250000000001 0.0234375 0.040625
1 0.6203125 0.93125 0.043750000000000004 0.0625
0 0.66796875 0.875 0.029687500000000002 0.07187500000000001
0 0.66328125 0.84921875 0.029687500000000002 0.0578125
0 0.71484375 0.7484375000000001 0.029687500000000002 0.06875
0 0.68671875 0.640625 0.035937500000000004 0.07500000000000001
0 0.68359375 0.56796875 0.0390625 0.0671875
5 0.63203125 0.57265625 0.1296875 0.2390625
1 0.8484375000000001 0.4609375 0.034375 0.046875
1 0.84765625 0.4390625 0.0328125 0.043750000000000004
9 0.8460937500000001 0.4578125 0.035937500000000004 0.065625
5 0.63828125 0.37890625 0.0890625 0.17343750000000002
1 0.7140625 0.3453125 0.03125 0.05
1 0.77265625 0.33359375 0.0328125 0.060937500000000006
2 0.7171875000000001 0.37812500000000004 0.03125 0.059375000000000004
6 0.765625 0.35234375 0.040625 0.07968750000000001
4 0.9242187500000001 0.2921875 0.08281250000000001 0.140625
9 0.596875 0.209375 0.046875 0.0625
1 0.60078125 0.1625 0.026562500000000003 0.040625
0 0.6687500000000001 0.08046875 0.025 0.0765625
0 0.8765625 0.059375000000000004 0.034375 0.05
9 0.8031250000000001 0.029687500000000002 0.025 0.046875
0 0.6468750000000001 0.03359375 0.021875000000000002 0.0484375
4 0.51875 0.03671875 0.19375 0.0703125
5 0.8609375 0.02890625 0.078125 0.0546875
