5 0.1265625 0.171875 0.037500000000000006 0.10312500000000001
5 0.08203125 0.540625 0.0921875 0.040625
3 0.1421875 0.8046875 0.05 0.028125
3 0.15234375 0.8289062500000001 0.051562500000000004 0.0234375
3 0.15390625000000002 0.8578125000000001 0.0484375 0.025
3 0.15859375 0.91015625 0.0484375 0.026562500000000003
9 0.503125 0.5328125 0.015625 0.021875000000000002
9 0.51875 0.63671875 0.0125 0.0203125
9 0.55390625 0.8601562500000001 0.010937500000000001 0.0203125
5 0.7117187500000001 0.5203125000000001 0.0421875 0.13125
3 0.6687500000000001 0.11875000000000001 0.021875000000000002 0.053125000000000006
