2 0.19765625 0.78046875 0.0546875 0.0234375
9 0.20390625 0.759375 0.0484375 0.028125
2 0.19765625 0.73984375 0.0484375 0.026562500000000003
2 0.2015625 0.7273437500000001 0.05 0.0203125
9 0.203125 0.6976562500000001 0.053125000000000006 0.026562500000000003
4 0.2578125 0.6273437500000001 0.16875 0.0765625
3 0.26953125 0.5046875000000001 0.0765625 0.11875000000000001
9 0.19765625 0.52265625 0.0390625 0.045312500000000006
9 0.20859375000000002 0.4890625 0.0484375 0.037500000000000006
0 0.3671875 0.45546875000000003 0.028125 0.0390625
3 0.28125 0.30078125 0.059375000000000004 0.0734375
5 0.56484375 0.05390625 0.1265625 0.0859375
5 0.6453125000000001 0.30781250000000004 0.2 0.13125
3 0.54296875 0.7390625000000001 0.0765625 0.12187500000000001
3 0.5703125 0.878125 0.08125 0.14375000000000002
3 0.69140625 0.76875 0.0890625 0.140625
4 0.6585937500000001 0.63984375 0.0671875 0.11093750000000001
3 0.82578125 0.35390625000000003 0.1265625 0.0734375
3 0.8375 0.4109375 0.13125 0.06875
3 0.8359375 0.46953125 0.14375000000000002 0.060937500000000006
3 0.8703125 0.521875 0.125 0.06875
3 0.8812500000000001 0.5906250000000001 0.1375 0.084375
3 0.909375 0.6898437500000001 0.134375 0.11093750000000001
