8 0.3046875 0.0125 0.009375000000000001 0.018750000000000003
3 0.27890625 0.018750000000000003 0.004687500000000001 0.00625
3 0.29453125 0.035937500000000004 0.004687500000000001 0.00625
3 0.27890625 0.0421875 0.004687500000000001 0.00625
4 0.28359375000000003 0.047656250000000004 0.004687500000000001 0.004687500000000001
3 0.3015625 0.04609375 0.00625 0.004687500000000001
3 0.29453125 0.0484375 0.004687500000000001 0.00625
3 0.30078125 0.053125000000000006 0.004687500000000001 0.00625
3 0.3046875 0.06328125 0.00625 0.004687500000000001
3 0.30625 0.078125 0.00625 0.00625
8 0.29609375 0.0734375 0.0078125 0.015625
8 0.296875 0.08359375000000001 0.00625 0.010937500000000001
8 0.284375 0.07968750000000001 0.00625 0.0125
3 0.27734375 0.07578125000000001 0.004687500000000001 0.004687500000000001
4 0.26406250000000003 0.08281250000000001 0.00625 0.00625
4 0.2734375 0.084375 0.00625 0.00625
8 0.25703125 0.12187500000000001 0.010937500000000001 0.021875000000000002
8 0.29140625000000003 0.13671875 0.010937500000000001 0.026562500000000003
8 0.3171875 0.13515625 0.0125 0.026562500000000003
8 0.38984375000000004 0.3015625 0.0328125 0.037500000000000006
4 0.028125 0.6484375 0.034375 0.025
4 0.078125 0.721875 0.037500000000000006 0.018750000000000003
4 0.08125 0.734375 0.037500000000000006 0.018750000000000003
4 0.20859375000000002 0.6179687500000001 0.0328125 0.026562500000000003
4 0.203125 0.6859375000000001 0.021875000000000002 0.021875000000000002
3 0.078125 0.74921875 0.037500000000000006 0.0171875
3 0.13515625 0.7578125 0.035937500000000004 0.015625
3 0.25703125 0.6875 0.0328125 0.015625
5 0.25625000000000003 0.6976562500000001 0.037500000000000006 0.0171875
3 0.19609375 0.5875 0.0328125 0.018750000000000003
5 0.1953125 0.6421875 0.0625 0.037500000000000006
4 0.35546875 0.7898437500000001 0.0390625 0.0171875
4 0.40468750000000003 0.7820312500000001 0.037500000000000006 0.0203125
3 0.44843750000000004 0.7765625 0.037500000000000006 0.018750000000000003
0 0.2515625 0.9632812500000001 0.00625 0.010937500000000001
0 0.30546875 0.9320312500000001 0.004687500000000001 0.0140625
5 0.46015625000000004 0.9375 0.0765625 0.043750000000000004
3 0.6023437500000001 0.92109375 0.0484375 0.026562500000000003
0 0.64453125 0.8304687500000001 0.0078125 0.0140625
0 0.64375 0.8250000000000001 0.00625 0.015625
0 0.6328125 0.8265625000000001 0.00625 0.0125
8 0.6984375 0.8617187500000001 0.078125 0.0890625
8 0.74921875 0.78515625 0.0703125 0.060937500000000006
8 0.796875 0.7390625000000001 0.05625 0.07187500000000001
8 0.6273437500000001 0.7609375 0.0671875 0.028125
8 0.6023437500000001 0.78515625 0.1015625 0.051562500000000004
8 0.6125 0.80234375 0.109375 0.0546875
8 0.8359375 0.88671875 0.059375000000000004 0.0484375
8 0.82421875 0.8640625000000001 0.0546875 0.05
8 0.79296875 0.8515625 0.0546875 0.05
8 0.7828125 0.8265625000000001 0.065625 0.05625
4 0.9203125000000001 0.7914062500000001 0.037500000000000006 0.029687500000000002
3 0.84921875 0.66171875 0.0390625 0.0171875
3 0.9578125000000001 0.6687500000000001 0.040625 0.015625
0 0.9796875 0.5953125 0.00625 0.009375000000000001
3 0.9296875 0.44609375 0.021875000000000002 0.010937500000000001
3 0.821875 0.41015625 0.021875000000000002 0.010937500000000001
3 0.84921875 0.46406250000000004 0.029687500000000002 0.0125
4 0.84375 0.4234375 0.028125 0.015625
4 0.759375 0.44296875 0.028125 0.010937500000000001
8 0.8359375 0.38671875 0.040625 0.0203125
8 0.84140625 0.38125000000000003 0.0671875 0.03125
0 0.89765625 0.38203125000000004 0.004687500000000001 0.0078125
0 0.7875000000000001 0.37812500000000004 0.00625 0.00625
8 0.6625000000000001 0.43671875000000004 0.043750000000000004 0.0171875
3 0.6742187500000001 0.4578125 0.026562500000000003 0.0125
3 0.7093750000000001 0.5421875 0.03125 0.015625
3 0.7609375 0.5320312500000001 0.03125 0.010937500000000001
3 0.7421875 0.61328125 0.03125 0.026562500000000003
3 0.63984375 0.5242187500000001 0.0234375 0.0203125
3 0.665625 0.3453125 0.03125 0.015625
8 0.75 0.34453125 0.0625 0.026562500000000003
8 0.5242187500000001 0.4078125 0.0421875 0.05
3 0.4265625 0.371875 0.015625 0.0125
3 0.4765625 0.40078125000000003 0.018750000000000003 0.0140625
3 0.371875 0.45625000000000004 0.028125 0.0125
3 0.33359375 0.5 0.026562500000000003 0.0125
8 0.44296875 0.47578125000000004 0.0421875 0.0203125
8 0.38828125 0.49531250000000004 0.0484375 0.028125
4 0.45937500000000003 0.5 0.028125 0.015625
4 0.2515625 0.4703125 0.028125 0.018750000000000003
4 0.33437500000000003 0.5109375 0.028125 0.015625
4 0.10234375000000001 0.45 0.0234375 0.0125
3 0.0203125 0.4625 0.021875000000000002 0.0125
3 0.04453125 0.44609375 0.026562500000000003 0.010937500000000001
8 0.07734375 0.421875 0.045312500000000006 0.037500000000000006
0 0.13125 0.36484375 0.00625 0.010937500000000001
0 0.12578125 0.35390625000000003 0.004687500000000001 0.0078125
8 0.18125000000000002 0.3296875 0.021875000000000002 0.028125
8 0.19296875000000002 0.3328125 0.0171875 0.025
8 0.1921875 0.30390625000000004 0.043750000000000004 0.029687500000000002
8 0.23984375000000002 0.34765625 0.0546875 0.026562500000000003
8 0.24140625000000002 0.3359375 0.0546875 0.028125
8 0.24531250000000002 0.3328125 0.043750000000000004 0.025
8 0.25234375000000003 0.328125 0.0328125 0.021875000000000002
8 0.24765625000000002 0.31484375000000003 0.0484375 0.026562500000000003
8 0.246875 0.31015625 0.05 0.029687500000000002
8 0.24609375 0.30390625000000004 0.0484375 0.0328125
8 0.25234375000000003 0.29921875000000003 0.0421875 0.029687500000000002
8 0.25625000000000003 0.29453125 0.05 0.035937500000000004
8 0.21406250000000002 0.29375 0.015625 0.021875000000000002
8 0.20390625 0.27578125000000003 0.0171875 0.029687500000000002
8 0.21875 0.25078125 0.021875000000000002 0.029687500000000002
8 0.3375 0.27578125000000003 0.018750000000000003 0.0203125
8 0.30546875 0.24531250000000002 0.0140625 0.015625
8 0.296875 0.2015625 0.015625 0.028125
8 0.2015625 0.15781250000000002 0.025 0.0125
4 0.1265625 0.16953125000000002 0.021875000000000002 0.0078125
3 0.1296875 0.16718750000000002 0.015625 0.0125
3 0.15234375 0.21328125 0.0171875 0.0078125
3 0.153125 0.2078125 0.021875000000000002 0.009375000000000001
8 0.27890625 0.17265625 0.010937500000000001 0.026562500000000003
8 0.27890625 0.19062500000000002 0.010937500000000001 0.015625
8 0.2671875 0.1640625 0.0125 0.025
8 0.23984375000000002 0.17265625 0.0078125 0.0140625
3 0.30703125000000003 0.09140625000000001 0.004687500000000001 0.0078125
3 0.26328125 0.09296875 0.0078125 0.0078125
8 0.31171875000000004 0.23125 0.010937500000000001 0.0125
8 0.26953125 0.2078125 0.010937500000000001 0.018750000000000003
4 0.24531250000000002 0.1546875 0.015625 0.00625
3 0.2734375 0.09765625 0.00625 0.0078125
3 0.284375 0.08984375 0.00625 0.0078125
3 0.29531250000000003 0.1046875 0.00625 0.00625
3 0.30625 0.1078125 0.00625 0.00625
3 0.3015625 0.11796875000000001 0.00625 0.0078125
3 0.28359375000000003 0.1015625 0.004687500000000001 0.00625
3 0.2625 0.09843750000000001 0.009375000000000001 0.00625
3 0.27187500000000003 0.1078125 0.00625 0.00625
3 0.28046875 0.11093750000000001 0.004687500000000001 0.00625
3 0.2609375 0.109375 0.00625 0.009375000000000001
3 0.27265625 0.1203125 0.004687500000000001 0.009375000000000001
3 0.27968750000000003 0.12187500000000001 0.009375000000000001 0.00625
3 0.26953125 0.12734375 0.0078125 0.0078125
4 0.27421875 0.13515625 0.0078125 0.0078125
4 0.27890625 0.14140625 0.004687500000000001 0.0078125
4 0.25703125 0.13671875 0.004687500000000001 0.0078125
4 0.25625000000000003 0.14765625000000002 0.00625 0.010937500000000001
3 0.30546875 0.14375000000000002 0.004687500000000001 0.009375000000000001
3 0.30078125 0.15625 0.004687500000000001 0.009375000000000001
4 0.30625 0.16796875 0.00625 0.010937500000000001
3 0.29375 0.16796875 0.00625 0.0078125
3 0.3171875 0.18281250000000002 0.009375000000000001 0.009375000000000001
4 0.3171875 0.27734375 0.015625 0.010937500000000001
3 0.328125 0.25078125 0.009375000000000001 0.010937500000000001
3 0.3484375 0.27265625 0.0125 0.010937500000000001
3 0.3296875 0.28750000000000003 0.015625 0.0125
3 0.31015625 0.26796875000000003 0.010937500000000001 0.010937500000000001
3 0.30078125 0.25859375 0.010937500000000001 0.010937500000000001
3 0.2734375 0.21640625000000002 0.00625 0.0078125
3 0.28359375000000003 0.20546875 0.0078125 0.0078125
4 0.28515625 0.21328125 0.010937500000000001 0.010937500000000001
3 0.29531250000000003 0.23359375000000002 0.009375000000000001 0.0078125
3 0.278125 0.2265625 0.00625 0.009375000000000001
3 0.28046875 0.23515625 0.0078125 0.010937500000000001
3 0.28515625 0.240625 0.010937500000000001 0.009375000000000001
3 0.290625 0.2484375 0.009375000000000001 0.0125
0 0.33359375 0.19062500000000002 0.004687500000000001 0.009375000000000001
