3 0.10312500000000001 0.70234375 0.1625 0.1546875
3 0.21171875 0.8054687500000001 0.1546875 0.1640625
3 0.6078125000000001 0.8046875 0.153125 0.171875
0 0.6875 0.784375 0.065625 0.109375
0 0.35546875 0.8375 0.0546875 0.11875000000000001
3 0.2734375 0.6781250000000001 0.13125 0.13125
3 0.27265625 0.58359375 0.13593750000000002 0.11093750000000001
3 0.08359375000000001 0.46406250000000004 0.11093750000000001 0.09375
3 0.32890625 0.41484375 0.0921875 0.0859375
3 0.63984375 0.525 0.0921875 0.12187500000000001
3 0.64609375 0.46484375 0.0921875 0.07968750000000001
3 0.8406250000000001 0.42421875000000003 0.153125 0.1015625
3 0.16015625 0.42421875000000003 0.0734375 0.060937500000000006
3 0.20703125 0.38593750000000004 0.0765625 0.065625
3 0.246875 0.34921875 0.059375000000000004 0.0484375
3 0.27421875 0.328125 0.0765625 0.05
4 0.32890625 0.2765625 0.051562500000000004 0.053125000000000006
3 0.403125 0.34140625 0.065625 0.0671875
3 0.48125 0.34140625 0.059375000000000004 0.060937500000000006
3 0.43593750000000003 0.30859375 0.053125000000000006 0.045312500000000006
3 0.44843750000000004 0.27578125000000003 0.043750000000000004 0.0421875
3 0.4703125 0.259375 0.043750000000000004 0.043750000000000004
3 0.5015625 0.296875 0.0625 0.05
3 0.5203125000000001 0.23046875 0.043750000000000004 0.035937500000000004
0 0.41484375 0.27109375 0.0171875 0.0390625
0 0.5859375 0.25078125 0.025 0.0390625
3 0.47109375000000003 0.23750000000000002 0.0390625 0.03125
3 0.465625 0.22265625 0.043750000000000004 0.0328125
3 0.503125 0.21328125 0.037500000000000006 0.029687500000000002
3 0.49765625 0.19765625 0.0390625 0.029687500000000002
3 0.453125 0.20078125000000002 0.040625 0.035937500000000004
3 0.44375000000000003 0.18203125 0.028125 0.0328125
3 0.49062500000000003 0.18125000000000002 0.034375 0.025
0 0.4140625 0.19296875000000002 0.018750000000000003 0.0328125
3 0.6296875000000001 0.390625 0.053125000000000006 0.053125000000000006
3 0.6414062500000001 0.3484375 0.060937500000000006 0.053125000000000006
3 0.63046875 0.296875 0.045312500000000006 0.053125000000000006
3 0.5859375 0.20468750000000002 0.037500000000000006 0.03125
