3 0.49765625 0.24609375 0.1484375 0.0703125
3 0.5265625 0.18281250000000002 0.153125 0.07187500000000001
3 0.5875 0.06406250000000001 0.13125 0.0625
4 0.55390625 0.11171875 0.1484375 0.0734375
9 0.1609375 0.21640625000000002 0.078125 0.0421875
9 0.20390625 0.15390625000000002 0.0765625 0.029687500000000002
9 0.21484375 0.12265625000000001 0.0921875 0.029687500000000002
9 0.24140625000000002 0.09375 0.0765625 0.037500000000000006
9 0.25625000000000003 0.06484375 0.06875 0.035937500000000004
9 0.2859375 0.026562500000000003 0.065625 0.03125
3 0.026562500000000003 0.56171875 0.05 0.17343750000000002
