5 0.07578125000000001 0.31562500000000004 0.0421875 0.040625
3 0.25078125 0.61484375 0.0328125 0.0328125
3 0.28515625 0.5921875 0.0328125 0.040625
6 0.13203125000000002 0.32578125 0.0171875 0.0140625
0 0.24453125 0.56171875 0.0140625 0.0171875
0 0.28984375 0.55 0.010937500000000001 0.0125
0 0.28984375 0.5421875 0.010937500000000001 0.015625
0 0.73203125 0.35468750000000004 0.0078125 0.015625
0 0.7390625000000001 0.35859375000000004 0.00625 0.010937500000000001
9 0.66328125 0.3609375 0.010937500000000001 0.0125
