9 0.015625 0.484375 0.03125 0.028125
0 0.0203125 0.4734375 0.015625 0.03125
3 0.15859375 0.40703125 0.0890625 0.0484375
3 0.24453125 0.34140625 0.0859375 0.0484375
3 0.27421875 0.546875 0.1015625 0.05625
3 0.42500000000000004 0.41875 0.08750000000000001 0.0625
3 0.6234375000000001 0.66015625 0.07500000000000001 0.0734375
5 0.7421875 0.46406250000000004 0.15937500000000002 0.19375
9 0.49843750000000003 0.525 0.028125 0.034375
1 0.503125 0.5164062500000001 0.021875000000000002 0.0328125
1 0.625 0.39375000000000004 0.018750000000000003 0.025
9 0.625 0.39921875 0.028125 0.0328125
9 0.7671875 0.24609375 0.025 0.029687500000000002
1 0.7718750000000001 0.23359375000000002 0.021875000000000002 0.0234375
5 0.5593750000000001 0.36171875000000003 0.15937500000000002 0.16718750000000002
5 0.66328125 0.25546875 0.1265625 0.1390625
3 0.8875000000000001 0.2890625 0.05625 0.043750000000000004
3 0.7640625000000001 0.15703125 0.05 0.0421875
5 0.8367187500000001 0.08671875000000001 0.0765625 0.08281250000000001
5 0.8859375 0.03828125 0.08750000000000001 0.0765625
7 0.48203125 0.184375 0.045312500000000006 0.037500000000000006
5 0.47500000000000003 0.16484375 0.07187500000000001 0.0421875
9 0.4265625 0.15234375 0.028125 0.026562500000000003
5 0.5398437500000001 0.12812500000000002 0.1078125 0.065625
3 0.58046875 0.06640625 0.0703125 0.0328125
9 0.6171875 0.041406250000000006 0.034375 0.0203125
2 0.6062500000000001 0.03828125 0.03125 0.0203125
