3 0.8382812500000001 0.93515625 0.0484375 0.0484375
3 0.8812500000000001 0.97578125 0.043750000000000004 0.045312500000000006
0 0.1203125 0.18046875 0.009375000000000001 0.010937500000000001
0 0.5421875 0.09531250000000001 0.00625 0.009375000000000001
0 0.53515625 0.09843750000000001 0.0078125 0.009375000000000001
0 0.29140625000000003 0.31640625 0.010937500000000001 0.0078125
0 0.30000000000000004 0.3046875 0.00625 0.009375000000000001
0 0.30234375 0.2984375 0.0078125 0.009375000000000001
0 0.15390625000000002 0.6273437500000001 0.010937500000000001 0.010937500000000001
0 0.13828125 0.6468750000000001 0.0078125 0.009375000000000001
0 0.1421875 0.6531250000000001 0.00625 0.0125
0 0.1546875 0.6351562500000001 0.009375000000000001 0.010937500000000001
0 0.1640625 0.63203125 0.009375000000000001 0.010937500000000001
0 0.95078125 0.5375 0.0171875 0.0125
