0 0.7453125 0.953125 0.021875000000000002 0.05
0 0.71640625 0.9609375 0.0171875 0.053125000000000006
0 0.5078125 0.87109375 0.021875000000000002 0.0421875
0 0.5359375000000001 0.90234375 0.021875000000000002 0.045312500000000006
2 0.74921875 0.890625 0.0546875 0.025
2 0.4921875 0.875 0.028125 0.028125
2 0.55390625 0.88203125 0.026562500000000003 0.0328125
9 0.51484375 0.93671875 0.060937500000000006 0.0328125
0 0.6507812500000001 0.9359375000000001 0.0203125 0.040625
0 0.6960937500000001 0.9265625000000001 0.0171875 0.037500000000000006
0 0.71640625 0.92890625 0.0203125 0.045312500000000006
0 0.72265625 0.9437500000000001 0.0171875 0.043750000000000004
0 0.48828125 0.9734375000000001 0.010937500000000001 0.05
0 0.33984375 0.8703125 0.0171875 0.040625
2 0.36250000000000004 0.87109375 0.034375 0.0234375
