3 0.321875 0.375 0.09062500000000001 0.03125
3 0.2421875 0.4 0.034375 0.06875
3 0.30781250000000004 0.20078125000000002 0.084375 0.035937500000000004
3 0.31093750000000003 0.15781250000000002 0.078125 0.037500000000000006
3 0.31093750000000003 0.06875 0.09375 0.037500000000000006
3 0.115625 0.13593750000000002 0.043750000000000004 0.078125
3 0.31796875 0.24296875 0.0890625 0.035937500000000004
3 0.32421875 0.29375 0.07968750000000001 0.040625
3 0.33828125000000003 0.5671875000000001 0.0921875 0.040625
3 0.11015625000000001 0.22109375 0.035937500000000004 0.08281250000000001
3 0.3125 0.1125 0.07187500000000001 0.040625
4 0.328125 0.33125000000000004 0.08125 0.037500000000000006
4 0.32265625000000003 0.42109375000000004 0.0921875 0.035937500000000004
4 0.32343750000000004 0.46796875000000004 0.08750000000000001 0.0390625
4 0.32265625000000003 0.52109375 0.0890625 0.0390625
0 0.4765625 0.91171875 0.018750000000000003 0.0140625
