3 0.06015625 0.9460937500000001 0.0484375 0.0890625
3 0.20078125000000002 0.7453125 0.06406250000000001 0.1
3 0.09843750000000001 0.73984375 0.05 0.0734375
3 0.02734375 0.69921875 0.0546875 0.0765625
3 0.11640625 0.57421875 0.0421875 0.060937500000000006
3 0.21328125 0.51328125 0.0390625 0.060937500000000006
3 0.27890625 0.53125 0.0390625 0.06875
3 0.08281250000000001 0.43046875 0.043750000000000004 0.045312500000000006
3 0.26796875000000003 0.38046875 0.0390625 0.0546875
3 0.09765625 0.34296875000000004 0.0421875 0.0421875
3 0.22265625 0.31171875000000004 0.0390625 0.045312500000000006
3 0.32265625000000003 0.275 0.0390625 0.05
3 0.278125 0.24531250000000002 0.037500000000000006 0.043750000000000004
3 0.14765625000000002 0.25234375000000003 0.0390625 0.0390625
3 0.28359375000000003 0.01640625 0.026562500000000003 0.0328125
3 0.21484375 0.03515625 0.029687500000000002 0.0390625
3 0.1546875 0.030468750000000003 0.025 0.0390625
3 0.1203125 0.041406250000000006 0.028125 0.035937500000000004
8 0.8812500000000001 0.44140625 0.17500000000000002 0.0921875
8 0.7265625 0.28828125 0.046875 0.1078125
4 0.8203125 0.046875 0.03125 0.03125
4 0.640625 0.10625000000000001 0.043750000000000004 0.03125
4 0.5234375 0.07578125000000001 0.03125 0.026562500000000003
4 0.4609375 0.11328125 0.043750000000000004 0.026562500000000003
