3 0.321875 0.1078125 0.1125 0.18125000000000002
3 0.3828125 0.3328125 0.115625 0.184375
3 0.5484375 0.41875 0.1 0.18125000000000002
3 0.6351562500000001 0.15234375 0.09843750000000001 0.1796875
0 0.44375000000000003 0.5171875 0.037500000000000006 0.037500000000000006
3 0.5875 0.71875 0.084375 0.18125000000000002
3 0.48281250000000003 0.8125 0.07500000000000001 0.1875
0 0.44296875 0.5625 0.029687500000000002 0.034375
0 0.6671875 0.6492187500000001 0.037500000000000006 0.035937500000000004
0 0.27578125000000003 0.93125 0.0703125 0.028125
9 0.6953125 0.8093750000000001 0.043750000000000004 0.059375000000000004
0 0.696875 0.8140625 0.034375 0.034375
6 0.9789062500000001 0.88671875 0.026562500000000003 0.06406250000000001
1 0.9750000000000001 0.88671875 0.018750000000000003 0.0234375
3 0.83203125 0.3125 0.09843750000000001 0.1875
3 0.225 0.35781250000000003 0.109375 0.19687500000000002
