0 0.9296875 0.24140625000000002 0.009375000000000001 0.0234375
1 0.88203125 0.39609375 0.0203125 0.029687500000000002
0 0.86875 0.45078125 0.0125 0.060937500000000006
0 0.734375 0.265625 0.015625 0.037500000000000006
0 0.625 0.15000000000000002 0.009375000000000001 0.03125
1 0.59921875 0.21406250000000002 0.010937500000000001 0.018750000000000003
1 0.63671875 0.21328125 0.010937500000000001 0.0171875
9 0.9867187500000001 0.19687500000000002 0.0171875 0.021875000000000002
9 0.9906250000000001 0.16953125000000002 0.0125 0.0234375
3 0.9906250000000001 0.0140625 0.018750000000000003 0.015625
0 0.77890625 0.38906250000000003 0.0140625 0.053125000000000006
0 0.7625000000000001 0.37734375000000003 0.015625 0.0390625
6 0.7578125 0.40546875000000004 0.034375 0.0484375
0 0.628125 0.41953125 0.028125 0.0578125
0 0.5546875 0.47578125000000004 0.021875000000000002 0.0578125
0 0.5296875 0.421875 0.0125 0.05625
0 0.5125000000000001 0.421875 0.015625 0.059375000000000004
0 0.45546875000000003 0.40078125000000003 0.010937500000000001 0.0484375
0 0.12421875 0.09140625000000001 0.010937500000000001 0.0234375
0 0.04296875 0.13359375 0.0078125 0.026562500000000003
0 0.037500000000000006 0.12890625 0.009375000000000001 0.026562500000000003
0 0.390625 0.039843750000000004 0.00625 0.0234375
0 0.35468750000000004 0.037500000000000006 0.00625 0.018750000000000003
0 0.3796875 0.0703125 0.00625 0.021875000000000002
0 0.37578125 0.0703125 0.0078125 0.015625
3 0.22265625 0.06796875000000001 0.026562500000000003 0.0234375
3 0.16875 0.06796875000000001 0.034375 0.029687500000000002
3 0.20859375000000002 0.046875 0.0328125 0.018750000000000003
0 0.24765625000000002 0.060937500000000006 0.0078125 0.018750000000000003
0 0.24375000000000002 0.060937500000000006 0.00625 0.018750000000000003
3 0.28750000000000003 0.05625 0.05 0.018750000000000003
4 0.3453125 0.030468750000000003 0.040625 0.0203125
3 0.32578125 0.028125 0.0328125 0.0125
3 0.30078125 0.02890625 0.0328125 0.0140625
5 0.30078125 0.018750000000000003 0.0390625 0.021875000000000002
3 0.284375 0.046875 0.053125000000000006 0.018750000000000003
3 0.26406250000000003 0.046875 0.043750000000000004 0.015625
4 0.24609375 0.037500000000000006 0.0421875 0.018750000000000003
3 0.209375 0.0328125 0.043750000000000004 0.018750000000000003
3 0.22109375 0.03515625 0.0390625 0.0140625
