0 0.030468750000000003 0.49062500000000003 0.010937500000000001 0.03125
5 0.12109375 0.134375 0.1328125 0.040625
5 0.19296875000000002 0.14296875 0.0921875 0.029687500000000002
5 0.2015625 0.15625 0.109375 0.037500000000000006
5 0.27109375 0.1390625 0.1078125 0.037500000000000006
5 0.31015625 0.1453125 0.1265625 0.037500000000000006
5 0.33125000000000004 0.15156250000000002 0.146875 0.03125
5 0.3515625 0.16328125000000002 0.12812500000000002 0.0328125
5 0.37343750000000003 0.16875 0.134375 0.034375
5 0.38906250000000003 0.17890625000000002 0.12812500000000002 0.0390625
5 0.2890625 0.2109375 0.08750000000000001 0.059375000000000004
5 0.3359375 0.21250000000000002 0.084375 0.053125000000000006
3 0.36562500000000003 0.240625 0.059375000000000004 0.021875000000000002
5 0.92734375 0.15234375 0.1453125 0.0546875
5 0.596875 0.1609375 0.08125 0.040625
5 0.6882812500000001 0.15625 0.1078125 0.037500000000000006
