1 0.9632812500000001 0.28359375000000003 0.029687500000000002 0.0546875
9 0.96484375 0.309375 0.0546875 0.0625
0 0.8453125 0.26953125 0.034375 0.0765625
0 0.7625000000000001 0.17578125 0.028125 0.0671875
0 0.74375 0.18984375 0.015625 0.0484375
0 0.9187500000000001 0.13593750000000002 0.028125 0.07500000000000001
0 0.7601562500000001 0.07968750000000001 0.0234375 0.06875
0 0.82734375 0.10312500000000001 0.0234375 0.065625
0 0.85078125 0.1078125 0.0234375 0.07187500000000001
0 0.89609375 0.03515625 0.0234375 0.0578125
0 0.92109375 0.028125 0.0171875 0.053125000000000006
0 0.17734375000000002 0.73828125 0.0484375 0.1171875
1 0.17421875 0.7195312500000001 0.029687500000000002 0.0578125
0 0.23203125000000002 0.71015625 0.06406250000000001 0.0921875
