9 0.065625 0.35859375000000004 0.065625 0.0890625
9 0.0859375 0.37343750000000003 0.053125000000000006 0.06875
9 0.11875000000000001 0.371875 0.078125 0.1
9 0.14609375 0.38125000000000003 0.0703125 0.096875
9 0.16562500000000002 0.40937500000000004 0.05 0.065625
9 0.20078125000000002 0.41796875 0.0546875 0.06406250000000001
9 0.22578125000000002 0.42500000000000004 0.060937500000000006 0.09062500000000001
9 0.31015625 0.46953125 0.060937500000000006 0.09531250000000001
9 0.33906250000000004 0.47578125000000004 0.05 0.0921875
9 0.25625000000000003 0.43359375 0.07187500000000001 0.1015625
9 0.27890625 0.45859375 0.06406250000000001 0.09531250000000001
9 0.36484375 0.48828125 0.0546875 0.09843750000000001
9 0.38984375000000004 0.5085937500000001 0.06406250000000001 0.0921875
9 0.43046875 0.51171875 0.0734375 0.1078125
9 0.45 0.5437500000000001 0.059375000000000004 0.09062500000000001
9 0.53515625 0.56640625 0.0703125 0.1171875
9 0.5703125 0.57578125 0.07500000000000001 0.09531250000000001
9 0.60703125 0.59921875 0.08281250000000001 0.1015625
