3 0.796875 0.7484375000000001 0.15000000000000002 0.1125
3 0.70703125 0.67578125 0.1234375 0.1015625
3 0.8679687500000001 0.60078125 0.1171875 0.09531250000000001
3 0.7742187500000001 0.54921875 0.1046875 0.08281250000000001
3 0.84140625 0.43671875000000004 0.08281250000000001 0.060937500000000006
3 0.6218750000000001 0.46953125 0.09375 0.0734375
3 0.5609375 0.44609375 0.06875 0.06406250000000001
3 0.546875 0.40156250000000004 0.0625 0.059375000000000004
3 0.56640625 0.37578125 0.051562500000000004 0.0484375
3 0.49062500000000003 0.38046875 0.053125000000000006 0.045312500000000006
3 0.67734375 0.36015625 0.0546875 0.0421875
3 0.52109375 0.34296875000000004 0.0546875 0.0390625
3 0.6492187500000001 0.340625 0.035937500000000004 0.037500000000000006
3 0.628125 0.3171875 0.043750000000000004 0.037500000000000006
3 0.603125 0.30312500000000003 0.043750000000000004 0.037500000000000006
3 0.5789062500000001 0.29609375 0.0390625 0.035937500000000004
3 0.5554687500000001 0.2703125 0.0390625 0.034375
3 0.5437500000000001 0.2609375 0.03125 0.025
3 0.5296875 0.24921875000000002 0.03125 0.026562500000000003
3 0.496875 0.23046875 0.034375 0.026562500000000003
3 0.46640625 0.22578125000000002 0.0421875 0.0234375
3 0.465625 0.27734375 0.043750000000000004 0.0328125
3 0.45156250000000003 0.265625 0.034375 0.025
3 0.4421875 0.2515625 0.034375 0.025
4 0.4109375 0.2328125 0.043750000000000004 0.034375
3 0.43515625 0.18359375 0.0578125 0.0203125
3 0.3875 0.17500000000000002 0.037500000000000006 0.018750000000000003
3 0.415625 0.17500000000000002 0.037500000000000006 0.018750000000000003
3 0.4390625 0.17421875 0.037500000000000006 0.0171875
3 0.38203125000000004 0.19765625 0.051562500000000004 0.0171875
0 0.5671875000000001 0.34296875000000004 0.021875000000000002 0.035937500000000004
2 0.5710937500000001 0.353125 0.026562500000000003 0.028125
