2 0.084375 0.76953125 0.046875 0.0328125
3 0.12265625000000001 0.67578125 0.0734375 0.09531250000000001
3 0.73359375 0.61484375 0.1234375 0.051562500000000004
3 0.44375000000000003 0.67109375 0.065625 0.0921875
3 0.51171875 0.6828125 0.0765625 0.1
0 0.5453125 0.62421875 0.021875000000000002 0.0421875
0 0.44921875 0.5234375 0.026562500000000003 0.040625
9 0.2515625 0.54921875 0.05 0.0328125
3 0.37031250000000004 0.4765625 0.06875 0.07187500000000001
3 0.50546875 0.42265625 0.0734375 0.0703125
3 0.47421875 0.3453125 0.0578125 0.0625
3 0.43984375000000003 0.29609375 0.060937500000000006 0.0765625
3 0.34296875000000004 0.3875 0.045312500000000006 0.084375
