8 0.0921875 0.08281250000000001 0.15937500000000002 0.08750000000000001
8 0.7781250000000001 0.7015625000000001 0.309375 0.1625
0 0.01015625 0.0578125 0.0171875 0.034375
0 0.17500000000000002 0.022656250000000003 0.015625 0.029687500000000002
0 0.16875 0.022656250000000003 0.00625 0.0328125
0 0.34921875 0.140625 0.010937500000000001 0.03125
0 0.5078125 0.36875 0.018750000000000003 0.03125
0 0.25546875 0.39453125 0.010937500000000001 0.026562500000000003
0 0.1921875 0.40468750000000003 0.018750000000000003 0.025
0 0.15781250000000002 0.41953125 0.018750000000000003 0.026562500000000003
0 0.1265625 0.43671875000000004 0.015625 0.029687500000000002
0 0.10234375000000001 0.46328125000000003 0.0203125 0.029687500000000002
0 0.73828125 0.8015625000000001 0.0171875 0.037500000000000006
0 0.8523437500000001 0.83359375 0.0203125 0.035937500000000004
0 0.8539062500000001 0.87265625 0.0203125 0.029687500000000002
0 0.81640625 0.7835937500000001 0.0234375 0.029687500000000002
0 0.57265625 0.415625 0.0140625 0.028125
0 0.84375 0.47890625000000003 0.015625 0.026562500000000003
0 0.8406250000000001 0.46796875000000004 0.018750000000000003 0.026562500000000003
0 0.815625 0.8210937500000001 0.021875000000000002 0.035937500000000004
9 0.48046875 0.2171875 0.0234375 0.037500000000000006
0 0.4578125 0.32890625 0.018750000000000003 0.0390625
0 0.22421875000000002 0.38828125 0.010937500000000001 0.026562500000000003
0 0.22968750000000002 0.41640625000000003 0.015625 0.029687500000000002
9 0.5625 0.35703125 0.025 0.0390625
9 0.5796875 0.35468750000000004 0.021875000000000002 0.040625
9 0.59609375 0.35468750000000004 0.0171875 0.034375
9 0.60703125 0.35546875 0.0171875 0.0328125
9 0.61875 0.35078125000000004 0.021875000000000002 0.035937500000000004
9 0.6359375 0.35000000000000003 0.021875000000000002 0.034375
9 0.6515625 0.34609375000000003 0.018750000000000003 0.0328125
9 0.6734375 0.34765625 0.018750000000000003 0.026562500000000003
9 0.7054687500000001 0.3765625 0.026562500000000003 0.03125
9 0.7234375000000001 0.40937500000000004 0.021875000000000002 0.037500000000000006
