3 0.5750000000000001 0.5710937500000001 0.240625 0.1015625
3 0.584375 0.48359375000000004 0.20625000000000002 0.09843750000000001
3 0.6078125000000001 0.40625 0.203125 0.09062500000000001
3 0.6312500000000001 0.26640625 0.15000000000000002 0.0765625
4 0.64453125 0.09375 0.0765625 0.10625000000000001
0 0.6804687500000001 0.33984375 0.0390625 0.051562500000000004
0 0.76484375 0.696875 0.0484375 0.06875
0 0.7132812500000001 0.628125 0.035937500000000004 0.059375000000000004
0 0.721875 0.39765625000000004 0.028125 0.0484375
0 0.76171875 0.54140625 0.0328125 0.0546875
0 0.7625000000000001 0.61640625 0.03125 0.0671875
0 0.71796875 0.52109375 0.0328125 0.0578125
0 0.721875 0.35703125 0.028125 0.0421875
0 0.75 0.35625 0.028125 0.053125000000000006
0 0.7734375 0.41875 0.025 0.059375000000000004
0 0.8093750000000001 0.35703125 0.025 0.0578125
0 0.77734375 0.35625 0.026562500000000003 0.059375000000000004
3 0.9453125 0.53671875 0.09375 0.1953125
3 0.946875 0.2015625 0.07187500000000001 0.1375
3 0.96484375 0.07421875 0.0703125 0.1234375
