5 0.07500000000000001 0.390625 0.018750000000000003 0.025
5 0.09453125000000001 0.4234375 0.010937500000000001 0.015625
5 0.08750000000000001 0.5875 0.028125 0.065625
9 0.009375000000000001 0.84921875 0.009375000000000001 0.0203125
1 0.009375000000000001 0.8421875000000001 0.0125 0.015625
0 0.21875 0.5750000000000001 0.00625 0.0125
0 0.21328125 0.5789062500000001 0.004687500000000001 0.0203125
0 0.034375 0.7234375000000001 0.009375000000000001 0.0125
0 0.08750000000000001 0.72265625 0.00625 0.0171875
0 0.032031250000000004 0.6984375 0.004687500000000001 0.015625
