0 0.48281250000000003 0.6828125 0.018750000000000003 0.03125
3 0.596875 0.5796875 0.059375000000000004 0.07187500000000001
0 0.5875 0.35000000000000003 0.009375000000000001 0.028125
4 0.6453125000000001 0.44140625 0.053125000000000006 0.0671875
0 0.30078125 0.48125 0.0171875 0.034375
0 0.2921875 0.37343750000000003 0.015625 0.03125
0 0.33437500000000003 0.35781250000000003 0.015625 0.028125
0 0.30703125000000003 0.278125 0.0171875 0.028125
0 0.321875 0.27968750000000003 0.009375000000000001 0.018750000000000003
0 0.55390625 0.20390625 0.010937500000000001 0.026562500000000003
0 0.44921875 0.16953125000000002 0.010937500000000001 0.026562500000000003
0 0.4890625 0.178125 0.009375000000000001 0.015625
0 0.634375 0.134375 0.009375000000000001 0.025
0 0.64453125 0.13515625 0.010937500000000001 0.026562500000000003
0 0.65546875 0.08671875000000001 0.0078125 0.0203125
0 0.64765625 0.030468750000000003 0.010937500000000001 0.0234375
0 0.6507812500000001 0.032031250000000004 0.0078125 0.0203125
8 0.6640625 0.29609375 0.078125 0.15156250000000002
3 0.70234375 0.05 0.026562500000000003 0.034375
4 0.68359375 0.21015625000000002 0.035937500000000004 0.0421875
4 0.6953125 0.15234375 0.037500000000000006 0.045312500000000006
3 0.7000000000000001 0.09843750000000001 0.03125 0.037500000000000006
3 0.74921875 0.18125000000000002 0.0328125 0.040625
3 0.7625000000000001 0.046875 0.028125 0.03125
