5 0.6828125 0.18984375 0.065625 0.0421875
5 0.68359375 0.16796875 0.11406250000000001 0.060937500000000006
8 0.32265625000000003 0.7109375 0.1859375 0.19062500000000002
3 0.8921875 0.87421875 0.12187500000000001 0.09843750000000001
3 0.91796875 0.5390625 0.0546875 0.05
3 0.9617187500000001 0.5625 0.060937500000000006 0.043750000000000004
3 0.33906250000000004 0.3484375 0.05 0.053125000000000006
3 0.22031250000000002 0.1484375 0.028125 0.034375
3 0.34921875 0.23125 0.0703125 0.03125
3 0.31562500000000004 0.2171875 0.053125000000000006 0.028125
3 0.3125 0.20468750000000002 0.08125 0.043750000000000004
3 0.49296875 0.17343750000000002 0.0734375 0.046875
3 0.58515625 0.1921875 0.06406250000000001 0.05
3 0.55703125 0.19921875 0.060937500000000006 0.0484375
3 0.525 0.1453125 0.059375000000000004 0.037500000000000006
3 0.92890625 0.17265625 0.0390625 0.026562500000000003
8 0.890625 0.0390625 0.07187500000000001 0.040625
8 0.953125 0.08828125 0.09062500000000001 0.0703125
3 0.796875 0.6734375 0.07500000000000001 0.08125
3 0.91953125 0.7351562500000001 0.09843750000000001 0.1203125
3 0.8515625 0.69453125 0.084375 0.1078125
3 0.74375 0.0171875 0.05625 0.03125
