0 0.10078125 0.06406250000000001 0.010937500000000001 0.015625
0 0.02734375 0.31015625 0.0171875 0.0140625
0 0.18125000000000002 0.45859375 0.015625 0.0140625
0 0.1328125 0.42421875000000003 0.015625 0.010937500000000001
0 0.01171875 0.29609375 0.010937500000000001 0.0078125
0 0.00703125 0.29609375 0.010937500000000001 0.010937500000000001
0 0.09375 0.26875 0.015625 0.0125
0 0.13203125000000002 0.29921875000000003 0.0171875 0.0078125
0 0.18515625000000002 0.26875 0.010937500000000001 0.0125
0 0.1546875 0.27187500000000003 0.0125 0.0125
0 0.1765625 0.2734375 0.0125 0.009375000000000001
0 0.18203125 0.24609375 0.010937500000000001 0.0140625
0 0.15859375 0.24921875000000002 0.010937500000000001 0.0140625
0 0.171875 0.21328125 0.009375000000000001 0.0140625
0 0.16015625 0.1921875 0.010937500000000001 0.009375000000000001
0 0.18203125 0.20078125000000002 0.010937500000000001 0.0140625
0 0.21953125 0.21875 0.010937500000000001 0.0125
0 0.240625 0.15156250000000002 0.015625 0.015625
0 0.26484375 0.16484375 0.0140625 0.010937500000000001
0 0.246875 0.1875 0.0125 0.0125
0 0.15546875000000002 0.21015625000000002 0.010937500000000001 0.010937500000000001
0 0.14921875 0.21171875 0.010937500000000001 0.010937500000000001
0 0.08984375 0.2765625 0.010937500000000001 0.0125
0 0.14375000000000002 0.41875 0.015625 0.009375000000000001
0 0.14765625000000002 0.42734375 0.0140625 0.010937500000000001
0 0.14765625000000002 0.44609375 0.010937500000000001 0.010937500000000001
0 0.153125 0.4390625 0.015625 0.0125
0 0.2625 0.40625 0.0125 0.0125
0 0.32343750000000004 0.37343750000000003 0.015625 0.015625
0 0.25703125 0.275 0.010937500000000001 0.009375000000000001
0 0.23984375000000002 0.34453125 0.010937500000000001 0.010937500000000001
0 0.23671875 0.184375 0.010937500000000001 0.009375000000000001
0 0.23671875 0.278125 0.010937500000000001 0.015625
0 0.2265625 0.30390625000000004 0.0125 0.0140625
0 0.2578125 0.3140625 0.0125 0.015625
0 0.12187500000000001 0.29453125 0.009375000000000001 0.010937500000000001
0 0.30078125 0.42578125 0.010937500000000001 0.0140625
0 0.24609375 0.40156250000000004 0.0140625 0.015625
0 0.37265625 0.44296875 0.010937500000000001 0.0140625
0 0.58046875 0.4421875 0.010937500000000001 0.0125
0 0.4109375 0.4578125 0.015625 0.009375000000000001
0 0.38828125 0.484375 0.0078125 0.009375000000000001
0 0.37343750000000003 0.5007812500000001 0.009375000000000001 0.010937500000000001
0 0.40078125000000003 0.4625 0.010937500000000001 0.009375000000000001
0 0.26328125 0.54609375 0.0171875 0.0140625
0 0.384375 0.77265625 0.009375000000000001 0.010937500000000001
0 0.275 0.90234375 0.0125 0.010937500000000001
1 0.060937500000000006 0.78515625 0.015625 0.0078125
1 0.07187500000000001 0.7140625 0.0125 0.009375000000000001
1 0.5906250000000001 0.44843750000000004 0.00625 0.009375000000000001
2 0.59140625 0.453125 0.010937500000000001 0.018750000000000003
2 0.0625 0.78828125 0.009375000000000001 0.0203125
2 0.0734375 0.7125 0.0125 0.015625
0 0.1390625 0.67734375 0.0125 0.010937500000000001
0 0.1328125 0.7171875000000001 0.0125 0.009375000000000001
5 0.20390625 0.9015625 0.09843750000000001 0.046875
5 0.21406250000000002 0.7835937500000001 0.115625 0.045312500000000006
0 0.81640625 0.49375 0.0078125 0.0125
8 0.521875 0.7351562500000001 0.140625 0.0546875
4 0.53671875 0.6890625 0.11406250000000001 0.046875
4 0.53671875 0.65234375 0.13593750000000002 0.060937500000000006
3 0.6953125 0.31796875 0.021875000000000002 0.045312500000000006
0 0.6117187500000001 0.39921875 0.0078125 0.0078125
3 0.7000000000000001 0.16171875000000002 0.018750000000000003 0.035937500000000004
3 0.7828125 0.07890625000000001 0.028125 0.035937500000000004
3 0.7671875 0.11328125 0.03125 0.035937500000000004
3 0.7820312500000001 0.02421875 0.045312500000000006 0.0390625
3 0.946875 0.8984375 0.028125 0.0625
5 0.953125 0.7132812500000001 0.043750000000000004 0.1296875
3 0.9484375 0.55703125 0.028125 0.0546875
