3 0.2609375 0.8835937500000001 0.146875 0.08281250000000001
3 0.5515625000000001 0.84296875 0.115625 0.0765625
3 0.596875 0.6101562500000001 0.115625 0.060937500000000006
3 0.5578125 0.5242187500000001 0.115625 0.0578125
3 0.39921875 0.42421875000000003 0.11093750000000001 0.0546875
3 0.10390625 0.909375 0.15781250000000002 0.096875
3 0.08671875000000001 0.8421875000000001 0.15781250000000002 0.07500000000000001
3 0.246875 0.8234375 0.1375 0.059375000000000004
3 0.09375 0.7835937500000001 0.14375000000000002 0.0703125
3 0.08750000000000001 0.7296875 0.13125 0.065625
3 0.065625 0.5859375 0.13125 0.0625
3 0.060937500000000006 0.5 0.115625 0.05
3 0.184375 0.4890625 0.10625000000000001 0.053125000000000006
3 0.19843750000000002 0.52578125 0.13125 0.06406250000000001
3 0.20390625 0.56484375 0.1171875 0.06406250000000001
3 0.38906250000000003 0.3796875 0.115625 0.05625
3 0.36484375 0.35234375 0.1171875 0.051562500000000004
3 0.21796875000000002 0.61640625 0.1296875 0.051562500000000004
3 0.22421875000000002 0.66015625 0.1328125 0.0578125
3 0.23515625 0.7054687500000001 0.11406250000000001 0.051562500000000004
3 0.51484375 0.784375 0.1328125 0.08125
3 0.496875 0.721875 0.125 0.07500000000000001
3 0.4703125 0.6664062500000001 0.13125 0.0859375
3 0.46484375 0.62109375 0.1203125 0.0578125
3 0.4421875 0.58203125 0.1 0.060937500000000006
3 0.42812500000000003 0.53671875 0.09062500000000001 0.06406250000000001
3 0.41171875 0.49140625000000004 0.1015625 0.0578125
3 0.54609375 0.48046875 0.1203125 0.0578125
3 0.77265625 0.49843750000000003 0.09843750000000001 0.065625
3 0.8203125 0.5890625 0.12187500000000001 0.059375000000000004
3 0.9085937500000001 0.7093750000000001 0.1421875 0.09375
4 0.2421875 0.75703125 0.14375000000000002 0.0765625
4 0.81015625 0.5320312500000001 0.1421875 0.07968750000000001
3 0.08046875 0.6296875000000001 0.11406250000000001 0.0625
3 0.13125 0.23750000000000002 0.08750000000000001 0.053125000000000006
3 0.1640625 0.26953125 0.09375 0.0703125
3 0.95703125 0.08515625 0.0859375 0.0421875
3 0.8265625000000001 0.10078125 0.065625 0.0734375
3 0.63984375 0.07890625000000001 0.045312500000000006 0.0703125
3 0.63046875 0.028125 0.0578125 0.053125000000000006
4 0.6179687500000001 0.16171875000000002 0.0921875 0.0734375
4 0.25 0.22421875000000002 0.07187500000000001 0.045312500000000006
4 0.64609375 0.76875 0.1203125 0.07500000000000001
3 0.6234375000000001 0.7054687500000001 0.115625 0.0546875
