0 0.44062500000000004 0.921875 0.043750000000000004 0.1
1 0.44375000000000003 0.90546875 0.034375 0.0421875
0 0.5203125000000001 0.9148437500000001 0.037500000000000006 0.0859375
3 0.31093750000000003 0.8656250000000001 0.11875000000000001 0.18125000000000002
4 0.27734375 0.67578125 0.1234375 0.1703125
4 0.2390625 0.55625 0.10312500000000001 0.13125
0 0.1609375 0.55390625 0.021875000000000002 0.0734375
0 0.13984375000000002 0.3875 0.0203125 0.059375000000000004
4 0.06328125 0.29140625000000003 0.06406250000000001 0.06406250000000001
3 0.178125 0.35468750000000004 0.078125 0.09375
4 0.059375000000000004 0.1421875 0.096875 0.07500000000000001
3 0.13046875 0.19843750000000002 0.060937500000000006 0.065625
4 0.20546875 0.184375 0.06406250000000001 0.065625
0 0.16171875000000002 0.153125 0.0140625 0.046875
0 0.10390625 0.134375 0.010937500000000001 0.040625
3 0.1046875 0.1203125 0.1 0.043750000000000004
4 0.1609375 0.08984375 0.05 0.051562500000000004
1 0.70078125 0.23828125 0.0203125 0.0328125
1 0.8054687500000001 0.29375 0.0234375 0.037500000000000006
1 0.8148437500000001 0.30312500000000003 0.0234375 0.043750000000000004
1 0.8359375 0.29609375 0.018750000000000003 0.035937500000000004
1 0.8421875000000001 0.30390625000000004 0.021875000000000002 0.0421875
9 0.9320312500000001 0.30859375 0.0671875 0.0328125
9 0.9382812500000001 0.31953125000000004 0.06406250000000001 0.029687500000000002
6 0.92578125 0.40625 0.0484375 0.059375000000000004
6 0.94296875 0.35234375 0.051562500000000004 0.0546875
4 0.94453125 0.25234375000000003 0.07968750000000001 0.07968750000000001
9 0.8765625 0.20468750000000002 0.03125 0.040625
4 0.83515625 0.22812500000000002 0.1234375 0.078125
2 0.73359375 0.19062500000000002 0.0546875 0.034375
2 0.67578125 0.18828125 0.0421875 0.0328125
9 0.63984375 0.19062500000000002 0.035937500000000004 0.037500000000000006
9 0.6585937500000001 0.1953125 0.0390625 0.03125
1 0.6101562500000001 0.10390625 0.0171875 0.035937500000000004
9 0.609375 0.10859375 0.040625 0.029687500000000002
1 0.54296875 0.06640625 0.0203125 0.029687500000000002
1 0.56796875 0.057031250000000006 0.0171875 0.0234375
0 0.58984375 0.03828125 0.010937500000000001 0.0328125
0 0.6328125 0.04296875 0.015625 0.0390625
0 0.61328125 0.021875000000000002 0.010937500000000001 0.03125
0 0.63828125 0.02890625 0.0171875 0.029687500000000002
1 0.6781250000000001 0.03359375 0.015625 0.0328125
9 0.6781250000000001 0.04296875 0.018750000000000003 0.026562500000000003
0 0.696875 0.035937500000000004 0.0125 0.034375
0 0.703125 0.06406250000000001 0.009375000000000001 0.025
0 0.7289062500000001 0.06171875 0.0078125 0.026562500000000003
0 0.7195312500000001 0.03359375 0.0140625 0.035937500000000004
0 0.72421875 0.022656250000000003 0.010937500000000001 0.0328125
0 0.7468750000000001 0.02421875 0.015625 0.0421875
