9 0.7054687500000001 0.2015625 0.045312500000000006 0.025
9 0.70234375 0.22109375 0.051562500000000004 0.0234375
9 0.70078125 0.2421875 0.0484375 0.028125
9 0.70234375 0.2703125 0.045312500000000006 0.025
9 0.70078125 0.29531250000000003 0.0484375 0.021875000000000002
9 0.7054687500000001 0.34140625 0.0546875 0.026562500000000003
9 0.70078125 0.31562500000000004 0.0484375 0.025
9 0.7054687500000001 0.36953125000000003 0.0484375 0.0328125
9 0.70625 0.42265625 0.059375000000000004 0.0234375
9 0.70078125 0.44765625000000003 0.060937500000000006 0.0234375
9 0.65 0.253125 0.018750000000000003 0.05
9 0.603125 0.47578125000000004 0.053125000000000006 0.0234375
9 0.603125 0.49921875000000004 0.05625 0.026562500000000003
9 0.64609375 0.45546875000000003 0.0546875 0.0234375
9 0.6531250000000001 0.47578125000000004 0.043750000000000004 0.0171875
9 0.6507812500000001 0.49609375 0.0484375 0.0234375
9 0.7015625000000001 0.49531250000000004 0.046875 0.025
9 0.70703125 0.47109375000000003 0.0546875 0.0203125
