3 0.29140625000000003 0.5867187500000001 0.1015625 0.045312500000000006
3 0.56015625 0.478125 0.0921875 0.043750000000000004
3 0.7156250000000001 0.46796875000000004 0.08750000000000001 0.045312500000000006
5 0.63984375 0.52265625 0.11406250000000001 0.06406250000000001
3 0.38984375000000004 0.8421875000000001 0.0546875 0.10312500000000001
3 0.52109375 0.878125 0.0734375 0.12187500000000001
3 0.55390625 0.95234375 0.0546875 0.0921875
3 0.57578125 0.853125 0.0546875 0.10312500000000001
3 0.6257812500000001 0.8500000000000001 0.0546875 0.1
3 0.60859375 0.93671875 0.0546875 0.0859375
8 0.4375 0.8835937500000001 0.140625 0.2328125
0 0.925 0.25390625 0.0125 0.029687500000000002
0 0.87421875 0.225 0.0140625 0.03125
0 0.8546875 0.22812500000000002 0.015625 0.028125
1 0.6828125 0.33125000000000004 0.021875000000000002 0.018750000000000003
1 0.68359375 0.30859375 0.0171875 0.0171875
1 0.64609375 0.328125 0.0171875 0.025
0 0.72265625 0.28828125 0.010937500000000001 0.0234375
0 0.609375 0.29296875 0.015625 0.026562500000000003
