3 0.55234375 0.85703125 0.2609375 0.1234375
3 0.5453125 0.7140625 0.21875 0.1125
3 0.51796875 0.6078125000000001 0.2328125 0.115625
3 0.5078125 0.38671875 0.225 0.11093750000000001
3 0.47109375000000003 0.27890625 0.21406250000000002 0.11093750000000001
3 0.29140625000000003 0.29921875000000003 0.1046875 0.1921875
3 0.32656250000000003 0.5703125 0.1125 0.209375
4 0.35625 0.8375 0.1125 0.19375
3 0.9304687500000001 0.51328125 0.1390625 0.11093750000000001
3 0.9421875000000001 0.3984375 0.115625 0.10625000000000001
3 0.4390625 0.021875000000000002 0.17500000000000002 0.043750000000000004
0 0.6453125000000001 0.41484375 0.043750000000000004 0.0578125
1 0.1625 0.12421875 0.037500000000000006 0.045312500000000006
9 0.16015625 0.1390625 0.0328125 0.10312500000000001
0 0.93671875 0.8992187500000001 0.0734375 0.0328125
