3 0.43046875 0.0625 0.1296875 0.09375
4 0.38125000000000003 0.09921875000000001 0.134375 0.09843750000000001
4 0.503125 0.1390625 0.10312500000000001 0.10625000000000001
3 0.5734375 0.2015625 0.09375 0.12187500000000001
3 0.10390625 0.30781250000000004 0.1265625 0.12812500000000002
3 0.15937500000000002 0.36484375 0.134375 0.1234375
3 0.26875 0.25859375 0.115625 0.1078125
3 0.19609375 0.21640625000000002 0.11093750000000001 0.1015625
4 0.4703125 0.89453125 0.140625 0.18906250000000002
9 0.859375 0.36562500000000003 0.065625 0.078125
1 0.8601562500000001 0.37343750000000003 0.029687500000000002 0.028125
