3 0.38906250000000003 0.503125 0.08125 0.096875
3 0.48125 0.4921875 0.08125 0.1
3 0.58515625 0.47968750000000004 0.07968750000000001 0.09375
3 0.6796875 0.46406250000000004 0.084375 0.1
3 0.38906250000000003 0.5945312500000001 0.07500000000000001 0.0890625
3 0.69453125 0.55234375 0.0734375 0.0859375
3 0.7890625 0.5359375000000001 0.08125 0.096875
3 0.40625 0.6804687500000001 0.07500000000000001 0.0890625
3 0.41640625000000003 0.759375 0.0765625 0.08125
3 0.54296875 0.7367187500000001 0.0703125 0.07968750000000001
3 0.6117187500000001 0.64453125 0.0671875 0.08281250000000001
3 0.6312500000000001 0.7976562500000001 0.065625 0.0765625
3 0.69921875 0.70703125 0.0734375 0.0765625
3 0.80078125 0.8500000000000001 0.0671875 0.07187500000000001
3 0.9421875000000001 0.81171875 0.084375 0.0734375
3 0.8 0.69140625 0.078125 0.0734375
3 0.8812500000000001 0.67890625 0.065625 0.0734375
3 0.95625 0.6640625 0.07187500000000001 0.06875
3 0.9476562500000001 0.5945312500000001 0.07968750000000001 0.07968750000000001
3 0.8757812500000001 0.525 0.0703125 0.084375
3 0.95234375 0.51171875 0.0703125 0.0765625
3 0.9578125000000001 0.7289062500000001 0.065625 0.0734375
3 0.95703125 0.27187500000000003 0.0703125 0.08125
3 0.86640625 0.14921875 0.051562500000000004 0.0546875
4 0.7453125 0.16015625 0.05 0.0671875
3 0.6859375000000001 0.16640625 0.05625 0.0671875
4 0.48359375000000004 0.18281250000000002 0.051562500000000004 0.06875
4 0.41171875 0.19765625 0.0546875 0.060937500000000006
