3 0.08281250000000001 0.049218750000000006 0.0625 0.0734375
3 0.1375 0.05625 0.046875 0.078125
4 0.30000000000000004 0.21796875000000002 0.09062500000000001 0.06406250000000001
3 0.1796875 0.2921875 0.1 0.046875
5 0.43281250000000004 0.4265625 0.084375 0.23750000000000002
9 0.13515625 0.64375 0.0578125 0.034375
9 0.19140625 0.675 0.0421875 0.043750000000000004
6 0.24453125 0.6828125 0.0390625 0.0625
0 0.671875 0.18281250000000002 0.015625 0.037500000000000006
9 0.6312500000000001 0.14375000000000002 0.018750000000000003 0.028125
1 0.63046875 0.1296875 0.010937500000000001 0.018750000000000003
5 0.81796875 0.4453125 0.1453125 0.08125
5 0.8265625000000001 0.65390625 0.09375 0.1609375
9 0.6273437500000001 0.7054687500000001 0.0171875 0.0390625
1 0.6296875000000001 0.6875 0.021875000000000002 0.028125
