4 0.39609375 0.43828125 0.15156250000000002 0.09843750000000001
4 0.5078125 0.35390625000000003 0.096875 0.09531250000000001
4 0.534375 0.70078125 0.246875 0.1296875
4 0.82578125 0.8718750000000001 0.1078125 0.1375
3 0.32578125 0.7992187500000001 0.1640625 0.1546875
3 0.66015625 0.07968750000000001 0.0578125 0.05625
3 0.7671875 0.07968750000000001 0.1125 0.0625
3 0.52578125 0.4734375 0.11093750000000001 0.140625
3 0.18281250000000002 0.94453125 0.16875 0.11093750000000001
3 0.2421875 0.534375 0.15937500000000002 0.10625000000000001
3 0.30625 0.5437500000000001 0.178125 0.125
3 0.09843750000000001 0.6375000000000001 0.17500000000000002 0.12812500000000002
3 0.07421875 0.8460937500000001 0.1453125 0.21406250000000002
