3 0.125 0.9078125 0.07187500000000001 0.1
3 0.17500000000000002 0.80078125 0.053125000000000006 0.0703125
3 0.28515625 0.8132812500000001 0.0765625 0.0765625
3 0.23125 0.74375 0.065625 0.059375000000000004
3 0.13593750000000002 0.73984375 0.059375000000000004 0.0578125
3 0.10546875 0.6898437500000001 0.045312500000000006 0.0484375
3 0.08046875 0.65234375 0.0390625 0.0390625
3 0.05859375 0.6117187500000001 0.0421875 0.0390625
4 0.08046875 0.7835937500000001 0.0703125 0.09843750000000001
4 0.18515625000000002 0.6828125 0.060937500000000006 0.06875
8 0.11953125 0.5945312500000001 0.0734375 0.0921875
3 0.15703125 0.65234375 0.051562500000000004 0.0421875
3 0.07265625 0.5421875 0.0390625 0.037500000000000006
1 0.02734375 0.92890625 0.0390625 0.0546875
2 0.8640625000000001 0.9187500000000001 0.053125000000000006 0.040625
1 0.8695312500000001 0.9070312500000001 0.0171875 0.045312500000000006
0 0.9296875 0.8703125 0.021875000000000002 0.05
3 0.84921875 0.7718750000000001 0.0703125 0.065625
