5 0.20078125000000002 0.5453125 0.06406250000000001 0.046875
3 0.20703125 0.5796875 0.0421875 0.037500000000000006
3 0.29531250000000003 0.603125 0.040625 0.034375
3 0.5234375 0.6171875 0.08750000000000001 0.034375
0 0.16562500000000002 0.7625000000000001 0.021875000000000002 0.043750000000000004
5 0.503125 0.8375 0.12812500000000002 0.084375
3 0.55 0.91015625 0.06875 0.0671875
3 0.73359375 0.8734375000000001 0.1265625 0.05625
3 0.8203125 0.9359375000000001 0.1125 0.08750000000000001
1 0.6937500000000001 0.7578125 0.015625 0.037500000000000006
9 0.6976562500000001 0.7718750000000001 0.035937500000000004 0.028125
3 0.13593750000000002 0.8562500000000001 0.14375000000000002 0.053125000000000006
3 0.15390625000000002 0.8773437500000001 0.1296875 0.0578125
3 0.26640625 0.95234375 0.1640625 0.0734375
3 0.84921875 0.52109375 0.0546875 0.035937500000000004
3 0.86875 0.55390625 0.0625 0.035937500000000004
3 0.10234375000000001 0.6546875000000001 0.0921875 0.046875
