0 0.13671875 0.48359375000000004 0.0703125 0.15156250000000002
0 0.16328125000000002 0.47734375 0.0328125 0.0890625
0 0.35546875 0.33125000000000004 0.045312500000000006 0.153125
1 0.153125 0.7671875 0.059375000000000004 0.171875
0 0.31484375000000003 0.734375 0.0703125 0.19375
0 0.28125 0.8140625 0.09375 0.2
0 0.525 0.67578125 0.0625 0.2078125
0 0.5875 0.6921875000000001 0.059375000000000004 0.2
2 0.15937500000000002 0.8445312500000001 0.17500000000000002 0.15781250000000002
1 0.8921875 0.73203125 0.096875 0.1328125
1 0.9343750000000001 0.21250000000000002 0.0625 0.10312500000000001
