0 0.18828125 0.06484375 0.0171875 0.010937500000000001
0 0.18203125 0.06953125 0.0171875 0.0140625
1 0.14296875 0.19296875000000002 0.0171875 0.0078125
3 0.37343750000000003 0.16875 0.043750000000000004 0.053125000000000006
3 0.40937500000000004 0.16328125000000002 0.034375 0.0484375
3 0.43828125 0.18359375 0.026562500000000003 0.051562500000000004
3 0.465625 0.19687500000000002 0.028125 0.053125000000000006
3 0.5046875000000001 0.21406250000000002 0.028125 0.05
3 0.5710937500000001 0.23359375000000002 0.029687500000000002 0.051562500000000004
3 0.603125 0.24609375 0.028125 0.0546875
3 0.6351562500000001 0.2625 0.026562500000000003 0.040625
3 0.6687500000000001 0.2546875 0.034375 0.053125000000000006
3 0.70625 0.2671875 0.028125 0.053125000000000006
3 0.80859375 0.30000000000000004 0.060937500000000006 0.037500000000000006
3 0.80078125 0.265625 0.060937500000000006 0.025
3 0.8093750000000001 0.22968750000000002 0.059375000000000004 0.025
3 0.859375 0.18515625000000002 0.028125 0.0546875
3 0.84375 0.38984375000000004 0.025 0.0421875
3 0.8421875000000001 0.4546875 0.025 0.053125000000000006
3 0.9234375 0.45546875000000003 0.028125 0.06406250000000001
3 0.8367187500000001 0.534375 0.026562500000000003 0.05625
3 0.83203125 0.6156250000000001 0.026562500000000003 0.065625
3 0.8265625000000001 0.7015625000000001 0.028125 0.065625
3 0.8203125 0.784375 0.03125 0.06875
3 0.81171875 0.8812500000000001 0.0328125 0.065625
3 0.91796875 0.9234375 0.026562500000000003 0.07500000000000001
9 0.94296875 0.86875 0.0140625 0.00625
2 0.95078125 0.5546875 0.0203125 0.009375000000000001
2 0.9484375 0.54140625 0.018750000000000003 0.0078125
9 0.9515625000000001 0.5007812500000001 0.015625 0.0078125
9 0.953125 0.49140625000000004 0.018750000000000003 0.0078125
3 0.9234375 0.53359375 0.025 0.060937500000000006
3 0.86640625 0.08203125 0.0234375 0.0484375
