0 0.11484375000000001 0.846875 0.0328125 0.07500000000000001
3 0.30078125 0.8328125000000001 0.24531250000000002 0.11875000000000001
2 0.49140625000000004 0.8078125 0.060937500000000006 0.09375
2 0.25703125 0.72265625 0.0546875 0.0859375
0 0.24453125 0.71484375 0.029687500000000002 0.0703125
0 0.321875 0.7109375 0.028125 0.078125
0 0.38828125 0.6859375000000001 0.0203125 0.07500000000000001
0 0.41718750000000004 0.67734375 0.028125 0.08281250000000001
0 0.44375000000000003 0.6734375 0.025 0.06875
3 0.05078125 0.25078125 0.0484375 0.045312500000000006
4 0.0859375 0.23046875 0.040625 0.045312500000000006
4 0.12578125 0.209375 0.0546875 0.059375000000000004
9 0.16562500000000002 0.60078125 0.03125 0.0734375
0 0.16875 0.5921875 0.021875000000000002 0.040625
9 0.22265625 0.55390625 0.0234375 0.06406250000000001
9 0.240625 0.46406250000000004 0.028125 0.05
3 0.24765625000000002 0.403125 0.0546875 0.053125000000000006
3 0.1625 0.29921875000000003 0.05625 0.0484375
3 0.32890625 0.47578125000000004 0.0484375 0.045312500000000006
3 0.296875 0.25078125 0.043750000000000004 0.0328125
0 0.77265625 0.796875 0.035937500000000004 0.078125
3 0.21796875000000002 0.18984375 0.029687500000000002 0.026562500000000003
3 0.25 0.1765625 0.034375 0.03125
0 0.39453125 0.59140625 0.026562500000000003 0.0703125
0 0.43281250000000004 0.5921875 0.021875000000000002 0.040625
1 0.240625 0.46406250000000004 0.021875000000000002 0.046875
1 0.22265625 0.55078125 0.0234375 0.0578125
1 0.21953125 0.5554687500000001 0.0140625 0.0421875
1 0.48125 0.8054687500000001 0.03125 0.0859375
