4 0.9734375000000001 0.0546875 0.03125 0.046875
3 0.9750000000000001 0.11640625 0.034375 0.051562500000000004
3 0.9304687500000001 0.20078125000000002 0.0328125 0.0546875
3 0.5984375000000001 0.953125 0.06875 0.09375
3 0.7562500000000001 0.9539062500000001 0.059375000000000004 0.0890625
3 0.6828125 0.9203125000000001 0.059375000000000004 0.11875000000000001
0 0.47187500000000004 0.26875 0.015625 0.021875000000000002
0 0.46640625 0.31562500000000004 0.0171875 0.025
0 0.2671875 0.40468750000000003 0.015625 0.021875000000000002
0 0.3015625 0.39140625 0.015625 0.026562500000000003
1 0.3171875 0.38671875 0.018750000000000003 0.0140625
0 0.33906250000000004 0.6570312500000001 0.021875000000000002 0.026562500000000003
0 0.35546875 0.69140625 0.0234375 0.029687500000000002
0 0.45 0.70859375 0.015625 0.0328125
0 0.45625000000000004 0.7265625 0.015625 0.03125
0 0.46640625 0.753125 0.0171875 0.025
0 0.48671875000000003 0.7468750000000001 0.0171875 0.028125
0 0.49140625000000004 0.73984375 0.0234375 0.0328125
0 0.5265625 0.73046875 0.015625 0.029687500000000002
0 0.49140625000000004 0.7203125 0.0171875 0.03125
0 0.49375 0.7125 0.021875000000000002 0.03125
0 0.5875 0.7734375 0.025 0.028125
0 0.59140625 0.7515625 0.0171875 0.028125
0 0.58046875 0.7250000000000001 0.0171875 0.03125
0 0.6078125000000001 0.69921875 0.028125 0.029687500000000002
0 0.6140625000000001 0.77265625 0.028125 0.0328125
0 0.6195312500000001 0.78828125 0.0203125 0.029687500000000002
0 0.640625 0.775 0.015625 0.03125
0 0.66171875 0.78671875 0.026562500000000003 0.029687500000000002
0 0.7125 0.76875 0.021875000000000002 0.03125
0 0.75703125 0.81796875 0.0203125 0.029687500000000002
0 0.75703125 0.80625 0.0140625 0.025
0 0.65625 0.675 0.021875000000000002 0.03125
0 0.70078125 0.70078125 0.0171875 0.029687500000000002
0 0.7171875000000001 0.73359375 0.021875000000000002 0.029687500000000002
0 0.7898437500000001 0.790625 0.0203125 0.028125
0 0.76484375 0.7640625000000001 0.0171875 0.03125
0 0.7703125000000001 0.7562500000000001 0.015625 0.028125
0 0.76171875 0.7523437500000001 0.0140625 0.0328125
0 0.7671875 0.753125 0.015625 0.034375
0 0.77734375 0.75 0.010937500000000001 0.03125
0 0.7953125000000001 0.78046875 0.018750000000000003 0.029687500000000002
0 0.7976562500000001 0.7742187500000001 0.0140625 0.0328125
0 0.80078125 0.7546875000000001 0.0171875 0.03125
0 0.74609375 0.72578125 0.0203125 0.029687500000000002
0 0.7562500000000001 0.7109375 0.021875000000000002 0.025
0 0.7671875 0.71875 0.015625 0.025
0 0.7890625 0.7250000000000001 0.0125 0.037500000000000006
0 0.7937500000000001 0.7156250000000001 0.021875000000000002 0.028125
0 0.8265625000000001 0.7273437500000001 0.015625 0.026562500000000003
0 0.828125 0.7234375000000001 0.015625 0.03125
0 0.8523437500000001 0.7367187500000001 0.010937500000000001 0.029687500000000002
0 0.8484375000000001 0.70078125 0.015625 0.026562500000000003
0 0.8875000000000001 0.7078125000000001 0.0125 0.028125
0 0.9078125 0.78515625 0.0125 0.035937500000000004
0 0.9859375 0.7898437500000001 0.015625 0.0328125
0 0.9859375 0.7820312500000001 0.0125 0.0390625
0 0.85546875 0.60078125 0.0140625 0.035937500000000004
0 0.8914062500000001 0.5906250000000001 0.0171875 0.028125
0 0.83125 0.5859375 0.018750000000000003 0.03125
0 0.88046875 0.56875 0.0171875 0.028125
0 0.734375 0.56796875 0.015625 0.029687500000000002
0 0.65 0.5945312500000001 0.018750000000000003 0.029687500000000002
0 0.5296875 0.56796875 0.015625 0.029687500000000002
0 0.56015625 0.5421875 0.0171875 0.03125
0 0.56015625 0.51953125 0.0140625 0.029687500000000002
0 0.628125 0.47265625 0.018750000000000003 0.0328125
0 0.67734375 0.49843750000000003 0.0140625 0.028125
0 0.91953125 0.51796875 0.0171875 0.0328125
0 0.95859375 0.47421875 0.010937500000000001 0.029687500000000002
0 0.9476562500000001 0.43671875000000004 0.0140625 0.0328125
0 0.9460937500000001 0.36562500000000003 0.010937500000000001 0.03125
0 0.8609375 0.46484375 0.015625 0.026562500000000003
0 0.8859375 0.45 0.015625 0.025
0 0.88203125 0.44062500000000004 0.010937500000000001 0.025
0 0.8695312500000001 0.4453125 0.010937500000000001 0.03125
0 0.7890625 0.46796875000000004 0.009375000000000001 0.0328125
0 0.79453125 0.46015625000000004 0.0171875 0.026562500000000003
0 0.77734375 0.43984375000000003 0.010937500000000001 0.026562500000000003
0 0.75546875 0.42578125 0.010937500000000001 0.0234375
0 0.80625 0.39687500000000003 0.018750000000000003 0.03125
0 0.82734375 0.39140625 0.010937500000000001 0.026562500000000003
0 0.77265625 0.37890625 0.0140625 0.026562500000000003
0 0.6234375000000001 0.36875 0.0125 0.025
0 0.696875 0.39609375 0.0125 0.026562500000000003
0 0.69140625 0.39453125 0.010937500000000001 0.026562500000000003
0 0.49921875000000004 0.28984375 0.010937500000000001 0.0234375
0 0.49453125000000003 0.30078125 0.010937500000000001 0.0234375
0 0.525 0.32656250000000003 0.015625 0.028125
0 0.5296875 0.3203125 0.015625 0.028125
0 0.525 0.3140625 0.015625 0.028125
0 0.53046875 0.31015625 0.0140625 0.026562500000000003
0 0.846875 0.39140625 0.0125 0.026562500000000003
0 0.846875 0.3953125 0.009375000000000001 0.03125
0 0.88203125 0.40156250000000004 0.010937500000000001 0.025
0 0.8773437500000001 0.39453125 0.010937500000000001 0.026562500000000003
0 0.8695312500000001 0.38828125 0.0140625 0.029687500000000002
0 0.86484375 0.38671875 0.010937500000000001 0.0171875
0 0.86875 0.37578125 0.009375000000000001 0.029687500000000002
0 0.9085937500000001 0.39296875000000003 0.0171875 0.029687500000000002
0 0.63984375 0.28671875 0.010937500000000001 0.026562500000000003
0 0.64609375 0.29609375 0.010937500000000001 0.029687500000000002
0 0.6421875 0.28359375000000003 0.0125 0.029687500000000002
0 0.675 0.29921875000000003 0.015625 0.0234375
0 0.70078125 0.3140625 0.010937500000000001 0.015625
0 0.70625 0.30546875 0.015625 0.026562500000000003
0 0.7328125000000001 0.33515625000000004 0.015625 0.0328125
0 0.8140625 0.33671875 0.015625 0.026562500000000003
0 0.7703125000000001 0.33046875000000003 0.0125 0.0203125
0 0.7296875 0.29140625000000003 0.0125 0.0234375
0 0.7453125 0.30546875 0.009375000000000001 0.026562500000000003
0 0.765625 0.3203125 0.009375000000000001 0.03125
0 0.7664062500000001 0.29765625 0.010937500000000001 0.0203125
0 0.7609375 0.28515625 0.015625 0.0234375
0 0.78125 0.26875 0.009375000000000001 0.03125
1 0.77890625 0.26015625000000003 0.0078125 0.0203125
0 0.8046875 0.26015625000000003 0.015625 0.026562500000000003
0 0.8054687500000001 0.25546875 0.010937500000000001 0.026562500000000003
0 0.828125 0.25703125 0.015625 0.026562500000000003
0 0.84296875 0.26875 0.0171875 0.028125
0 0.7890625 0.31015625 0.015625 0.026562500000000003
0 0.7875000000000001 0.30390625000000004 0.015625 0.026562500000000003
0 0.7890625 0.30078125 0.015625 0.029687500000000002
0 0.78828125 0.28828125 0.010937500000000001 0.026562500000000003
0 0.80625 0.2890625 0.018750000000000003 0.028125
0 0.8171875000000001 0.29453125 0.015625 0.026562500000000003
0 0.8250000000000001 0.3125 0.0125 0.025
0 0.84921875 0.31875000000000003 0.010937500000000001 0.028125
0 0.8796875000000001 0.3296875 0.015625 0.025
0 0.85859375 0.31015625 0.0078125 0.029687500000000002
0 0.8523437500000001 0.30546875 0.0078125 0.026562500000000003
0 0.8484375000000001 0.27187500000000003 0.009375000000000001 0.025
0 0.86328125 0.265625 0.0140625 0.028125
2 0.88046875 0.275 0.0171875 0.015625
1 0.8812500000000001 0.27187500000000003 0.00625 0.009375000000000001
0 0.8984375 0.31562500000000004 0.0125 0.03125
0 0.91015625 0.29453125 0.010937500000000001 0.0234375
0 0.9140625 0.29921875000000003 0.0125 0.026562500000000003
0 0.9187500000000001 0.27187500000000003 0.0125 0.025
0 0.9203125000000001 0.275 0.009375000000000001 0.028125
0 0.96875 0.28984375 0.015625 0.026562500000000003
0 0.9359375000000001 0.29296875 0.009375000000000001 0.0328125
0 0.9320312500000001 0.29140625000000003 0.0140625 0.0203125
0 0.9359375000000001 0.26171875 0.0125 0.026562500000000003
0 0.9359375000000001 0.25078125 0.00625 0.026562500000000003
0 0.940625 0.25703125 0.00625 0.029687500000000002
0 0.97578125 0.27968750000000003 0.010937500000000001 0.028125
0 0.9859375 0.30390625000000004 0.0125 0.0171875
0 0.9906250000000001 0.29453125 0.015625 0.026562500000000003
0 0.97578125 0.265625 0.010937500000000001 0.028125
0 0.98046875 0.26015625000000003 0.010937500000000001 0.029687500000000002
