4 0.09375 0.12109375 0.06875 0.1390625
6 0.1921875 0.27890625 0.065625 0.0578125
9 0.403125 0.56875 0.07500000000000001 0.046875
9 0.48515625 0.88828125 0.0546875 0.029687500000000002
9 0.43515625 0.8523437500000001 0.0578125 0.051562500000000004
9 0.38046875 0.9765625 0.07968750000000001 0.046875
2 0.46328125000000003 0.9617187500000001 0.06406250000000001 0.0328125
6 0.43125 0.90390625 0.109375 0.07968750000000001
0 0.6515625 0.18359375 0.021875000000000002 0.0546875
9 0.5554687500000001 0.20546875 0.06406250000000001 0.029687500000000002
9 0.6531250000000001 0.15703125 0.0625 0.035937500000000004
2 0.56171875 0.27109375 0.0703125 0.029687500000000002
6 0.6179687500000001 0.9242187500000001 0.08281250000000001 0.15156250000000002
