0 0.5046875000000001 0.80390625 0.037500000000000006 0.0671875
0 0.34453125 0.7835937500000001 0.0328125 0.060937500000000006
0 0.46484375 0.7140625 0.0390625 0.065625
0 0.22890625 0.690625 0.0421875 0.065625
0 0.36250000000000004 0.603125 0.034375 0.065625
0 0.16328125000000002 0.5867187500000001 0.0390625 0.0671875
0 0.27890625 0.49296875 0.0390625 0.0734375
0 0.465625 0.47265625 0.03125 0.0765625
0 0.509375 0.53046875 0.040625 0.0734375
0 0.6414062500000001 0.628125 0.0390625 0.065625
0 0.67734375 0.44375000000000003 0.035937500000000004 0.07500000000000001
0 0.42031250000000003 0.39921875 0.037500000000000006 0.07968750000000001
0 0.21250000000000002 0.37421875000000004 0.028125 0.0765625
0 0.38359375 0.3296875 0.0328125 0.065625
9 0.5476562500000001 0.22265625 0.0859375 0.0703125
9 0.61328125 0.321875 0.0671875 0.07187500000000001
9 0.68515625 0.34921875 0.0421875 0.0859375
0 0.8187500000000001 0.53046875 0.053125000000000006 0.0734375
0 0.79453125 0.6984375 0.051562500000000004 0.065625
0 0.7117187500000001 0.75546875 0.0484375 0.0703125
0 0.7992187500000001 0.90234375 0.060937500000000006 0.06406250000000001
