3 0.23125 0.1859375 0.05625 0.084375
3 0.14296875 0.21953125 0.060937500000000006 0.0859375
3 0.25546875 0.64609375 0.06406250000000001 0.1328125
3 0.05625 0.7984375 0.084375 0.1625
3 0.07578125000000001 0.6492187500000001 0.060937500000000006 0.1265625
3 0.09375 0.5421875 0.0625 0.10625000000000001
3 0.10859375 0.38515625000000003 0.06406250000000001 0.1296875
3 0.17890625000000002 0.38046875 0.06406250000000001 0.1203125
3 0.13593750000000002 0.296875 0.05625 0.08750000000000001
3 0.21484375 0.27187500000000003 0.0546875 0.109375
0 0.35000000000000003 0.06640625 0.015625 0.0328125
0 0.3453125 0.059375000000000004 0.021875000000000002 0.03125
3 0.07187500000000001 0.1484375 0.08750000000000001 0.05
