4 0.28359375000000003 0.5234375 0.0484375 0.05
3 0.146875 0.4609375 0.046875 0.046875
5 0.31875000000000003 0.42109375000000004 0.06875 0.11406250000000001
3 0.53671875 0.51953125 0.0421875 0.0734375
3 0.9476562500000001 0.7742187500000001 0.0546875 0.08281250000000001
3 0.7757812500000001 0.3203125 0.0890625 0.034375
3 0.7820312500000001 0.265625 0.08281250000000001 0.03125
4 0.16328125000000002 0.02890625 0.035937500000000004 0.0234375
8 0.1625 0.10703125000000001 0.084375 0.08281250000000001
4 0.22421875000000002 0.17421875 0.0421875 0.029687500000000002
4 0.7445312500000001 0.025781250000000002 0.026562500000000003 0.026562500000000003
4 0.6453125000000001 0.11171875 0.028125 0.029687500000000002
3 0.5671875000000001 0.146875 0.03125 0.021875000000000002
3 0.64609375 0.41640625000000003 0.0421875 0.0578125
3 0.50234375 0.039843750000000004 0.035937500000000004 0.0203125
3 0.5578125 0.096875 0.034375 0.018750000000000003
3 0.6734375 0.04453125 0.028125 0.0171875
