3 0.9539062500000001 0.42265625 0.06406250000000001 0.029687500000000002
3 0.9484375 0.36796875 0.059375000000000004 0.026562500000000003
3 0.95234375 0.3203125 0.06406250000000001 0.025
3 0.9476562500000001 0.2984375 0.0546875 0.021875000000000002
3 0.95078125 0.28359375000000003 0.051562500000000004 0.0203125
3 0.9476562500000001 0.21796875000000002 0.0421875 0.0234375
3 0.9867187500000001 0.2171875 0.0234375 0.037500000000000006
3 0.984375 0.045312500000000006 0.015625 0.025
5 0.9460937500000001 0.15625 0.0484375 0.037500000000000006
5 0.9484375 0.184375 0.040625 0.025
5 0.98359375 0.10312500000000001 0.0203125 0.040625
