3 0.1296875 0.6976562500000001 0.0625 0.0671875
3 0.19765625 0.13828125 0.029687500000000002 0.029687500000000002
3 0.16484375 0.07265625 0.026562500000000003 0.0203125
3 0.19609375 0.032031250000000004 0.0203125 0.0203125
3 0.17109375000000002 0.01171875 0.0171875 0.0171875
3 0.309375 0.02109375 0.028125 0.0171875
1 0.478125 0.37343750000000003 0.0125 0.025
1 0.55625 0.4109375 0.015625 0.021875000000000002
1 0.4703125 0.25234375000000003 0.009375000000000001 0.0171875
0 0.43203125000000003 0.146875 0.010937500000000001 0.021875000000000002
9 0.47187500000000004 0.26171875 0.0125 0.0171875
9 0.47890625000000003 0.38828125 0.0140625 0.0203125
9 0.56015625 0.42734375 0.0140625 0.0171875
1 0.63046875 0.53359375 0.010937500000000001 0.029687500000000002
1 0.6585937500000001 0.64609375 0.0140625 0.0234375
9 0.6335937500000001 0.546875 0.0171875 0.021875000000000002
9 0.659375 0.6609375000000001 0.015625 0.021875000000000002
0 0.05234375 0.12890625 0.0078125 0.0140625
1 0.09765625 0.09453125000000001 0.010937500000000001 0.0140625
9 0.09843750000000001 0.10312500000000001 0.009375000000000001 0.0125
