0 0.3671875 0.30781250000000004 0.0125 0.018750000000000003
9 0.42812500000000003 0.28828125 0.025 0.0171875
1 0.45703125 0.31484375000000003 0.010937500000000001 0.0171875
1 0.49453125000000003 0.28046875 0.010937500000000001 0.0171875
9 0.45937500000000003 0.31875000000000003 0.0125 0.018750000000000003
9 0.49531250000000004 0.2859375 0.0125 0.015625
9 0.51875 0.30078125 0.015625 0.0171875
1 0.5171875 0.296875 0.009375000000000001 0.018750000000000003
0 0.05625 0.7273437500000001 0.025 0.0390625
0 0.12890625 0.84296875 0.029687500000000002 0.051562500000000004
0 0.153125 0.8390625 0.03125 0.05625
0 0.17500000000000002 0.8367187500000001 0.028125 0.0546875
5 0.91328125 0.77109375 0.11406250000000001 0.2703125
0 0.521875 0.26640625 0.0125 0.0203125
2 0.51484375 0.27109375 0.010937500000000001 0.0203125
9 0.45390625 0.275 0.0234375 0.015625
9 0.44609375 0.27109375 0.0234375 0.0171875
0 0.43203125000000003 0.25390625 0.010937500000000001 0.0171875
0 0.44921875 0.24375000000000002 0.010937500000000001 0.018750000000000003
7 0.47265625 0.246875 0.0328125 0.018750000000000003
9 0.46796875000000004 0.253125 0.0203125 0.0125
9 0.4890625 0.24921875000000002 0.021875000000000002 0.0140625
7 0.515625 0.240625 0.028125 0.021875000000000002
0 0.53125 0.2390625 0.009375000000000001 0.025
7 0.4734375 0.24453125 0.037500000000000006 0.026562500000000003
7 0.48359375000000004 0.2390625 0.035937500000000004 0.03125
1 0.55625 0.21640625000000002 0.009375000000000001 0.0140625
9 0.55703125 0.21796875000000002 0.0140625 0.0140625
0 0.5242187500000001 0.2171875 0.004687500000000001 0.015625
0 0.5234375 0.21640625000000002 0.009375000000000001 0.0140625
9 0.52265625 0.21875 0.0203125 0.009375000000000001
4 0.53046875 0.20078125000000002 0.045312500000000006 0.0203125
3 0.57265625 0.1859375 0.0234375 0.021875000000000002
7 0.5398437500000001 0.18671875000000002 0.026562500000000003 0.0140625
4 0.56015625 0.16953125000000002 0.0328125 0.0140625
7 0.578125 0.15625 0.025 0.015625
3 0.59921875 0.27890625 0.0484375 0.026562500000000003
3 0.5765625 0.30546875 0.040625 0.026562500000000003
7 0.6046875 0.32890625 0.021875000000000002 0.029687500000000002
6 0.50390625 0.321875 0.0203125 0.021875000000000002
7 0.48359375000000004 0.33828125000000003 0.0203125 0.029687500000000002
1 0.82421875 0.48203125 0.0171875 0.026562500000000003
6 0.82734375 0.4859375 0.026562500000000003 0.03125
6 0.8078125 0.3875 0.028125 0.034375
1 0.8078125 0.38828125 0.0125 0.0171875
1 0.8375 0.32109375 0.0125 0.0140625
6 0.8375 0.321875 0.025 0.034375
8 0.87109375 0.29296875 0.035937500000000004 0.045312500000000006
4 0.884375 0.43281250000000004 0.037500000000000006 0.05
5 0.8921875 0.52890625 0.084375 0.1421875
8 0.85703125 0.16718750000000002 0.0328125 0.034375
5 0.9421875000000001 0.171875 0.028125 0.034375
1 0.9164062500000001 0.1609375 0.0078125 0.0125
1 0.91796875 0.17890625000000002 0.010937500000000001 0.010937500000000001
1 0.82734375 0.15234375 0.0078125 0.010937500000000001
1 0.82734375 0.12187500000000001 0.0078125 0.009375000000000001
1 0.8210937500000001 0.1125 0.0078125 0.0125
1 0.9187500000000001 0.1203125 0.00625 0.009375000000000001
9 0.9171875 0.18359375 0.009375000000000001 0.0140625
9 0.9171875 0.1625 0.009375000000000001 0.0125
9 0.8289062500000001 0.15703125 0.010937500000000001 0.010937500000000001
9 0.828125 0.1265625 0.009375000000000001 0.009375000000000001
9 0.8203125 0.115625 0.00625 0.0125
9 0.91953125 0.12109375 0.0078125 0.0078125
5 0.859375 0.10390625 0.018750000000000003 0.0328125
5 0.91171875 0.0921875 0.0203125 0.018750000000000003
5 0.9007812500000001 0.0703125 0.0203125 0.025
8 0.8546875 0.04453125 0.0125 0.0140625
3 0.8382812500000001 0.046875 0.0078125 0.009375000000000001
