3 0.0703125 0.8109375000000001 0.07500000000000001 0.09375
5 0.10859375 0.76953125 0.1265625 0.1640625
3 0.16953125000000002 0.7429687500000001 0.0765625 0.1015625
3 0.21406250000000002 0.7140625 0.07187500000000001 0.09062500000000001
3 0.26796875000000003 0.69140625 0.08281250000000001 0.09843750000000001
3 0.37343750000000003 0.6429687500000001 0.046875 0.1015625
8 0.42812500000000003 0.64765625 0.043750000000000004 0.1046875
3 0.33828125000000003 0.96640625 0.0578125 0.0671875
3 0.3984375 0.9750000000000001 0.05 0.046875
3 0.45390625 0.9812500000000001 0.0484375 0.037500000000000006
