0 0.03828125 0.7914062500000001 0.026562500000000003 0.051562500000000004
0 0.07109375 0.7718750000000001 0.0328125 0.053125000000000006
0 0.1421875 0.4140625 0.021875000000000002 0.053125000000000006
1 0.16015625 0.2703125 0.0203125 0.03125
9 0.1640625 0.27968750000000003 0.03125 0.040625
1 0.22968750000000002 0.20546875 0.0125 0.026562500000000003
9 0.22968750000000002 0.2171875 0.021875000000000002 0.034375
0 0.29531250000000003 0.15156250000000002 0.015625 0.028125
4 0.31796875 0.16875 0.0734375 0.065625
3 0.1265625 0.23828125 0.08750000000000001 0.0765625
0 0.06171875 0.10625000000000001 0.010937500000000001 0.034375
0 0.055468750000000004 0.09843750000000001 0.010937500000000001 0.028125
0 0.043750000000000004 0.08281250000000001 0.0125 0.03125
0 0.0546875 0.08125 0.0125 0.03125
0 0.07265625 0.06640625 0.0140625 0.0328125
0 0.3671875 0.04453125 0.015625 0.0328125
0 0.66171875 0.13046875 0.010937500000000001 0.035937500000000004
0 0.65234375 0.11953125 0.0234375 0.035937500000000004
