4 0.65234375 0.7898437500000001 0.11406250000000001 0.11406250000000001
3 0.603125 0.73984375 0.1 0.0859375
3 0.56796875 0.6960937500000001 0.1171875 0.0859375
3 0.5593750000000001 0.640625 0.125 0.07187500000000001
3 0.6515625 0.51328125 0.07187500000000001 0.0859375
3 0.7078125000000001 0.48671875000000003 0.078125 0.09531250000000001
3 0.7664062500000001 0.4609375 0.0765625 0.09062500000000001
3 0.8210937500000001 0.7609375 0.09843750000000001 0.09062500000000001
3 0.875 0.66796875 0.065625 0.0921875
3 0.828125 0.44375000000000003 0.07187500000000001 0.084375
3 0.87421875 0.42500000000000004 0.0703125 0.08125
3 0.9203125000000001 0.40468750000000003 0.08125 0.08125
3 0.36562500000000003 0.13359375 0.043750000000000004 0.0484375
5 0.4703125 0.15937500000000002 0.05625 0.1
3 0.4609375 0.1015625 0.043750000000000004 0.03125
3 0.49296875 0.09140625000000001 0.045312500000000006 0.045312500000000006
