0 0.20234375000000002 0.9695312500000001 0.026562500000000003 0.0578125
0 0.22265625 0.9695312500000001 0.026562500000000003 0.060937500000000006
0 0.53125 0.6570312500000001 0.021875000000000002 0.045312500000000006
0 0.82578125 0.58359375 0.0328125 0.0484375
0 0.8031250000000001 0.49296875 0.028125 0.0421875
0 0.8250000000000001 0.49296875 0.025 0.045312500000000006
0 0.84296875 0.5007812500000001 0.026562500000000003 0.0421875
0 0.8703125 0.4734375 0.025 0.043750000000000004
0 0.890625 0.4734375 0.021875000000000002 0.043750000000000004
0 0.11484375000000001 0.15546875000000002 0.010937500000000001 0.0203125
0 0.12578125 0.15625 0.010937500000000001 0.018750000000000003
0 0.1484375 0.1609375 0.0125 0.025
0 0.16875 0.1640625 0.015625 0.025
0 0.821875 0.13515625 0.009375000000000001 0.0203125
0 0.83125 0.13593750000000002 0.009375000000000001 0.021875000000000002
0 0.8375 0.13984375000000002 0.009375000000000001 0.0203125
