1 0.203125 0.3328125 0.009375000000000001 0.018750000000000003
1 0.69453125 0.08281250000000001 0.010937500000000001 0.015625
0 0.16953125000000002 0.7296875 0.0171875 0.028125
1 0.27421875 0.98828125 0.0203125 0.0203125
0 0.5046875000000001 0.7890625 0.015625 0.025
0 0.5359375000000001 0.796875 0.021875000000000002 0.025
0 0.5359375000000001 0.8210937500000001 0.015625 0.0234375
1 0.55234375 0.8453125 0.0171875 0.018750000000000003
1 0.671875 0.875 0.015625 0.021875000000000002
1 0.60703125 0.8703125 0.0203125 0.021875000000000002
1 0.6765625000000001 0.90625 0.018750000000000003 0.025
1 0.6359375 0.89375 0.021875000000000002 0.025
1 0.6023437500000001 0.8992187500000001 0.0203125 0.0203125
1 0.58046875 0.9109375000000001 0.0171875 0.025
1 0.6117187500000001 0.93125 0.0171875 0.025
1 0.6195312500000001 0.93515625 0.0140625 0.029687500000000002
1 0.53671875 0.9640625 0.0171875 0.021875000000000002
1 0.540625 0.9390625 0.021875000000000002 0.021875000000000002
1 0.54609375 0.91953125 0.0171875 0.0203125
1 0.53515625 0.890625 0.010937500000000001 0.021875000000000002
1 0.546875 0.88671875 0.009375000000000001 0.0234375
1 0.53515625 0.8656250000000001 0.0171875 0.025
9 0.5515625000000001 0.8500000000000001 0.05 0.018750000000000003
9 0.53125 0.86640625 0.043750000000000004 0.0171875
9 0.5359375000000001 0.88671875 0.05 0.0203125
9 0.5453125 0.91953125 0.040625 0.0171875
9 0.540625 0.9359375000000001 0.05 0.021875000000000002
9 0.534375 0.9609375 0.040625 0.015625
9 0.6117187500000001 0.92890625 0.051562500000000004 0.0171875
9 0.5789062500000001 0.91171875 0.045312500000000006 0.0203125
9 0.6015625 0.9031250000000001 0.043750000000000004 0.015625
9 0.60703125 0.86640625 0.0421875 0.029687500000000002
9 0.6664062500000001 0.878125 0.0390625 0.018750000000000003
9 0.63828125 0.8914062500000001 0.0421875 0.0140625
9 0.6734375 0.90390625 0.043750000000000004 0.0203125
3 0.08828125 0.571875 0.0890625 0.059375000000000004
3 0.25703125 0.47734375 0.08281250000000001 0.060937500000000006
9 0.33203125 0.19843750000000002 0.0234375 0.034375
9 0.43281250000000004 0.13593750000000002 0.018750000000000003 0.034375
9 0.690625 0.08984375 0.018750000000000003 0.026562500000000003
3 0.6179687500000001 0.1484375 0.0765625 0.053125000000000006
3 0.61875 0.06640625 0.06875 0.060937500000000006
3 0.6820312500000001 0.026562500000000003 0.06406250000000001 0.053125000000000006
