3 0.11328125 0.60859375 0.0421875 0.06406250000000001
3 0.21406250000000002 0.1953125 0.043750000000000004 0.037500000000000006
3 0.18515625000000002 0.14453125 0.029687500000000002 0.0390625
3 0.21953125 0.12734375 0.029687500000000002 0.0328125
3 0.33906250000000004 0.14375000000000002 0.043750000000000004 0.034375
3 0.44453125000000004 0.39296875000000003 0.0421875 0.045312500000000006
3 0.509375 0.27265625 0.065625 0.035937500000000004
3 0.51953125 0.2578125 0.0546875 0.034375
3 0.54140625 0.24375000000000002 0.060937500000000006 0.040625
3 0.596875 0.18671875000000002 0.046875 0.035937500000000004
3 0.61328125 0.17890625000000002 0.0484375 0.035937500000000004
3 0.59140625 0.203125 0.0546875 0.034375
3 0.6453125000000001 0.246875 0.065625 0.034375
3 0.665625 0.18984375 0.053125000000000006 0.0328125
3 0.8078125 0.2 0.05 0.03125
3 0.86484375 0.24921875000000002 0.0703125 0.035937500000000004
3 0.9398437500000001 0.24921875000000002 0.0703125 0.029687500000000002
3 0.8539062500000001 0.23593750000000002 0.0546875 0.025
3 0.90234375 0.22421875000000002 0.0546875 0.026562500000000003
3 0.88984375 0.21171875 0.051562500000000004 0.0171875
3 0.87421875 0.2 0.06406250000000001 0.025
3 0.8382812500000001 0.16953125000000002 0.0703125 0.0328125
0 0.8656250000000001 0.1484375 0.015625 0.025
0 0.7835937500000001 0.13828125 0.0140625 0.0234375
5 0.10312500000000001 0.11484375000000001 0.05625 0.051562500000000004
