3 0.6828125 0.659375 0.10625000000000001 0.15937500000000002
3 0.603125 0.35234375 0.084375 0.11093750000000001
4 0.75390625 0.8515625 0.0921875 0.17500000000000002
0 0.7757812500000001 0.5890625 0.0328125 0.07187500000000001
0 0.80078125 0.5921875 0.029687500000000002 0.065625
0 0.68671875 0.21953125 0.0328125 0.0703125
0 0.45937500000000003 0.19296875000000002 0.018750000000000003 0.051562500000000004
1 0.49453125000000003 0.20468750000000002 0.0203125 0.028125
2 0.49375 0.2234375 0.018750000000000003 0.046875
2 0.4890625 0.15156250000000002 0.018750000000000003 0.046875
1 0.48984375 0.13203125000000002 0.0203125 0.0390625
3 0.565625 0.209375 0.07500000000000001 0.109375
3 0.5515625000000001 0.08281250000000001 0.06875 0.096875
3 0.553125 0.0171875 0.046875 0.028125
