9 0.9796875 0.38046875 0.025 0.035937500000000004
1 0.98046875 0.375 0.0203125 0.018750000000000003
4 0.8796875000000001 0.75703125 0.08125 0.09531250000000001
4 0.69921875 0.7406250000000001 0.0703125 0.10312500000000001
9 0.553125 0.6585937500000001 0.021875000000000002 0.0421875
1 0.55234375 0.65390625 0.0171875 0.026562500000000003
8 0.45390625 0.7328125000000001 0.08281250000000001 0.134375
5 0.5796875 0.04609375 0.059375000000000004 0.0890625
4 0.7937500000000001 0.025 0.043750000000000004 0.046875
4 0.45390625 0.3328125 0.0484375 0.078125
4 0.83515625 0.38515625000000003 0.051562500000000004 0.0734375
3 0.7273437500000001 0.371875 0.060937500000000006 0.08125
3 0.7765625 0.52734375 0.059375000000000004 0.0890625
3 0.8250000000000001 0.64765625 0.07187500000000001 0.09531250000000001
