3 0.5671875000000001 0.875 0.171875 0.109375
3 0.4609375 0.6640625 0.096875 0.08125
3 0.69921875 0.571875 0.1453125 0.07500000000000001
3 0.06484375 0.6625000000000001 0.1296875 0.07500000000000001
3 0.38671875 0.5007812500000001 0.1078125 0.0703125
3 0.421875 0.46484375 0.1125 0.06406250000000001
3 0.6312500000000001 0.49765625 0.078125 0.060937500000000006
3 0.6960937500000001 0.359375 0.0734375 0.0625
3 0.6664062500000001 0.2984375 0.09531250000000001 0.059375000000000004
3 0.7265625 0.265625 0.10312500000000001 0.053125000000000006
3 0.7585937500000001 0.24921875000000002 0.1015625 0.0546875
3 0.7828125 0.23593750000000002 0.08750000000000001 0.046875
3 0.8210937500000001 0.22578125000000002 0.0765625 0.0484375
3 0.8539062500000001 0.21640625000000002 0.0859375 0.045312500000000006
5 0.8375 0.31484375000000003 0.10312500000000001 0.0921875
5 0.88046875 0.36875 0.0546875 0.053125000000000006
0 0.5710937500000001 0.46718750000000003 0.0171875 0.040625
0 0.61484375 0.46484375 0.0140625 0.029687500000000002
9 0.92578125 0.5859375 0.0203125 0.046875
9 0.7421875 0.51171875 0.040625 0.035937500000000004
9 0.70234375 0.49765625 0.0328125 0.035937500000000004
9 0.7507812500000001 0.4625 0.0328125 0.037500000000000006
9 0.7742187500000001 0.46796875000000004 0.029687500000000002 0.0328125
2 0.790625 0.47187500000000004 0.028125 0.034375
2 0.8046875 0.48359375000000004 0.021875000000000002 0.035937500000000004
2 0.81640625 0.49062500000000003 0.0203125 0.03125
2 0.84375 0.49531250000000004 0.021875000000000002 0.040625
2 0.86640625 0.50234375 0.0171875 0.0390625
2 0.88046875 0.5046875000000001 0.0171875 0.034375
2 0.90546875 0.5140625 0.0328125 0.034375
2 0.77890625 0.52109375 0.026562500000000003 0.026562500000000003
0 0.8679687500000001 0.026562500000000003 0.0171875 0.03125
