3 0.85859375 0.9390625 0.08281250000000001 0.065625
3 0.7429687500000001 0.88671875 0.0671875 0.060937500000000006
3 0.79296875 0.8773437500000001 0.0578125 0.0578125
3 0.75 0.8210937500000001 0.059375000000000004 0.0484375
3 0.64609375 0.77890625 0.045312500000000006 0.051562500000000004
3 0.6671875 0.7312500000000001 0.05 0.034375
3 0.78828125 0.7976562500000001 0.0546875 0.0484375
3 0.74921875 0.7640625000000001 0.045312500000000006 0.037500000000000006
3 0.6960937500000001 0.66171875 0.0390625 0.045312500000000006
3 0.52734375 0.521875 0.0484375 0.025
8 0.8859375 0.8734375000000001 0.15000000000000002 0.13125
3 0.95078125 0.8656250000000001 0.0578125 0.05625
