3 0.1265625 0.3609375 0.037500000000000006 0.053125000000000006
9 0.08750000000000001 0.41015625 0.015625 0.0234375
9 0.065625 0.27421875 0.00625 0.0203125
9 0.06406250000000001 0.20468750000000002 0.009375000000000001 0.021875000000000002
9 0.06015625 0.16015625 0.010937500000000001 0.0203125
9 0.03359375 0.1609375 0.010937500000000001 0.021875000000000002
3 0.11015625000000001 0.03359375 0.0578125 0.026562500000000003
3 0.109375 0.28359375000000003 0.028125 0.045312500000000006
3 0.16328125000000002 0.5046875000000001 0.051562500000000004 0.07500000000000001
3 0.1953125 0.065625 0.065625 0.028125
3 0.2890625 0.065625 0.059375000000000004 0.021875000000000002
3 0.37734375000000003 0.06953125 0.0328125 0.029687500000000002
3 0.45390625 0.06875 0.0765625 0.037500000000000006
3 0.45234375000000004 0.340625 0.06406250000000001 0.043750000000000004
3 0.56484375 0.0734375 0.07968750000000001 0.03125
3 0.6296875000000001 0.0734375 0.065625 0.037500000000000006
1 0.059375000000000004 0.15625 0.00625 0.009375000000000001
1 0.06171875 0.19687500000000002 0.0078125 0.0125
1 0.032031250000000004 0.16015625 0.0078125 0.0203125
1 0.06640625 0.27109375 0.010937500000000001 0.0140625
1 0.08828125 0.403125 0.010937500000000001 0.015625
