6 0.15703125 0.1703125 0.0890625 0.078125
0 0.17265625 0.15000000000000002 0.0390625 0.08125
0 0.20546875 0.46875 0.0328125 0.096875
0 0.415625 0.54296875 0.05 0.1171875
0 0.521875 0.49453125000000003 0.037500000000000006 0.1171875
0 0.540625 0.5296875 0.028125 0.07500000000000001
1 0.6273437500000001 0.634375 0.0484375 0.10312500000000001
1 0.6804687500000001 0.56015625 0.0390625 0.0859375
1 0.7109375 0.5734375 0.037500000000000006 0.084375
0 0.8078125 0.696875 0.046875 0.13125
9 0.7171875000000001 0.8031250000000001 0.06875 0.178125
6 0.7890625 0.353125 0.16562500000000002 0.13125
6 0.8304687500000001 0.28750000000000003 0.1421875 0.09375
7 0.8304687500000001 0.1921875 0.1171875 0.10312500000000001
6 0.59296875 0.29609375 0.09531250000000001 0.0890625
1 0.55703125 0.26875 0.0390625 0.05625
1 0.521875 0.259375 0.034375 0.059375000000000004
1 0.5007812500000001 0.2546875 0.026562500000000003 0.05625
0 0.46796875000000004 0.10312500000000001 0.0421875 0.07500000000000001
6 0.4 0.5140625 0.2 0.15000000000000002
6 0.20625000000000002 0.4296875 0.15937500000000002 0.12812500000000002
6 0.6179687500000001 0.59765625 0.21406250000000002 0.1421875
