3 0.7234375000000001 0.12421875 0.00625 0.010937500000000001
3 0.7507812500000001 0.18125000000000002 0.010937500000000001 0.009375000000000001
3 0.7781250000000001 0.22265625 0.0125 0.010937500000000001
3 0.7429687500000001 0.21406250000000002 0.0140625 0.0125
3 0.72421875 0.22109375 0.010937500000000001 0.0078125
3 0.71796875 0.1765625 0.010937500000000001 0.0125
3 0.73359375 0.18515625000000002 0.010937500000000001 0.0078125
3 0.7117187500000001 0.13593750000000002 0.010937500000000001 0.0125
3 0.6937500000000001 0.09453125000000001 0.0125 0.0078125
3 0.70078125 0.1078125 0.010937500000000001 0.009375000000000001
3 0.7046875 0.11953125 0.009375000000000001 0.0078125
3 0.7117187500000001 0.1484375 0.010937500000000001 0.009375000000000001
3 0.71875 0.18828125 0.009375000000000001 0.0078125
3 0.7375 0.19843750000000002 0.009375000000000001 0.009375000000000001
3 0.7898437500000001 0.3375 0.0140625 0.0125
3 0.7976562500000001 0.353125 0.0140625 0.0125
9 0.7328125000000001 0.35781250000000003 0.00625 0.015625
9 0.7125 0.36250000000000004 0.00625 0.0125
3 0.5789062500000001 0.42734375 0.0328125 0.029687500000000002
3 0.7054687500000001 0.53359375 0.0234375 0.029687500000000002
8 0.7835937500000001 0.61484375 0.035937500000000004 0.035937500000000004
0 0.68515625 0.5390625 0.0078125 0.021875000000000002
0 0.6726562500000001 0.55390625 0.0078125 0.0203125
0 0.7000000000000001 0.56640625 0.00625 0.0171875
0 0.7171875000000001 0.60078125 0.00625 0.0171875
0 0.70625 0.6039062500000001 0.00625 0.0171875
0 0.734375 0.6820312500000001 0.00625 0.0171875
3 0.6953125 0.6570312500000001 0.034375 0.035937500000000004
3 0.60078125 0.50234375 0.026562500000000003 0.029687500000000002
3 0.6625000000000001 0.03359375 0.00625 0.0078125
3 0.6625000000000001 0.0421875 0.00625 0.00625
3 0.80859375 0.18515625000000002 0.010937500000000001 0.0078125
3 0.80390625 0.178125 0.0078125 0.009375000000000001
9 0.82578125 0.2265625 0.004687500000000001 0.009375000000000001
9 0.8382812500000001 0.2390625 0.004687500000000001 0.0125
9 0.8695312500000001 0.27578125000000003 0.004687500000000001 0.0078125
3 0.8046875 0.3171875 0.015625 0.015625
3 0.821875 0.34921875 0.021875000000000002 0.0171875
3 0.8546875 0.69453125 0.034375 0.045312500000000006
0 0.765625 0.63671875 0.00625 0.0203125
0 0.8601562500000001 0.8125 0.010937500000000001 0.025
0 0.7828125 0.846875 0.00625 0.015625
0 0.7984375 0.85859375 0.009375000000000001 0.0234375
0 0.70703125 0.97265625 0.010937500000000001 0.026562500000000003
0 0.91015625 0.8406250000000001 0.0171875 0.040625
3 0.8914062500000001 0.65234375 0.0390625 0.045312500000000006
3 0.9304687500000001 0.5515625000000001 0.026562500000000003 0.025
0 0.74921875 0.5171875 0.010937500000000001 0.025
3 0.9734375000000001 0.5593750000000001 0.028125 0.025
3 0.9187500000000001 0.53046875 0.025 0.0203125
3 0.95703125 0.5296875 0.029687500000000002 0.025
3 0.9867187500000001 0.53046875 0.026562500000000003 0.0203125
3 0.9593750000000001 0.48046875 0.021875000000000002 0.0234375
3 0.9320312500000001 0.48828125 0.026562500000000003 0.0234375
3 0.89375 0.48125 0.028125 0.025
3 0.9070312500000001 0.50625 0.026562500000000003 0.021875000000000002
3 0.94296875 0.5085937500000001 0.029687500000000002 0.0203125
3 0.97421875 0.5046875000000001 0.026562500000000003 0.021875000000000002
1 0.82578125 0.2234375 0.004687500000000001 0.00625
1 0.8382812500000001 0.23359375000000002 0.004687500000000001 0.0078125
1 0.8703125 0.27187500000000003 0.00625 0.00625
1 0.7289062500000001 0.35468750000000004 0.010937500000000001 0.0125
1 0.7117187500000001 0.35781250000000003 0.004687500000000001 0.009375000000000001
