3 0.032031250000000004 0.11093750000000001 0.0203125 0.025
0 0.021875000000000002 0.22578125000000002 0.00625 0.0203125
0 0.08828125 0.66015625 0.010937500000000001 0.035937500000000004
3 0.0703125 0.115625 0.021875000000000002 0.025
3 0.15390625000000002 0.029687500000000002 0.029687500000000002 0.015625
3 0.1859375 0.021875000000000002 0.028125 0.018750000000000003
3 0.25703125 0.09921875000000001 0.0171875 0.0203125
4 0.24531250000000002 0.184375 0.046875 0.025
3 0.26328125 0.21328125 0.0421875 0.0171875
3 0.26875 0.23828125 0.05 0.026562500000000003
3 0.29375 0.284375 0.05 0.018750000000000003
3 0.30000000000000004 0.30078125 0.059375000000000004 0.0203125
3 0.29921875000000003 0.32421875 0.0578125 0.026562500000000003
3 0.30781250000000004 0.37812500000000004 0.05625 0.028125
3 0.34296875000000004 0.38593750000000004 0.045312500000000006 0.025
3 0.34921875 0.4078125 0.045312500000000006 0.028125
0 0.14609375 0.19765625 0.004687500000000001 0.0171875
0 0.35703125 0.31562500000000004 0.0078125 0.018750000000000003
0 0.34921875 0.3171875 0.004687500000000001 0.0125
0 0.33437500000000003 0.31953125000000004 0.00625 0.0171875
4 0.45937500000000003 0.44375000000000003 0.037500000000000006 0.043750000000000004
4 0.5015625 0.7195312500000001 0.08125 0.0546875
0 0.578125 0.60859375 0.009375000000000001 0.026562500000000003
3 0.47578125000000004 0.6765625000000001 0.0765625 0.043750000000000004
3 0.5734375 0.88984375 0.10312500000000001 0.0671875
3 0.603125 0.6804687500000001 0.05 0.060937500000000006
