3 0.9031250000000001 0.52890625 0.115625 0.045312500000000006
2 0.8546875 0.53515625 0.037500000000000006 0.0203125
4 0.78671875 0.5625 0.1421875 0.06875
3 0.821875 0.56640625 0.08750000000000001 0.0328125
3 0.67734375 0.59921875 0.1296875 0.0578125
3 0.6179687500000001 0.6203125 0.1046875 0.053125000000000006
4 0.52890625 0.6171875 0.1171875 0.06875
2 0.75390625 0.5921875 0.0390625 0.034375
2 0.72578125 0.5875 0.0390625 0.03125
5 0.9421875000000001 0.66171875 0.115625 0.0734375
0 0.7914062500000001 0.51796875 0.0171875 0.0328125
0 0.8734375000000001 0.59921875 0.018750000000000003 0.045312500000000006
0 0.80859375 0.690625 0.0234375 0.053125000000000006
0 0.70625 0.6765625000000001 0.028125 0.059375000000000004
0 0.6546875000000001 0.7015625000000001 0.025 0.05
0 0.5632812500000001 0.5921875 0.0171875 0.040625
0 0.59140625 0.58203125 0.010937500000000001 0.0390625
0 0.53046875 0.6898437500000001 0.0203125 0.0578125
3 0.38359375 0.584375 0.1078125 0.05
3 0.42265625 0.6687500000000001 0.1421875 0.078125
3 0.38359375 0.6859375000000001 0.1421875 0.07500000000000001
0 0.5296875 0.7507812500000001 0.025 0.0546875
0 0.3671875 0.77890625 0.021875000000000002 0.0578125
0 0.3453125 0.8046875 0.025 0.065625
0 0.42500000000000004 0.8289062500000001 0.0125 0.045312500000000006
4 0.40390625 0.87890625 0.2015625 0.1484375
3 0.2234375 0.74375 0.14375000000000002 0.08750000000000001
0 0.16015625 0.8132812500000001 0.0234375 0.0734375
0 0.23593750000000002 0.88203125 0.028125 0.0734375
0 0.278125 0.8835937500000001 0.028125 0.0734375
0 0.08750000000000001 0.87890625 0.03125 0.0734375
0 0.09453125000000001 0.80859375 0.0171875 0.0703125
0 0.13203125000000002 0.81640625 0.0203125 0.0703125
1 0.11953125 0.78828125 0.035937500000000004 0.0328125
1 0.7328125000000001 0.8 0.037500000000000006 0.03125
