3 0.1921875 0.7601562500000001 0.125 0.1640625
3 0.203125 0.55859375 0.134375 0.1421875
3 0.759375 0.80859375 0.234375 0.1390625
3 0.7312500000000001 0.71875 0.22187500000000002 0.134375
3 0.70703125 0.6117187500000001 0.19843750000000002 0.1046875
3 0.7109375 0.52578125 0.17500000000000002 0.09531250000000001
3 0.68515625 0.4609375 0.15156250000000002 0.078125
3 0.671875 0.37734375000000003 0.15937500000000002 0.08281250000000001
3 0.65625 0.3125 0.140625 0.078125
3 0.22812500000000002 0.45156250000000003 0.10312500000000001 0.10625000000000001
3 0.2671875 0.321875 0.1 0.1125
4 0.2609375 0.24765625000000002 0.146875 0.0765625
3 0.6296875000000001 0.259375 0.146875 0.07500000000000001
3 0.66328125 0.20625000000000002 0.1640625 0.0625
3 0.08750000000000001 0.14375000000000002 0.109375 0.08750000000000001
3 0.23125 0.14453125 0.15625 0.08281250000000001
3 0.6726562500000001 0.14140625 0.13593750000000002 0.0578125
3 0.31093750000000003 0.10312500000000001 0.059375000000000004 0.06875
3 0.32265625000000003 0.04609375 0.060937500000000006 0.0578125
3 0.640625 0.10859375 0.1375 0.060937500000000006
3 0.62890625 0.05390625 0.1265625 0.0578125
