8 0.859375 0.8093750000000001 0.17500000000000002 0.14375000000000002
8 0.6585937500000001 0.71640625 0.1703125 0.1328125
8 0.8140625 0.6390625000000001 0.15625 0.12812500000000002
8 0.9046875000000001 0.5085937500000001 0.14375000000000002 0.11093750000000001
8 0.765625 0.57734375 0.153125 0.1265625
8 0.6140625000000001 0.6507812500000001 0.16875 0.1265625
4 0.53828125 0.51484375 0.11093750000000001 0.0734375
3 0.43828125 0.484375 0.08281250000000001 0.065625
5 0.72265625 0.1015625 0.1421875 0.059375000000000004
5 0.049218750000000006 0.26171875 0.0890625 0.0734375
4 0.56484375 0.05859375 0.09531250000000001 0.045312500000000006
5 0.9046875000000001 0.08046875 0.043750000000000004 0.060937500000000006
