3 0.52109375 0.92890625 0.1796875 0.0671875
3 0.6046875 0.90546875 0.146875 0.0578125
3 0.78046875 0.9015625 0.0890625 0.065625
3 0.71015625 0.8328125000000001 0.11093750000000001 0.05
4 0.8929687500000001 0.93359375 0.1453125 0.0734375
4 0.93359375 0.875 0.0859375 0.053125000000000006
4 0.7289062500000001 0.8093750000000001 0.11406250000000001 0.053125000000000006
3 0.7359375 0.8093750000000001 0.11875000000000001 0.034375
3 0.7742187500000001 0.8 0.1078125 0.043750000000000004
3 0.8601562500000001 0.7976562500000001 0.0578125 0.045312500000000006
4 0.8132812500000001 0.7601562500000001 0.1203125 0.0578125
4 0.8445312500000001 0.7578125 0.08281250000000001 0.043750000000000004
3 0.8695312500000001 0.7484375000000001 0.0859375 0.03125
3 0.8539062500000001 0.7375 0.1015625 0.037500000000000006
3 0.8703125 0.73046875 0.1 0.0328125
3 0.9046875000000001 0.72265625 0.10312500000000001 0.0328125
3 0.90625 0.7132812500000001 0.096875 0.029687500000000002
3 0.8992187500000001 0.70625 0.0890625 0.028125
4 0.9125000000000001 0.69921875 0.078125 0.035937500000000004
