0 0.70625 0.62890625 0.0125 0.029687500000000002
0 0.5515625000000001 0.6109375 0.0125 0.037500000000000006
0 0.56171875 0.60859375 0.0140625 0.0328125
3 0.5476562500000001 0.48125 0.060937500000000006 0.025
3 0.47734375 0.7039062500000001 0.0578125 0.0484375
0 0.29375 0.81171875 0.018750000000000003 0.045312500000000006
0 0.29765625 0.8921875 0.0203125 0.046875
0 0.38046875 0.8656250000000001 0.0140625 0.043750000000000004
0 0.43281250000000004 0.8796875000000001 0.015625 0.043750000000000004
0 0.44140625 0.9382812500000001 0.0171875 0.0484375
2 0.30859375 0.921875 0.045312500000000006 0.028125
2 0.3171875 0.94296875 0.046875 0.0328125
3 0.5203125000000001 0.9484375 0.1125 0.05625
3 0.496875 0.9109375000000001 0.115625 0.05625
3 0.6468750000000001 0.953125 0.08125 0.05625
3 0.6171875 0.8796875000000001 0.09062500000000001 0.078125
0 0.34296875000000004 0.7578125 0.0203125 0.040625
3 0.3796875 0.74375 0.1125 0.040625
