3 0.29140625000000003 0.43593750000000003 0.1015625 0.05
3 0.1921875 0.540625 0.1375 0.084375
3 0.66953125 0.37343750000000003 0.09843750000000001 0.06875
3 0.7937500000000001 0.37734375000000003 0.08750000000000001 0.051562500000000004
3 0.88046875 0.25546875 0.0703125 0.0328125
3 0.95859375 0.25234375000000003 0.0765625 0.035937500000000004
3 0.46640625 0.9296875 0.1046875 0.0625
3 0.58203125 0.95859375 0.1171875 0.0546875
3 0.765625 0.665625 0.09375 0.06875
3 0.8171875000000001 0.59609375 0.08750000000000001 0.06406250000000001
8 0.80390625 0.7453125 0.2734375 0.19062500000000002
0 0.40546875000000004 0.9296875 0.0203125 0.034375
0 0.61328125 0.9328125 0.0171875 0.03125
3 0.29453125 0.328125 0.0703125 0.03125
3 0.2578125 0.30234375 0.065625 0.029687500000000002
3 0.010937500000000001 0.29765625 0.018750000000000003 0.0328125
3 0.0390625 0.29296875 0.028125 0.029687500000000002
3 0.0734375 0.284375 0.034375 0.03125
3 0.11015625000000001 0.2734375 0.0328125 0.034375
3 0.14375000000000002 0.2734375 0.028125 0.037500000000000006
3 0.17578125 0.2625 0.0328125 0.03125
3 0.20390625 0.259375 0.0328125 0.034375
3 0.23125 0.25078125 0.03125 0.035937500000000004
3 0.28046875 0.19453125000000002 0.051562500000000004 0.0328125
3 0.153125 0.21328125 0.043750000000000004 0.026562500000000003
3 0.171875 0.20546875 0.043750000000000004 0.026562500000000003
3 0.12578125 0.1921875 0.051562500000000004 0.034375
3 0.05390625 0.08828125 0.0390625 0.035937500000000004
3 0.91953125 0.20703125 0.0546875 0.026562500000000003
