3 0.16484375 0.71015625 0.11406250000000001 0.1171875
3 0.21875 0.6953125 0.09375 0.09375
4 0.28515625 0.67109375 0.09531250000000001 0.1078125
3 0.359375 0.62890625 0.09375 0.0859375
3 0.4 0.5875 0.09062500000000001 0.08750000000000001
3 0.3984375 0.52890625 0.08125 0.0734375
3 0.44140625 0.51875 0.0921875 0.09062500000000001
3 0.47109375000000003 0.49062500000000003 0.08281250000000001 0.078125
3 0.50703125 0.45937500000000003 0.08281250000000001 0.07500000000000001
3 0.546875 0.44453125000000004 0.08750000000000001 0.0734375
3 0.59140625 0.40937500000000004 0.0921875 0.078125
3 0.62421875 0.38515625000000003 0.0890625 0.0671875
3 0.65625 0.35390625000000003 0.08750000000000001 0.0703125
3 0.640625 0.465625 0.09062500000000001 0.07187500000000001
3 0.7390625000000001 0.38125000000000003 0.078125 0.07187500000000001
3 0.6820312500000001 0.3328125 0.0859375 0.06875
3 0.7976562500000001 0.33906250000000004 0.0671875 0.059375000000000004
3 0.83515625 0.2890625 0.0765625 0.06875
3 0.853125 0.26796875000000003 0.078125 0.060937500000000006
3 0.8757812500000001 0.2515625 0.0765625 0.059375000000000004
3 0.7367187500000001 0.29765625 0.07968750000000001 0.06406250000000001
3 0.7015625000000001 0.30546875 0.084375 0.07968750000000001
