3 0.32890625 0.45937500000000003 0.0734375 0.09062500000000001
0 0.05 0.43984375000000003 0.015625 0.0421875
0 0.06015625 0.40234375 0.010937500000000001 0.0390625
0 0.07265625 0.41015625 0.0140625 0.0390625
0 0.1265625 0.359375 0.015625 0.043750000000000004
0 0.20703125 0.01015625 0.010937500000000001 0.0171875
0 0.43281250000000004 0.41484375 0.021875000000000002 0.0421875
0 0.44296875 0.45 0.0203125 0.028125
0 0.6781250000000001 0.56796875 0.028125 0.0484375
0 0.9453125 0.6421875 0.037500000000000006 0.046875
0 0.9640625 0.6726562500000001 0.034375 0.045312500000000006
0 0.971875 0.6546875000000001 0.043750000000000004 0.043750000000000004
