3 0.88046875 0.42578125 0.0328125 0.035937500000000004
3 0.9484375 0.53671875 0.037500000000000006 0.0546875
3 0.946875 0.22421875000000002 0.028125 0.026562500000000003
3 0.94296875 0.17265625 0.0234375 0.026562500000000003
3 0.9796875 0.16328125000000002 0.021875000000000002 0.026562500000000003
3 0.978125 0.12187500000000001 0.018750000000000003 0.021875000000000002
3 0.92578125 0.0765625 0.0171875 0.025
5 0.8539062500000001 0.18515625000000002 0.026562500000000003 0.051562500000000004
8 0.8390625 0.32343750000000004 0.046875 0.096875
0 0.6531250000000001 0.8921875 0.015625 0.03125
0 0.6421875 0.8851562500000001 0.015625 0.0328125
