3 0.0390625 0.12265625000000001 0.040625 0.06406250000000001
0 0.56484375 0.51015625 0.0140625 0.029687500000000002
0 0.63828125 0.51796875 0.0234375 0.029687500000000002
0 0.6953125 0.49843750000000003 0.015625 0.03125
0 0.5320312500000001 0.453125 0.0203125 0.025
0 0.509375 0.4421875 0.0125 0.025
0 0.1546875 0.5 0.015625 0.025
0 0.1640625 0.46484375 0.0125 0.0203125
0 0.853125 0.29453125 0.0125 0.0203125
0 0.8851562500000001 0.17265625 0.0140625 0.0234375
0 0.8812500000000001 0.146875 0.015625 0.028125
0 0.8921875 0.2171875 0.0125 0.028125
0 0.9070312500000001 0.17265625 0.0171875 0.026562500000000003
0 0.9171875 0.178125 0.009375000000000001 0.021875000000000002
0 0.9398437500000001 0.3171875 0.010937500000000001 0.025
0 0.93125 0.25390625 0.0125 0.035937500000000004
0 0.9304687500000001 0.15625 0.010937500000000001 0.028125
0 0.95859375 0.52890625 0.026562500000000003 0.0203125
0 0.95703125 0.51171875 0.026562500000000003 0.0140625
0 0.9515625000000001 0.3203125 0.015625 0.028125
0 0.9304687500000001 0.22968750000000002 0.0140625 0.025
0 0.90234375 0.20546875 0.0171875 0.0203125
0 0.93515625 0.1765625 0.010937500000000001 0.021875000000000002
0 0.94140625 0.21484375 0.010937500000000001 0.026562500000000003
0 0.94140625 0.1375 0.010937500000000001 0.028125
0 0.9398437500000001 0.15000000000000002 0.0140625 0.025
0 0.93515625 0.11328125 0.0171875 0.0171875
0 0.93359375 0.07890625000000001 0.0203125 0.0171875
0 0.4109375 0.018750000000000003 0.015625 0.028125
0 0.46640625 0.7734375 0.0171875 0.028125
0 0.44843750000000004 0.7734375 0.015625 0.03125
