3 0.39375000000000004 0.628125 0.18125000000000002 0.09375
0 0.31171875000000004 0.7375 0.0328125 0.043750000000000004
0 0.56875 0.4421875 0.021875000000000002 0.043750000000000004
0 0.33359375 0.759375 0.0328125 0.043750000000000004
0 0.503125 0.7195312500000001 0.043750000000000004 0.045312500000000006
4 0.5867187500000001 0.3125 0.1640625 0.10312500000000001
3 0.38671875 0.246875 0.15781250000000002 0.096875
5 0.20390625 0.1453125 0.2015625 0.146875
0 0.0859375 0.08125 0.015625 0.043750000000000004
0 0.096875 0.07578125000000001 0.015625 0.0421875
3 0.77109375 0.24531250000000002 0.08281250000000001 0.084375
3 0.84375 0.2765625 0.059375000000000004 0.084375
3 0.51796875 0.1484375 0.07968750000000001 0.07187500000000001
3 0.44843750000000004 0.12812500000000002 0.07500000000000001 0.07500000000000001
3 0.37890625 0.109375 0.0734375 0.07500000000000001
3 0.32656250000000003 0.08750000000000001 0.08125 0.084375
3 0.2625 0.06406250000000001 0.078125 0.07500000000000001
3 0.9359375000000001 0.049218750000000006 0.12812500000000002 0.07968750000000001
