3 0.2078125 0.9242187500000001 0.05 0.08281250000000001
3 0.2625 0.93359375 0.043750000000000004 0.0765625
4 0.37578125 0.9125000000000001 0.0859375 0.10312500000000001
3 0.42500000000000004 0.8890625000000001 0.06875 0.08750000000000001
3 0.465625 0.8703125 0.07187500000000001 0.096875
5 0.525 0.8460937500000001 0.12187500000000001 0.15156250000000002
3 0.56796875 0.821875 0.0734375 0.09062500000000001
4 0.60546875 0.79609375 0.0859375 0.1015625
3 0.6507812500000001 0.7765625 0.06406250000000001 0.08125
3 0.71640625 0.6781250000000001 0.09843750000000001 0.0625
3 0.5015625 0.5984375000000001 0.1 0.065625
3 0.32890625 0.6609375000000001 0.0703125 0.08750000000000001
3 0.27890625 0.6492187500000001 0.060937500000000006 0.0703125
3 0.234375 0.6328125 0.065625 0.08125
3 0.1875 0.61640625 0.06875 0.0890625
3 0.14140625 0.6000000000000001 0.0578125 0.07500000000000001
8 0.2859375 0.5109375 0.09375 0.06875
