4 0.80859375 0.80859375 0.2765625 0.1796875
4 0.8695312500000001 0.27578125000000003 0.17343750000000002 0.26406250000000003
4 0.75546875 0.9125000000000001 0.29531250000000003 0.17500000000000002
3 0.6218750000000001 0.19375 0.15937500000000002 0.234375
3 0.73984375 0.234375 0.1421875 0.21875
3 0.33515625000000004 0.6140625000000001 0.2703125 0.178125
3 0.30234375 0.7578125 0.26406250000000003 0.178125
3 0.2421875 0.88203125 0.265625 0.15781250000000002
3 0.19765625 0.95859375 0.2515625 0.08281250000000001
0 0.07109375 0.21015625000000002 0.0390625 0.0390625
