0 0.09375 0.50625 0.0125 0.0125
0 0.29140625000000003 0.59140625 0.0078125 0.0078125
0 0.29531250000000003 0.6000000000000001 0.009375000000000001 0.009375000000000001
3 0.032031250000000004 0.14921875 0.0234375 0.0484375
3 0.06484375 0.1484375 0.0234375 0.053125000000000006
3 0.09296875 0.15781250000000002 0.026562500000000003 0.05
4 0.12734375 0.14453125 0.0234375 0.045312500000000006
3 0.18125000000000002 0.1609375 0.025 0.05
3 0.22578125000000002 0.17265625 0.0328125 0.0546875
3 0.403125 0.209375 0.025 0.05625
0 0.3125 0.13671875 0.0125 0.0203125
0 0.31093750000000003 0.14375000000000002 0.00625 0.009375000000000001
0 0.47109375000000003 0.2671875 0.0078125 0.015625
0 0.48125 0.2671875 0.00625 0.0125
0 0.525 0.15546875000000002 0.009375000000000001 0.0140625
0 0.5359375000000001 0.15234375 0.009375000000000001 0.010937500000000001
0 0.5375 0.115625 0.00625 0.015625
0 0.534375 0.11093750000000001 0.00625 0.0125
0 0.5453125 0.0625 0.009375000000000001 0.015625
0 0.546875 0.0546875 0.009375000000000001 0.0125
0 0.14140625 0.98203125 0.0078125 0.0140625
0 0.14765625000000002 0.9859375 0.010937500000000001 0.009375000000000001
0 0.13203125000000002 0.99375 0.0078125 0.009375000000000001
9 0.984375 0.6359375 0.015625 0.025
0 0.93359375 0.63671875 0.0203125 0.0203125
