1 0.0234375 0.8757812500000001 0.021875000000000002 0.035937500000000004
9 0.0234375 0.8851562500000001 0.025 0.0421875
9 0.06406250000000001 0.85859375 0.043750000000000004 0.0328125
0 0.025781250000000002 0.70859375 0.0171875 0.0390625
9 0.06328125 0.6875 0.0328125 0.03125
9 0.055468750000000004 0.6703125000000001 0.029687500000000002 0.025
9 0.00703125 0.515625 0.0140625 0.018750000000000003
1 0.0078125 0.5078125 0.009375000000000001 0.025
7 0.047656250000000004 0.509375 0.0328125 0.037500000000000006
9 0.06875 0.49453125000000003 0.021875000000000002 0.0140625
9 0.0671875 0.48828125 0.018750000000000003 0.0140625
9 0.06640625 0.48125 0.010937500000000001 0.015625
0 0.057031250000000006 0.47187500000000004 0.010937500000000001 0.021875000000000002
6 0.0734375 0.44843750000000004 0.043750000000000004 0.018750000000000003
6 0.02734375 0.39765625000000004 0.0171875 0.0234375
7 0.060937500000000006 0.4 0.034375 0.025
7 0.040625 0.38828125 0.043750000000000004 0.026562500000000003
7 0.0421875 0.38515625000000003 0.03125 0.026562500000000003
0 0.0421875 0.371875 0.00625 0.018750000000000003
0 0.028125 0.37109375 0.009375000000000001 0.0203125
0 0.026562500000000003 0.36484375 0.009375000000000001 0.0203125
1 0.0078125 0.35000000000000003 0.00625 0.015625
9 0.00703125 0.35000000000000003 0.010937500000000001 0.018750000000000003
1 0.0023437500000000003 0.24921875000000002 0.004687500000000001 0.0078125
1 0.00703125 0.22734375 0.004687500000000001 0.010937500000000001
1 0.0078125 0.215625 0.003125 0.00625
9 0.00859375 0.2171875 0.004687500000000001 0.009375000000000001
9 0.0078125 0.23046875 0.00625 0.0078125
9 0.0023437500000000003 0.2515625 0.004687500000000001 0.0125
