3 0.140625 0.8304687500000001 0.240625 0.1640625
3 0.53125 0.6984375 0.21875 0.134375
3 0.9031250000000001 0.565625 0.17500000000000002 0.10312500000000001
3 0.66171875 0.5375 0.1640625 0.10625000000000001
3 0.7015625000000001 0.3953125 0.146875 0.065625
3 0.26953125 0.44296875 0.15781250000000002 0.0734375
4 0.515625 0.4140625 0.134375 0.078125
3 0.859375 0.434375 0.153125 0.10625000000000001
3 0.8921875 0.36640625000000004 0.13125 0.0671875
0 0.8625 0.890625 0.053125000000000006 0.084375
0 0.9453125 0.8140625 0.040625 0.078125
0 0.98046875 0.8328125000000001 0.0390625 0.078125
0 0.59609375 0.23359375000000002 0.026562500000000003 0.0546875
0 0.0765625 0.17265625 0.021875000000000002 0.0328125
0 0.11484375000000001 0.2671875 0.026562500000000003 0.0625
6 0.88046875 0.24375000000000002 0.11093750000000001 0.053125000000000006
6 0.9671875000000001 0.22265625 0.037500000000000006 0.051562500000000004
1 0.9460937500000001 0.21406250000000002 0.0171875 0.034375
1 0.22968750000000002 0.25625000000000003 0.015625 0.037500000000000006
2 0.23515625 0.275 0.060937500000000006 0.040625
0 0.56875 0.23046875 0.021875000000000002 0.0546875
0 0.43593750000000003 0.259375 0.028125 0.05625
