3 0.8226562500000001 0.89609375 0.0703125 0.0859375
3 0.946875 0.75546875 0.043750000000000004 0.060937500000000006
4 0.4421875 0.6195312500000001 0.07187500000000001 0.0328125
4 0.6859375000000001 0.5703125 0.08125 0.040625
3 0.4765625 0.6039062500000001 0.065625 0.029687500000000002
4 0.7054687500000001 0.45234375000000004 0.0546875 0.0234375
5 0.9359375000000001 0.54140625 0.07187500000000001 0.1015625
5 0.73203125 0.7601562500000001 0.0390625 0.045312500000000006
9 0.5750000000000001 0.890625 0.015625 0.040625
9 0.765625 0.88671875 0.021875000000000002 0.045312500000000006
9 0.56015625 0.890625 0.0140625 0.034375
1 0.7609375 0.88203125 0.015625 0.0328125
9 0.7679687500000001 0.8914062500000001 0.0234375 0.0328125
0 0.73359375 0.7429687500000001 0.010937500000000001 0.0234375
3 0.78828125 0.42265625 0.0390625 0.0171875
3 0.84375 0.45234375000000004 0.043750000000000004 0.0171875
3 0.859375 0.44375000000000003 0.034375 0.015625
3 0.87109375 0.42812500000000003 0.045312500000000006 0.021875000000000002
3 0.8601562500000001 0.42265625 0.0390625 0.0203125
3 0.8921875 0.42031250000000003 0.037500000000000006 0.021875000000000002
3 0.9125000000000001 0.35000000000000003 0.028125 0.0125
3 0.9703125 0.321875 0.021875000000000002 0.0125
5 0.9015625 0.41171875 0.037500000000000006 0.0234375
5 0.9476562500000001 0.41796875 0.06406250000000001 0.029687500000000002
5 0.9203125000000001 0.453125 0.10312500000000001 0.05
0 0.7515625 0.44062500000000004 0.00625 0.015625
9 0.3953125 0.63203125 0.021875000000000002 0.0203125
