8 0.19609375 0.11093750000000001 0.1078125 0.046875
0 0.27890625 0.11328125 0.010937500000000001 0.010937500000000001
0 0.22578125000000002 0.17500000000000002 0.010937500000000001 0.0125
0 0.3671875 0.19062500000000002 0.00625 0.009375000000000001
0 0.37812500000000004 0.19140625 0.00625 0.0078125
0 0.41718750000000004 0.2 0.00625 0.0125
0 0.4234375 0.20234375000000002 0.00625 0.010937500000000001
0 0.3359375 0.1859375 0.00625 0.0125
0 0.34453125 0.184375 0.004687500000000001 0.009375000000000001
4 0.2578125 0.3171875 0.037500000000000006 0.025
4 0.06171875 0.33671875 0.0421875 0.026562500000000003
4 0.08281250000000001 0.48203125 0.037500000000000006 0.026562500000000003
5 0.02890625 0.36796875 0.0578125 0.051562500000000004
8 0.07187500000000001 0.55234375 0.109375 0.0859375
8 0.43203125000000003 0.7429687500000001 0.1328125 0.0578125
3 0.296875 0.59140625 0.043750000000000004 0.026562500000000003
3 0.515625 0.49843750000000003 0.037500000000000006 0.025
4 0.53125 0.27187500000000003 0.043750000000000004 0.025
5 0.5140625 0.2390625 0.06875 0.034375
0 0.6078125000000001 0.1453125 0.00625 0.0125
0 0.61484375 0.1484375 0.004687500000000001 0.015625
3 0.7921875 0.86640625 0.028125 0.0546875
8 0.859375 0.9554687500000001 0.037500000000000006 0.0859375
4 0.8757812500000001 0.8406250000000001 0.026562500000000003 0.0625
4 0.8875000000000001 0.74140625 0.025 0.0578125
4 0.89765625 0.6671875 0.026562500000000003 0.05625
3 0.70078125 0.6507812500000001 0.0484375 0.0203125
3 0.7171875000000001 0.5 0.034375 0.018750000000000003
4 0.7835937500000001 0.37343750000000003 0.0328125 0.018750000000000003
3 0.8367187500000001 0.37734375000000003 0.0390625 0.0203125
3 0.9125000000000001 0.578125 0.025 0.046875
4 0.92109375 0.50703125 0.0234375 0.045312500000000006
3 0.89765625 0.2484375 0.0203125 0.034375
3 0.953125 0.25390625 0.018750000000000003 0.035937500000000004
3 0.9265625000000001 0.0671875 0.018750000000000003 0.028125
3 0.9453125 0.1453125 0.018750000000000003 0.034375
3 0.9851562500000001 0.015625 0.0171875 0.03125
