4 0.24140625000000002 0.525 0.1765625 0.146875
3 0.6726562500000001 0.45546875000000003 0.21406250000000002 0.1765625
3 0.39921875 0.66171875 0.2015625 0.1765625
3 0.46875 0.5789062500000001 0.19062500000000002 0.1609375
3 0.5265625 0.4921875 0.1875 0.178125
3 0.6578125 0.3125 0.184375 0.16875
3 0.7171875000000001 0.2421875 0.203125 0.171875
3 0.78671875 0.16484375 0.1921875 0.17343750000000002
3 0.846875 0.07968750000000001 0.19375 0.15937500000000002
3 0.8265625000000001 0.65625 0.17500000000000002 0.184375
3 0.909375 0.7140625 0.17500000000000002 0.19687500000000002
3 0.41953125 0.88671875 0.15156250000000002 0.1921875
1 0.115625 0.45546875000000003 0.034375 0.0328125
1 0.1546875 0.25 0.025 0.040625
2 0.15937500000000002 0.25546875 0.05625 0.0578125
0 0.08125 0.7640625000000001 0.021875000000000002 0.025
7 0.05 0.7421875 0.065625 0.11875000000000001
0 0.24140625000000002 0.91015625 0.0171875 0.035937500000000004
0 0.30546875 0.8250000000000001 0.0203125 0.034375
0 0.3171875 0.72265625 0.034375 0.0328125
0 0.25 0.65390625 0.021875000000000002 0.029687500000000002
0 0.5265625 0.74375 0.025 0.025
0 0.8 0.53828125 0.03125 0.029687500000000002
0 0.84140625 0.54140625 0.035937500000000004 0.0328125
