9 0.2625 0.978125 0.05625 0.034375
2 0.8453125 0.9148437500000001 0.046875 0.0328125
9 0.76328125 0.9226562500000001 0.0484375 0.0234375
0 0.76171875 0.90546875 0.0171875 0.0421875
0 0.7734375 0.89609375 0.021875000000000002 0.0484375
0 0.8382812500000001 0.88984375 0.0171875 0.0421875
9 0.8695312500000001 0.884375 0.0328125 0.025
9 0.553125 0.9242187500000001 0.0625 0.0390625
3 0.90390625 0.91953125 0.1078125 0.0546875
0 0.9382812500000001 0.9382812500000001 0.0171875 0.0421875
0 0.9554687500000001 0.940625 0.0234375 0.043750000000000004
