3 0.72265625 0.8 0.06406250000000001 0.125
0 0.37343750000000003 0.9226562500000001 0.021875000000000002 0.0421875
0 0.35703125 0.8703125 0.0234375 0.05
2 0.421875 0.9007812500000001 0.037500000000000006 0.045312500000000006
2 0.41328125000000004 0.9828125000000001 0.051562500000000004 0.025
9 0.36562500000000003 0.8656250000000001 0.025 0.046875
9 0.31796875 0.7578125 0.0421875 0.053125000000000006
9 0.28203125 0.7390625000000001 0.051562500000000004 0.03125
0 0.29531250000000003 0.8140625 0.015625 0.043750000000000004
4 0.2734375 0.59375 0.11875000000000001 0.065625
4 0.12265625000000001 0.62421875 0.1203125 0.0734375
3 0.0765625 0.24453125 0.05625 0.060937500000000006
3 0.13593750000000002 0.25859375 0.0625 0.0734375
4 0.8070312500000001 0.24921875000000002 0.0390625 0.0421875
3 0.5140625 0.44375000000000003 0.053125000000000006 0.08750000000000001
3 0.51953125 0.3171875 0.0484375 0.078125
4 0.52890625 0.23515625 0.0484375 0.0671875
4 0.5375 0.09921875000000001 0.043750000000000004 0.060937500000000006
