0 0.09140625000000001 0.53046875 0.0234375 0.0328125
0 0.1484375 0.540625 0.028125 0.028125
0 0.20234375000000002 0.55234375 0.026562500000000003 0.029687500000000002
0 0.12421875 0.69921875 0.035937500000000004 0.0203125
0 0.77109375 0.58828125 0.026562500000000003 0.0328125
0 0.9242187500000001 0.5796875 0.0390625 0.028125
0 0.5632812500000001 0.4890625 0.026562500000000003 0.03125
0 0.6843750000000001 0.4921875 0.028125 0.03125
0 0.39375000000000004 0.4140625 0.021875000000000002 0.040625
0 0.39921875 0.08671875000000001 0.0328125 0.0390625
