4 0.21953125 0.28671875 0.0859375 0.18906250000000002
4 0.22265625 0.49531250000000004 0.13593750000000002 0.18125000000000002
3 0.215625 0.67578125 0.1375 0.1765625
0 0.13593750000000002 0.8093750000000001 0.021875000000000002 0.040625
0 0.15234375 0.81171875 0.0171875 0.0234375
3 0.18359375 0.05 0.0890625 0.096875
5 0.4609375 0.3921875 0.21875 0.1375
0 0.721875 0.96875 0.018750000000000003 0.03125
0 0.7859375000000001 0.8914062500000001 0.059375000000000004 0.029687500000000002
0 0.853125 0.9671875000000001 0.037500000000000006 0.028125
