0 0.65234375 0.971875 0.0703125 0.040625
1 0.9671875000000001 0.18515625000000002 0.025 0.0203125
2 0.9695312500000001 0.18906250000000002 0.026562500000000003 0.025
3 0.984375 0.0734375 0.03125 0.028125
3 0.9375 0.053125000000000006 0.025 0.025
7 0.89609375 0.065625 0.0203125 0.021875000000000002
3 0.9851562500000001 0.035937500000000004 0.026562500000000003 0.025
3 0.9593750000000001 0.025 0.025 0.025
3 0.940625 0.02109375 0.021875000000000002 0.0203125
3 0.91796875 0.009375000000000001 0.0203125 0.018750000000000003
3 0.9085937500000001 0.0078125 0.0171875 0.0125
3 0.8921875 0.00859375 0.015625 0.0140625
