3 0.1765625 0.696875 0.22812500000000002 0.2625
3 0.371875 0.44765625000000003 0.1875 0.20468750000000002
0 0.39765625000000004 0.32421875 0.0421875 0.08281250000000001
3 0.53515625 0.2625 0.1484375 0.13125
0 0.80859375 0.51328125 0.0734375 0.1015625
0 0.8578125000000001 0.41796875 0.059375000000000004 0.0859375
3 0.8812500000000001 0.13125 0.10312500000000001 0.12812500000000002
3 0.9304687500000001 0.045312500000000006 0.1390625 0.0625
3 0.9421875000000001 0.08515625 0.115625 0.0765625
3 0.1078125 0.0578125 0.134375 0.09375
