8 0.2578125 0.69453125 0.125 0.20468750000000002
8 0.3125 0.69453125 0.10312500000000001 0.1546875
8 0.33906250000000004 0.9078125 0.125 0.184375
8 0.40468750000000003 0.8828125 0.10625000000000001 0.15937500000000002
8 0.50546875 0.9617187500000001 0.0765625 0.0765625
8 0.51328125 0.7367187500000001 0.1203125 0.1796875
3 0.45546875000000003 0.753125 0.0578125 0.07500000000000001
3 0.5953125 0.96875 0.059375000000000004 0.059375000000000004
3 0.48750000000000004 0.54921875 0.065625 0.08281250000000001
3 0.5476562500000001 0.5328125 0.060937500000000006 0.084375
0 0.84296875 0.06328125 0.026562500000000003 0.0390625
0 0.8773437500000001 0.06484375 0.029687500000000002 0.0390625
0 0.84765625 0.0890625 0.026562500000000003 0.025
0 0.86875 0.11796875000000001 0.025 0.0328125
0 0.8765625 0.16953125000000002 0.021875000000000002 0.035937500000000004
4 0.95078125 0.9328125 0.07968750000000001 0.09375
