4 0.1859375 0.42500000000000004 0.021875000000000002 0.040625
4 0.10312500000000001 0.4921875 0.059375000000000004 0.03125
4 0.31640625 0.3953125 0.0234375 0.037500000000000006
4 0.32343750000000004 0.21953125 0.015625 0.0203125
4 0.24140625000000002 0.18906250000000002 0.0171875 0.018750000000000003
4 0.32343750000000004 0.17578125 0.015625 0.0171875
8 0.29531250000000003 0.19296875000000002 0.021875000000000002 0.051562500000000004
8 0.4578125 0.3125 0.03125 0.078125
8 0.15234375 0.8453125 0.0671875 0.1875
4 0.2859375 0.9007812500000001 0.037500000000000006 0.0671875
3 0.28984375 0.2671875 0.0171875 0.025
3 0.32109375 0.25859375 0.0203125 0.026562500000000003
3 0.3765625 0.13359375 0.015625 0.0171875
3 0.35703125 0.022656250000000003 0.010937500000000001 0.0140625
3 0.30703125000000003 0.1390625 0.010937500000000001 0.015625
3 0.25 0.1484375 0.015625 0.0125
3 0.2625 0.1046875 0.009375000000000001 0.015625
3 0.28046875 0.08203125 0.0140625 0.0140625
8 0.43593750000000003 0.146875 0.021875000000000002 0.05
