4 0.31796875 0.8148437500000001 0.0171875 0.035937500000000004
8 0.40937500000000004 0.7820312500000001 0.028125 0.0921875
8 0.4609375 0.7210937500000001 0.025 0.0859375
3 0.35000000000000003 0.5875 0.015625 0.025
3 0.44843750000000004 0.48203125 0.015625 0.0203125
5 0.37734375000000003 0.4140625 0.0234375 0.06875
4 0.43281250000000004 0.4078125 0.015625 0.028125
3 0.453125 0.42421875000000003 0.015625 0.0203125
3 0.465625 0.39140625 0.0125 0.0203125
3 0.46953125 0.33828125000000003 0.0140625 0.026562500000000003
3 0.45234375000000004 0.34453125 0.0140625 0.029687500000000002
3 0.45859375 0.27968750000000003 0.0140625 0.025
8 0.44375000000000003 0.24531250000000002 0.015625 0.03125
3 0.39375000000000004 0.23125 0.015625 0.015625
3 0.37812500000000004 0.23593750000000002 0.015625 0.015625
3 0.37578125 0.2171875 0.0140625 0.015625
3 0.37578125 0.20390625 0.010937500000000001 0.0140625
3 0.38828125 0.20234375000000002 0.010937500000000001 0.0140625
3 0.43281250000000004 0.21171875 0.015625 0.0140625
3 0.45234375000000004 0.20703125 0.0140625 0.0140625
3 0.421875 0.1765625 0.015625 0.018750000000000003
3 0.43828125 0.15859375 0.010937500000000001 0.0171875
8 0.48828125 0.13046875 0.0546875 0.026562500000000003
3 0.38359375 0.1875 0.0140625 0.0125
3 0.37109375 0.18906250000000002 0.0140625 0.015625
3 0.35546875 0.1953125 0.010937500000000001 0.0125
3 0.35468750000000004 0.18125000000000002 0.015625 0.0125
5 0.36640625000000004 0.16796875 0.0171875 0.0203125
3 0.38125000000000003 0.16953125000000002 0.0125 0.0171875
3 0.35078125000000004 0.16640625 0.010937500000000001 0.010937500000000001
5 0.328125 0.13593750000000002 0.034375 0.021875000000000002
3 0.36484375 0.13515625 0.0203125 0.0140625
3 0.39296875000000003 0.096875 0.0140625 0.015625
3 0.37265625 0.08750000000000001 0.0140625 0.015625
3 0.36562500000000003 0.07578125000000001 0.0125 0.0140625
3 0.35625 0.0625 0.0125 0.0125
3 0.35625 0.047656250000000004 0.015625 0.0140625
3 0.34296875000000004 0.030468750000000003 0.0140625 0.0140625
3 0.01640625 0.56015625 0.0171875 0.0203125
