4 0.7671875 0.29609375 0.037500000000000006 0.0203125
3 0.690625 0.43203125000000003 0.043750000000000004 0.0234375
3 0.728125 0.38984375000000004 0.043750000000000004 0.0234375
3 0.73359375 0.37890625 0.0484375 0.0203125
3 0.7390625000000001 0.36640625000000004 0.05 0.0203125
3 0.728125 0.35781250000000003 0.05 0.015625
3 0.7406250000000001 0.34921875 0.043750000000000004 0.0171875
3 0.45 0.5546875 0.043750000000000004 0.040625
3 0.40546875000000004 0.54296875 0.045312500000000006 0.029687500000000002
3 0.27421875 0.521875 0.0546875 0.025
3 0.2921875 0.55859375 0.03125 0.0328125
3 0.15859375 0.7312500000000001 0.0859375 0.03125
3 0.19921875 0.68125 0.0703125 0.025
3 0.18125000000000002 0.70234375 0.08125 0.029687500000000002
4 0.27421875 0.62109375 0.08281250000000001 0.0328125
0 0.3671875 0.5945312500000001 0.015625 0.026562500000000003
8 0.8539062500000001 0.18203125 0.026562500000000003 0.0328125
