0 0.16718750000000002 0.8140625 0.053125000000000006 0.065625
0 0.2015625 0.753125 0.065625 0.07187500000000001
0 0.18906250000000002 0.5328125 0.053125000000000006 0.05625
2 0.30234375 0.50234375 0.0484375 0.1484375
1 0.30859375 0.509375 0.0578125 0.09062500000000001
9 0.10312500000000001 0.453125 0.078125 0.12187500000000001
1 0.09921875000000001 0.45546875000000003 0.0671875 0.06406250000000001
0 0.22968750000000002 0.359375 0.05625 0.065625
9 0.18359375 0.35000000000000003 0.0546875 0.084375
1 0.1875 0.35000000000000003 0.040625 0.043750000000000004
1 0.1015625 0.15546875000000002 0.028125 0.0203125
0 0.06796875000000001 0.096875 0.0484375 0.059375000000000004
3 0.61875 0.275 0.246875 0.39375000000000004
