3 0.3609375 0.4703125 0.08750000000000001 0.037500000000000006
4 0.0890625 0.4578125 0.1 0.053125000000000006
4 0.32265625000000003 0.33203125 0.0859375 0.0421875
3 0.8093750000000001 0.5593750000000001 0.08750000000000001 0.053125000000000006
3 0.8187500000000001 0.3828125 0.084375 0.040625
3 0.7992187500000001 0.35546875 0.07968750000000001 0.0390625
3 0.71015625 0.3296875 0.08281250000000001 0.037500000000000006
3 0.45390625 0.30390625000000004 0.08281250000000001 0.035937500000000004
3 0.31796875 0.3015625 0.07968750000000001 0.034375
3 0.46015625000000004 0.39765625000000004 0.08281250000000001 0.0390625
3 0.5578125 0.36562500000000003 0.08125 0.037500000000000006
3 0.69296875 0.35625 0.08281250000000001 0.037500000000000006
3 0.5906250000000001 0.3296875 0.08125 0.034375
3 0.55859375 0.29921875000000003 0.08281250000000001 0.0328125
3 0.4609375 0.33359375 0.08125 0.0421875
3 0.35390625000000003 0.36796875 0.07968750000000001 0.0421875
3 0.23984375000000002 0.40156250000000004 0.0921875 0.040625
3 0.23671875 0.36796875 0.0890625 0.045312500000000006
3 0.203125 0.33984375 0.07500000000000001 0.035937500000000004
5 0.2078125 0.30781250000000004 0.109375 0.046875
0 0.05390625 0.8382812500000001 0.0140625 0.0328125
0 0.296875 0.57421875 0.018750000000000003 0.029687500000000002
0 0.55078125 0.65234375 0.0171875 0.029687500000000002
0 0.5421875 0.6375000000000001 0.015625 0.03125
0 0.48750000000000004 0.6218750000000001 0.025 0.034375
0 0.20703125 0.55 0.0171875 0.028125
0 0.04296875 0.36328125 0.0140625 0.0203125
0 0.02734375 0.32265625000000003 0.0171875 0.026562500000000003
0 0.46484375 0.23593750000000002 0.010937500000000001 0.028125
0 0.87890625 0.62109375 0.0234375 0.0328125
0 0.8031250000000001 0.634375 0.025 0.03125
0 0.6234375000000001 0.5789062500000001 0.015625 0.0203125
0 0.7718750000000001 0.2546875 0.021875000000000002 0.018750000000000003
3 0.9187500000000001 0.35078125000000004 0.08750000000000001 0.0328125
3 0.8382812500000001 0.32421875 0.0859375 0.0328125
3 0.9390625 0.29296875 0.08125 0.0328125
4 0.9796875 0.31796875 0.040625 0.0390625
1 0.9859375 0.26171875 0.015625 0.0234375
9 0.98046875 0.26796875000000003 0.0328125 0.0171875
