5 0.10859375 0.6234375000000001 0.1390625 0.184375
3 0.08203125 0.5085937500000001 0.09843750000000001 0.1078125
3 0.209375 0.44609375 0.09062500000000001 0.1078125
3 0.1640625 0.3765625 0.08750000000000001 0.08750000000000001
3 0.290625 0.3046875 0.065625 0.078125
3 0.2625 0.23671875 0.065625 0.0671875
3 0.37265625 0.27578125000000003 0.0546875 0.06406250000000001
3 0.34296875000000004 0.20468750000000002 0.0484375 0.059375000000000004
3 0.3125 0.1640625 0.059375000000000004 0.05
3 0.25625000000000003 0.15078125 0.037500000000000006 0.045312500000000006
3 0.41171875 0.078125 0.045312500000000006 0.040625
1 0.6507812500000001 0.0203125 0.010937500000000001 0.015625
9 0.6492187500000001 0.032031250000000004 0.0078125 0.0171875
