0 0.037500000000000006 0.41484375 0.03125 0.0578125
3 0.032031250000000004 0.0703125 0.035937500000000004 0.018750000000000003
0 0.10234375000000001 0.9609375 0.0390625 0.078125
0 0.16562500000000002 0.9609375 0.040625 0.06875
0 0.25078125 0.9609375 0.0390625 0.07187500000000001
0 0.32421875 0.96484375 0.035937500000000004 0.0703125
0 0.39375000000000004 0.96484375 0.037500000000000006 0.0671875
0 0.9859375 0.66171875 0.028125 0.045312500000000006
0 0.81015625 0.534375 0.0328125 0.059375000000000004
0 0.48671875000000003 0.46484375 0.0234375 0.045312500000000006
0 0.465625 0.46015625000000004 0.021875000000000002 0.0484375
0 0.2609375 0.734375 0.040625 0.059375000000000004
0 0.42812500000000003 0.88671875 0.05625 0.0703125
0 0.34609375000000003 0.890625 0.051562500000000004 0.065625
0 0.2578125 0.8796875000000001 0.046875 0.059375000000000004
0 0.32265625000000003 0.8625 0.0390625 0.07187500000000001
0 0.23515625 0.853125 0.045312500000000006 0.0625
0 0.27265625 0.828125 0.0484375 0.06875
0 0.19609375 0.9148437500000001 0.035937500000000004 0.0578125
0 0.1859375 0.87890625 0.043750000000000004 0.0671875
0 0.15937500000000002 0.8460937500000001 0.037500000000000006 0.0734375
0 0.10859375 0.91953125 0.0484375 0.045312500000000006
0 0.09843750000000001 0.87890625 0.043750000000000004 0.060937500000000006
0 0.07109375 0.8539062500000001 0.0390625 0.0671875
0 0.08359375000000001 0.8054687500000001 0.0421875 0.0578125
