3 0.08281250000000001 0.8703125 0.115625 0.184375
9 0.19140625 0.6804687500000001 0.026562500000000003 0.0578125
3 0.14140625 0.6664062500000001 0.1046875 0.15781250000000002
3 0.1796875 0.52578125 0.096875 0.15156250000000002
3 0.22265625 0.40703125 0.0859375 0.1234375
0 0.153125 0.11484375000000001 0.021875000000000002 0.051562500000000004
3 0.29140625000000003 0.18906250000000002 0.06406250000000001 0.09062500000000001
3 0.721875 0.6859375000000001 0.08750000000000001 0.153125
3 0.71796875 0.5296875 0.0734375 0.13125
3 0.32265625000000003 0.11484375000000001 0.06406250000000001 0.09843750000000001
3 0.1265625 0.017968750000000002 0.13125 0.0328125
3 0.58046875 0.06640625 0.060937500000000006 0.0859375
1 0.37734375000000003 0.16484375 0.0234375 0.0328125
9 0.37734375000000003 0.18125000000000002 0.0171875 0.040625
5 0.50390625 0.03828125 0.0671875 0.0765625
