8 0.049218750000000006 0.36875 0.0765625 0.028125
8 0.04296875 0.4625 0.0234375 0.06875
8 0.06640625 0.534375 0.0921875 0.034375
8 0.0671875 0.52109375 0.09375 0.035937500000000004
5 0.24765625000000002 0.45625000000000004 0.0546875 0.028125
3 0.24609375 0.42421875000000003 0.0328125 0.0140625
4 0.24765625000000002 0.403125 0.029687500000000002 0.021875000000000002
4 0.246875 0.4109375 0.034375 0.018750000000000003
4 0.13671875 0.453125 0.0328125 0.015625
3 0.1296875 0.42890625000000004 0.03125 0.0140625
3 0.1296875 0.41875 0.034375 0.015625
5 0.75546875 0.11328125 0.0328125 0.0328125
5 0.72578125 0.16796875 0.0484375 0.026562500000000003
5 0.8054687500000001 0.08828125 0.0390625 0.0140625
5 0.9296875 0.0921875 0.043750000000000004 0.018750000000000003
5 0.9578125000000001 0.07578125000000001 0.025 0.0171875
0 0.5421875 0.4109375 0.00625 0.009375000000000001
0 0.5359375000000001 0.45703125 0.00625 0.010937500000000001
1 0.52578125 0.49140625000000004 0.010937500000000001 0.004687500000000001
0 0.45390625 0.4546875 0.004687500000000001 0.009375000000000001
0 0.47500000000000003 0.44843750000000004 0.003125 0.009375000000000001
1 0.48671875000000003 0.46015625000000004 0.004687500000000001 0.0078125
0 0.29140625000000003 0.40625 0.004687500000000001 0.00625
4 0.27890625 0.59765625 0.0390625 0.0171875
4 0.23515625 0.5953125 0.0390625 0.018750000000000003
3 0.1921875 0.59140625 0.037500000000000006 0.0171875
5 0.82578125 0.8671875 0.0890625 0.043750000000000004
5 0.70078125 0.859375 0.1171875 0.046875
5 0.33359375 0.884375 0.0484375 0.03125
3 0.328125 0.92109375 0.043750000000000004 0.026562500000000003
3 0.55703125 0.86640625 0.0484375 0.0171875
4 0.3984375 0.95703125 0.028125 0.045312500000000006
4 0.5632812500000001 0.91015625 0.0484375 0.026562500000000003
4 0.5578125 0.8890625000000001 0.043750000000000004 0.028125
