3 0.9304687500000001 0.078125 0.0328125 0.078125
3 0.7171875000000001 0.434375 0.037500000000000006 0.078125
3 0.38906250000000003 0.16718750000000002 0.07500000000000001 0.034375
3 0.27265625 0.10703125000000001 0.0421875 0.0734375
3 0.23046875 0.11093750000000001 0.0390625 0.07500000000000001
3 0.1921875 0.11093750000000001 0.037500000000000006 0.05625
3 0.11953125 0.171875 0.07968750000000001 0.037500000000000006
3 0.21328125 0.25390625 0.0765625 0.0328125
3 0.38828125 0.1234375 0.0765625 0.037500000000000006
3 0.15000000000000002 0.10312500000000001 0.037500000000000006 0.07500000000000001
3 0.109375 0.10234375000000001 0.043750000000000004 0.0765625
3 0.07265625 0.10234375000000001 0.0390625 0.0703125
4 0.3125 0.2578125 0.09375 0.040625
3 0.1203125 0.24531250000000002 0.08750000000000001 0.037500000000000006
3 0.51953125 0.8890625000000001 0.08281250000000001 0.040625
3 0.4 0.890625 0.08750000000000001 0.040625
5 0.55390625 0.784375 0.09843750000000001 0.040625
3 0.10859375 0.6468750000000001 0.0734375 0.034375
0 0.19296875000000002 0.6687500000000001 0.026562500000000003 0.0125
0 0.45390625 0.696875 0.0171875 0.0125
1 0.46640625 0.91015625 0.0203125 0.0203125
1 0.240625 0.8367187500000001 0.025 0.0171875
1 0.02421875 0.6937500000000001 0.0328125 0.0125
0 0.7890625 0.54140625 0.015625 0.010937500000000001
0 0.7601562500000001 0.37343750000000003 0.010937500000000001 0.0125
0 0.7390625000000001 0.4140625 0.015625 0.0125
0 0.7445312500000001 0.36875 0.010937500000000001 0.015625
0 0.58515625 0.28359375000000003 0.0171875 0.0140625
0 0.53125 0.1765625 0.015625 0.0125
9 0.75546875 0.93515625 0.026562500000000003 0.0203125
9 0.95703125 0.9515625000000001 0.026562500000000003 0.025
9 0.7351562500000001 0.84921875 0.035937500000000004 0.0234375
1 0.73359375 0.8460937500000001 0.026562500000000003 0.026562500000000003
1 0.75390625 0.93515625 0.0171875 0.0171875
1 0.95859375 0.95234375 0.0171875 0.0203125
