3 0.039843750000000004 0.24375000000000002 0.0484375 0.053125000000000006
3 0.1796875 0.0421875 0.07187500000000001 0.05
0 0.14140625 0.27968750000000003 0.0421875 0.05625
0 0.04296875 0.36953125000000003 0.0390625 0.06406250000000001
0 0.153125 0.446875 0.03125 0.0625
0 0.0890625 0.6570312500000001 0.040625 0.08281250000000001
9 0.20078125000000002 0.7390625000000001 0.060937500000000006 0.08750000000000001
0 0.203125 0.73046875 0.037500000000000006 0.0703125
3 0.0765625 0.21796875000000002 0.059375000000000004 0.0328125
3 0.10312500000000001 0.20546875 0.10312500000000001 0.035937500000000004
3 0.10234375000000001 0.18906250000000002 0.1046875 0.028125
3 0.12109375 0.16875 0.0671875 0.03125
3 0.27890625 0.23046875 0.0546875 0.0671875
3 0.27265625 0.18203125 0.0390625 0.0328125
3 0.2578125 0.15625 0.040625 0.040625
3 0.24609375 0.11953125 0.0390625 0.029687500000000002
3 0.23515625 0.09062500000000001 0.0328125 0.040625
3 0.421875 0.16562500000000002 0.043750000000000004 0.040625
0 0.40859375000000003 0.19062500000000002 0.0171875 0.040625
3 0.39453125 0.14375000000000002 0.0328125 0.040625
3 0.88671875 0.19843750000000002 0.0546875 0.053125000000000006
3 0.8578125000000001 0.26328125 0.0625 0.0546875
3 0.6125 0.30781250000000004 0.140625 0.059375000000000004
3 0.7273437500000001 0.3375 0.1046875 0.053125000000000006
3 0.60703125 0.4140625 0.1859375 0.053125000000000006
3 0.37031250000000004 0.49296875 0.19687500000000002 0.0671875
3 0.66171875 0.49765625 0.2078125 0.0765625
0 0.08750000000000001 0.33203125 0.021875000000000002 0.045312500000000006
0 0.16562500000000002 0.3375 0.025 0.05625
0 0.321875 0.27578125000000003 0.021875000000000002 0.0578125
0 0.38203125000000004 0.28750000000000003 0.0234375 0.05625
0 0.3375 0.18515625000000002 0.0125 0.035937500000000004
4 0.7765625 0.16875 0.07187500000000001 0.065625
8 0.6609375000000001 0.1484375 0.140625 0.11875000000000001
