3 0.15703125 0.7765625 0.1453125 0.140625
4 0.35000000000000003 0.74375 0.15000000000000002 0.19375
4 0.53671875 0.7578125 0.1328125 0.19062500000000002
3 0.7421875 0.77890625 0.184375 0.1328125
0 0.9203125000000001 0.66171875 0.046875 0.1046875
5 0.60859375 0.57265625 0.11406250000000001 0.13593750000000002
4 0.45937500000000003 0.5609375 0.096875 0.140625
0 0.11953125 0.5750000000000001 0.0421875 0.096875
3 0.07421875 0.16953125000000002 0.0546875 0.0421875
3 0.06796875000000001 0.12265625000000001 0.09843750000000001 0.035937500000000004
3 0.08828125 0.10703125000000001 0.0765625 0.0328125
3 0.11406250000000001 0.10234375000000001 0.09375 0.0328125
3 0.11640625 0.08984375 0.08281250000000001 0.0234375
4 0.115625 0.078125 0.08125 0.03125
5 0.16796875 0.057031250000000006 0.1046875 0.060937500000000006
4 0.17265625 0.2421875 0.1015625 0.05
4 0.14609375 0.21875 0.0703125 0.03125
4 0.28359375000000003 0.22812500000000002 0.15781250000000002 0.059375000000000004
4 0.309375 0.18359375 0.109375 0.0390625
3 0.22890625 0.1484375 0.0484375 0.040625
3 0.17500000000000002 0.19375 0.0625 0.028125
3 0.28359375000000003 0.10859375 0.0484375 0.0328125
4 0.30546875 0.08750000000000001 0.035937500000000004 0.046875
4 0.34218750000000003 0.15781250000000002 0.084375 0.034375
4 0.33046875000000003 0.14375000000000002 0.08281250000000001 0.028125
4 0.3515625 0.134375 0.059375000000000004 0.025
3 0.35781250000000003 0.1203125 0.096875 0.03125
4 0.3671875 0.1046875 0.078125 0.028125
2 0.7921875 0.546875 0.059375000000000004 0.0625
2 0.8460937500000001 0.5515625000000001 0.029687500000000002 0.07187500000000001
9 0.7000000000000001 0.5609375 0.040625 0.07187500000000001
