8 0.80234375 0.6109375 0.1296875 0.115625
0 0.625 0.6578125 0.009375000000000001 0.034375
0 0.5046875000000001 0.65625 0.021875000000000002 0.03125
4 0.6234375000000001 0.596875 0.05625 0.05625
9 0.053125000000000006 0.884375 0.05 0.025
3 0.69921875 0.46718750000000003 0.09531250000000001 0.046875
3 0.75390625 0.43671875000000004 0.08281250000000001 0.035937500000000004
3 0.7671875 0.42812500000000003 0.078125 0.043750000000000004
3 0.8929687500000001 0.40859375000000003 0.0546875 0.0421875
3 0.8343750000000001 0.37578125 0.06875 0.0328125
4 0.85078125 0.36328125 0.0671875 0.035937500000000004
3 0.5164062500000001 0.61875 0.0421875 0.040625
