3 0.86875 0.6156250000000001 0.14375000000000002 0.0625
4 0.815625 0.2015625 0.14375000000000002 0.07500000000000001
3 0.284375 0.1921875 0.1375 0.05625
3 0.17500000000000002 0.42265625 0.1375 0.0546875
3 0.1921875 0.50546875 0.1375 0.060937500000000006
4 0.13203125000000002 0.6890625 0.13593750000000002 0.053125000000000006
0 0.7781250000000001 0.9421875000000001 0.021875000000000002 0.025
3 0.040625 0.5890625 0.08125 0.065625
1 0.8367187500000001 0.02890625 0.029687500000000002 0.026562500000000003
9 0.83359375 0.032031250000000004 0.0234375 0.045312500000000006
