3 0.7718750000000001 0.21796875000000002 0.059375000000000004 0.0578125
3 0.9453125 0.35703125 0.08125 0.0734375
3 0.40468750000000003 0.8546875 0.096875 0.146875
3 0.3921875 0.69453125 0.07187500000000001 0.1234375
0 0.25625000000000003 0.6273437500000001 0.0125 0.0390625
0 0.21953125 0.5671875000000001 0.0328125 0.025
0 0.5421875 0.06171875 0.0125 0.035937500000000004
1 0.9148437500000001 0.521875 0.0234375 0.03125
2 0.91328125 0.53359375 0.026562500000000003 0.045312500000000006
0 0.19687500000000002 0.2515625 0.015625 0.034375
3 0.1203125 0.2546875 0.109375 0.034375
4 0.14140625 0.4234375 0.1265625 0.078125
4 0.146875 0.36953125000000003 0.10625000000000001 0.0484375
3 0.1328125 0.3375 0.115625 0.053125000000000006
3 0.115625 0.2921875 0.109375 0.065625
3 0.24453125 0.23828125 0.06406250000000001 0.0734375
3 0.278125 0.10312500000000001 0.046875 0.06875
3 0.11015625000000001 0.23046875 0.1015625 0.0421875
3 0.115625 0.19843750000000002 0.109375 0.05
5 0.7156250000000001 0.0703125 0.08125 0.09062500000000001
3 0.9390625 0.10390625 0.059375000000000004 0.0578125
3 0.84140625 0.14921875 0.0890625 0.06406250000000001
4 0.8304687500000001 0.12265625000000001 0.08281250000000001 0.0578125
4 0.8929687500000001 0.10703125000000001 0.0578125 0.0703125
3 0.9078125 0.0625 0.05625 0.053125000000000006
3 0.7875000000000001 0.10312500000000001 0.078125 0.053125000000000006
2 0.22890625 0.1078125 0.0203125 0.025
