3 0.6531250000000001 0.9617187500000001 0.10625000000000001 0.0484375
4 0.51484375 0.9593750000000001 0.1234375 0.06875
5 0.5953125 0.9125000000000001 0.15625 0.08125
4 0.58359375 0.8773437500000001 0.1078125 0.0734375
3 0.5375 0.86328125 0.09375 0.0546875
3 0.45546875000000003 0.89375 0.09531250000000001 0.05
3 0.515625 0.8328125000000001 0.084375 0.053125000000000006
3 0.47187500000000004 0.8 0.065625 0.043750000000000004
5 0.5046875000000001 0.7390625000000001 0.09062500000000001 0.10312500000000001
4 0.53125 0.66171875 0.07187500000000001 0.0421875
3 0.41640625000000003 0.66796875 0.0734375 0.0421875
0 0.58515625 0.64765625 0.0140625 0.0328125
3 0.5671875000000001 0.50234375 0.037500000000000006 0.0328125
3 0.60078125 0.49531250000000004 0.0390625 0.03125
3 0.22187500000000002 0.45625000000000004 0.046875 0.028125
