1 0.50703125 0.9 0.1453125 0.2
0 0.93125 0.7828125 0.08125 0.296875
0 0.921875 0.6140625000000001 0.0625 0.146875
0 0.9304687500000001 0.49921875000000004 0.09843750000000001 0.2421875
0 0.790625 0.46875 0.078125 0.20625000000000002
0 0.6375000000000001 0.46406250000000004 0.07187500000000001 0.21250000000000002
0 0.8203125 0.1546875 0.09062500000000001 0.171875
0 0.9398437500000001 0.09375 0.0484375 0.1625
0 0.34765625 0.20859375000000002 0.06406250000000001 0.1703125
0 0.3953125 0.22031250000000002 0.07500000000000001 0.134375
2 0.7992187500000001 0.20859375000000002 0.051562500000000004 0.1796875
