9 0.40703125 0.3453125 0.11093750000000001 0.046875
9 0.4546875 0.29765625 0.125 0.0734375
9 0.496875 0.43125 0.134375 0.07187500000000001
9 0.51484375 0.39609375 0.1171875 0.0703125
9 0.5164062500000001 0.52109375 0.1234375 0.060937500000000006
9 0.45625000000000004 0.56484375 0.125 0.0734375
9 0.50703125 0.5953125 0.1203125 0.078125
9 0.5078125 0.6328125 0.13125 0.065625
9 0.47734375 0.7296875 0.15781250000000002 0.05625
9 0.5390625 0.7734375 0.153125 0.078125
9 0.5140625 0.80859375 0.14375000000000002 0.0703125
6 0.48515625 0.9632812500000001 0.16718750000000002 0.0578125
6 0.48984375 0.921875 0.1703125 0.07500000000000001
6 0.47265625 0.8859375 0.1609375 0.078125
6 0.478125 0.85078125 0.15625 0.0671875
6 0.47578125000000004 0.6796875 0.1453125 0.0625
6 0.37109375 0.52109375 0.0484375 0.13593750000000002
9 0.609375 0.59296875 0.043750000000000004 0.1421875
9 0.95625 0.4921875 0.065625 0.1375
0 0.79609375 0.48046875 0.0546875 0.1265625
0 0.8375 0.4546875 0.05 0.12187500000000001
6 0.58203125 0.24609375 0.08281250000000001 0.1640625
