3 0.58125 0.29296875 0.125 0.1328125
3 0.603125 0.3828125 0.15000000000000002 0.15625
0 0.77890625 0.28750000000000003 0.0234375 0.046875
9 0.56015625 0.50546875 0.029687500000000002 0.0734375
0 0.90390625 0.42734375 0.0171875 0.0421875
0 0.853125 0.97265625 0.028125 0.0203125
0 0.83203125 0.9773437500000001 0.0171875 0.0171875
0 0.95859375 0.8132812500000001 0.026562500000000003 0.0328125
9 0.6171875 0.8171875000000001 0.07187500000000001 0.028125
0 0.75546875 0.7875000000000001 0.0328125 0.043750000000000004
0 0.8523437500000001 0.7515625 0.026562500000000003 0.037500000000000006
0 0.8718750000000001 0.7890625 0.034375 0.034375
0 0.8812500000000001 0.75546875 0.021875000000000002 0.035937500000000004
0 0.875 0.65625 0.018750000000000003 0.028125
0 0.9640625 0.70703125 0.021875000000000002 0.035937500000000004
1 0.96484375 0.6531250000000001 0.0203125 0.028125
