0 0.043750000000000004 0.55390625 0.021875000000000002 0.0546875
0 0.02109375 0.65234375 0.0234375 0.060937500000000006
0 0.043750000000000004 0.671875 0.021875000000000002 0.05625
0 0.08281250000000001 0.6882812500000001 0.028125 0.0546875
0 0.07734375 0.6429687500000001 0.026562500000000003 0.0546875
0 0.059375000000000004 0.6546875000000001 0.021875000000000002 0.05625
0 0.11406250000000001 0.703125 0.028125 0.07500000000000001
0 0.16328125000000002 0.61328125 0.0203125 0.0484375
0 0.2421875 0.81953125 0.028125 0.060937500000000006
0 0.25859375 0.7914062500000001 0.035937500000000004 0.06406250000000001
0 0.50234375 0.56171875 0.035937500000000004 0.0546875
0 0.7125 0.29453125 0.03125 0.0546875
0 0.6515625 0.40390625 0.03125 0.051562500000000004
0 0.66171875 0.38046875 0.026562500000000003 0.0578125
0 0.69921875 0.40625 0.0234375 0.053125000000000006
0 0.80234375 0.47109375000000003 0.0328125 0.035937500000000004
0 0.8250000000000001 0.5 0.046875 0.053125000000000006
0 0.8484375000000001 0.51875 0.021875000000000002 0.040625
0 0.9007812500000001 0.56015625 0.0421875 0.060937500000000006
0 0.9421875000000001 0.5890625 0.046875 0.05625
0 0.2625 0.30078125 0.021875000000000002 0.035937500000000004
0 0.46484375 0.1015625 0.0203125 0.037500000000000006
0 0.48203125 0.11093750000000001 0.0171875 0.040625
0 0.534375 0.11953125 0.0125 0.035937500000000004
