0 0.26875 0.690625 0.034375 0.046875
0 0.34453125 0.81171875 0.026562500000000003 0.035937500000000004
0 0.29531250000000003 0.8773437500000001 0.028125 0.035937500000000004
0 0.32656250000000003 0.8695312500000001 0.03125 0.035937500000000004
0 0.38828125 0.8914062500000001 0.026562500000000003 0.0328125
0 0.40390625 0.875 0.029687500000000002 0.040625
0 0.45937500000000003 0.8859375 0.021875000000000002 0.040625
0 0.48125 0.87109375 0.021875000000000002 0.035937500000000004
0 0.43203125000000003 0.7546875000000001 0.026562500000000003 0.046875
0 0.40625 0.78046875 0.03125 0.045312500000000006
0 0.47968750000000004 0.98046875 0.034375 0.0328125
0 0.503125 0.9554687500000001 0.028125 0.026562500000000003
0 0.58515625 0.9773437500000001 0.0390625 0.0328125
