3 0.6796875 0.68125 0.07500000000000001 0.14375000000000002
3 0.66015625 0.41953125 0.060937500000000006 0.09843750000000001
3 0.61875 0.25078125 0.05 0.0859375
8 0.6023437500000001 0.09609375 0.0921875 0.1640625
9 0.69453125 0.03359375 0.0171875 0.0328125
9 0.71640625 0.078125 0.0171875 0.028125
9 0.76171875 0.16484375 0.0171875 0.035937500000000004
3 0.6468750000000001 0.057031250000000006 0.059375000000000004 0.0703125
1 0.6953125 0.025781250000000002 0.015625 0.0171875
1 0.721875 0.078125 0.0125 0.028125
1 0.7640625000000001 0.15625 0.0125 0.015625
