8 0.08828125 0.029687500000000002 0.11406250000000001 0.053125000000000006
4 0.421875 0.7523437500000001 0.053125000000000006 0.1015625
4 0.4390625 0.6265625 0.046875 0.08750000000000001
3 0.44843750000000004 0.53515625 0.043750000000000004 0.06406250000000001
3 0.50390625 0.6015625 0.0390625 0.06875
3 0.45546875000000003 0.45937500000000003 0.035937500000000004 0.05625
3 0.51953125 0.43984375000000003 0.0328125 0.060937500000000006
3 0.46328125000000003 0.3875 0.0421875 0.053125000000000006
3 0.7046875 0.22265625 0.08125 0.0546875
3 0.3953125 0.1296875 0.07500000000000001 0.043750000000000004
3 0.37031250000000004 0.053125000000000006 0.034375 0.040625
3 0.33906250000000004 0.017968750000000002 0.037500000000000006 0.0328125
4 0.48750000000000004 0.057031250000000006 0.034375 0.0484375
