3 0.31015625 0.28359375000000003 0.11406250000000001 0.060937500000000006
3 0.5796875 0.27968750000000003 0.12187500000000001 0.0625
0 0.6335937500000001 0.059375000000000004 0.035937500000000004 0.028125
0 0.6492187500000001 0.11953125 0.029687500000000002 0.029687500000000002
0 0.6671875 0.1078125 0.021875000000000002 0.025
0 0.6671875 0.0921875 0.028125 0.025
0 0.6734375 0.078125 0.021875000000000002 0.025
9 0.12578125 0.36171875000000003 0.0546875 0.029687500000000002
9 0.7765625 0.390625 0.05625 0.025
9 0.8968750000000001 0.34140625 0.05625 0.029687500000000002
3 0.96875 0.27968750000000003 0.0625 0.05625
2 0.4421875 0.22265625 0.037500000000000006 0.0171875
1 0.453125 0.2171875 0.021875000000000002 0.025
1 0.7820312500000001 0.3875 0.0234375 0.025
1 0.12578125 0.35859375000000004 0.0171875 0.0234375
1 0.909375 0.340625 0.018750000000000003 0.021875000000000002
