3 0.7054687500000001 0.7890625 0.045312500000000006 0.040625
3 0.6687500000000001 0.7718750000000001 0.040625 0.040625
3 0.721875 0.70234375 0.037500000000000006 0.029687500000000002
3 0.7898437500000001 0.73203125 0.0578125 0.026562500000000003
3 0.8484375000000001 0.6609375000000001 0.043750000000000004 0.025
3 0.85859375 0.6414062500000001 0.045312500000000006 0.0203125
3 0.77890625 0.7671875 0.0484375 0.034375
3 0.7609375 0.7953125000000001 0.059375000000000004 0.028125
3 0.70703125 0.8671875 0.0765625 0.037500000000000006
4 0.6859375000000001 0.9203125000000001 0.07187500000000001 0.040625
3 0.87421875 0.6117187500000001 0.0484375 0.0203125
3 0.86875 0.6273437500000001 0.05 0.0171875
3 0.9304687500000001 0.48515625 0.0421875 0.0171875
5 0.925 0.52109375 0.05 0.0234375
