3 0.07734375 0.041406250000000006 0.08281250000000001 0.07968750000000001
3 0.09453125000000001 0.28828125 0.09843750000000001 0.1390625
3 0.0921875 0.51328125 0.084375 0.16718750000000002
3 0.10312500000000001 0.7273437500000001 0.12187500000000001 0.2015625
0 0.6828125 0.7679687500000001 0.053125000000000006 0.0734375
3 0.45546875000000003 0.3984375 0.22031250000000002 0.10312500000000001
3 0.8539062500000001 0.16562500000000002 0.1921875 0.096875
3 0.7992187500000001 0.053125000000000006 0.17343750000000002 0.1
3 0.40546875000000004 0.25625000000000003 0.19843750000000002 0.1
3 0.33984375 0.025781250000000002 0.1859375 0.051562500000000004
3 0.35078125000000004 0.06328125 0.18281250000000002 0.0578125
3 0.36562500000000003 0.11953125 0.18125000000000002 0.0765625
3 0.3921875 0.18203125 0.19062500000000002 0.08281250000000001
