3 0.5515625000000001 0.703125 0.08125 0.115625
3 0.6890625 0.7132812500000001 0.09375 0.1203125
3 0.52578125 0.5945312500000001 0.0546875 0.0671875
3 0.6234375000000001 0.5710937500000001 0.07500000000000001 0.07968750000000001
3 0.6015625 0.48828125 0.059375000000000004 0.0546875
3 0.56875 0.3828125 0.043750000000000004 0.053125000000000006
3 0.1953125 0.6820312500000001 0.08125 0.0921875
3 0.06015625 0.49296875 0.11093750000000001 0.0484375
3 0.8 0.43515625 0.059375000000000004 0.045312500000000006
8 0.44765625000000003 0.35703125 0.07968750000000001 0.09843750000000001
0 0.26328125 0.74765625 0.026562500000000003 0.045312500000000006
0 0.07265625 0.72578125 0.0234375 0.0546875
1 0.19765625 0.7976562500000001 0.0328125 0.0546875
1 0.24140625000000002 0.784375 0.0328125 0.05
1 0.32890625 0.80078125 0.026562500000000003 0.045312500000000006
2 0.1921875 0.8171875000000001 0.021875000000000002 0.05625
2 0.24453125 0.7976562500000001 0.0390625 0.029687500000000002
9 0.328125 0.8171875000000001 0.028125 0.053125000000000006
3 0.08750000000000001 0.6898437500000001 0.065625 0.08281250000000001
4 0.6015625 0.19375 0.021875000000000002 0.025
4 0.53125 0.15234375 0.021875000000000002 0.0203125
3 0.5015625 0.12812500000000002 0.018750000000000003 0.015625
3 0.465625 0.125 0.015625 0.0125
3 0.56875 0.15234375 0.021875000000000002 0.0171875
3 0.628125 0.18984375 0.028125 0.0203125
3 0.6507812500000001 0.19765625 0.026562500000000003 0.0234375
3 0.6546875000000001 0.209375 0.028125 0.021875000000000002
3 0.665625 0.22109375 0.028125 0.0234375
3 0.6726562500000001 0.23046875 0.0328125 0.0234375
3 0.69921875 0.25078125 0.026562500000000003 0.029687500000000002
3 0.70625 0.2671875 0.034375 0.025
3 0.72265625 0.284375 0.0328125 0.03125
3 0.7664062500000001 0.3328125 0.045312500000000006 0.028125
3 0.7875000000000001 0.34921875 0.05 0.035937500000000004
3 0.80859375 0.375 0.0484375 0.037500000000000006
3 0.7921875 0.40156250000000004 0.05625 0.040625
3 0.8640625000000001 0.446875 0.07187500000000001 0.046875
3 0.9007812500000001 0.48125 0.0703125 0.05
3 0.9578125000000001 0.55078125 0.084375 0.0578125
3 0.89609375 0.3828125 0.06406250000000001 0.043750000000000004
3 0.87421875 0.35703125 0.045312500000000006 0.045312500000000006
3 0.853125 0.33671875 0.043750000000000004 0.045312500000000006
3 0.8265625000000001 0.32421875 0.05 0.035937500000000004
3 0.7921875 0.29609375 0.0625 0.0328125
3 0.76484375 0.26796875000000003 0.060937500000000006 0.0328125
3 0.77734375 0.28046875 0.0578125 0.029687500000000002
3 0.9070312500000001 0.27968750000000003 0.0703125 0.025
3 0.9671875000000001 0.31953125000000004 0.065625 0.0390625
3 0.97421875 0.3296875 0.051562500000000004 0.037500000000000006
3 0.4140625 0.29921875000000003 0.03125 0.0421875
3 0.41484375 0.20078125000000002 0.026562500000000003 0.029687500000000002
