3 0.33906250000000004 0.5859375 0.03125 0.053125000000000006
3 0.3296875 0.30546875 0.021875000000000002 0.0390625
3 0.22031250000000002 0.39765625000000004 0.028125 0.035937500000000004
3 0.21875 0.17265625 0.015625 0.026562500000000003
3 0.21484375 0.2625 0.0234375 0.03125
3 0.35078125000000004 0.11796875000000001 0.0171875 0.026562500000000003
3 0.28359375000000003 0.0484375 0.0140625 0.018750000000000003
3 0.3453125 0.010937500000000001 0.0125 0.018750000000000003
3 0.28359375000000003 0.0140625 0.0140625 0.015625
3 0.246875 0.18125000000000002 0.018750000000000003 0.021875000000000002
3 0.4 0.26875 0.021875000000000002 0.034375
3 0.15390625000000002 0.6687500000000001 0.029687500000000002 0.05
3 0.1203125 0.90390625 0.034375 0.0703125
4 0.371875 0.2890625 0.021875000000000002 0.040625
4 0.38359375 0.46953125 0.0328125 0.0546875
4 0.18515625000000002 0.85546875 0.0390625 0.0703125
4 0.26640625 0.96484375 0.0578125 0.0703125
4 0.27968750000000003 0.140625 0.015625 0.025
0 0.51796875 0.728125 0.010937500000000001 0.028125
0 0.80390625 0.7468750000000001 0.0171875 0.028125
