1 0.23203125000000002 0.696875 0.0140625 0.021875000000000002
1 0.29531250000000003 0.690625 0.015625 0.034375
1 0.42031250000000003 0.67734375 0.018750000000000003 0.029687500000000002
0 0.2859375 0.6664062500000001 0.021875000000000002 0.0390625
0 0.25625000000000003 0.6734375 0.0125 0.034375
0 0.6296875000000001 0.60703125 0.015625 0.029687500000000002
1 0.15781250000000002 0.6984375 0.0125 0.025
1 0.19843750000000002 0.7093750000000001 0.021875000000000002 0.018750000000000003
1 0.25234375000000003 0.70234375 0.0171875 0.0203125
1 0.45 0.64375 0.021875000000000002 0.040625
1 0.53671875 0.6484375 0.0171875 0.025
1 0.56875 0.6453125000000001 0.015625 0.025
0 0.76484375 0.58828125 0.0140625 0.045312500000000006
0 0.759375 0.7679687500000001 0.018750000000000003 0.0484375
0 0.7289062500000001 0.7601562500000001 0.0171875 0.045312500000000006
1 0.509375 0.61484375 0.015625 0.026562500000000003
0 0.115625 0.8796875000000001 0.028125 0.040625
0 0.09531250000000001 0.8289062500000001 0.037500000000000006 0.045312500000000006
0 0.109375 0.8617187500000001 0.028125 0.045312500000000006
0 0.8328125000000001 0.50546875 0.0125 0.0328125
0 0.84375 0.5 0.0125 0.037500000000000006
9 0.9695312500000001 0.47578125000000004 0.0328125 0.0203125
9 0.9632812500000001 0.5140625 0.0328125 0.025
9 0.8367187500000001 0.59140625 0.0390625 0.029687500000000002
9 0.87109375 0.53828125 0.0328125 0.0203125
9 0.9031250000000001 0.50546875 0.037500000000000006 0.0234375
9 0.93671875 0.57421875 0.0390625 0.0203125
9 0.9359375000000001 0.5625 0.037500000000000006 0.025
9 0.93515625 0.5375 0.0390625 0.028125
9 0.96796875 0.45546875000000003 0.029687500000000002 0.0203125
9 0.95703125 0.44375000000000003 0.0390625 0.025
9 0.7953125000000001 0.4734375 0.034375 0.018750000000000003
9 0.8046875 0.49765625 0.037500000000000006 0.0234375
9 0.846875 0.534375 0.034375 0.025
9 0.8484375000000001 0.571875 0.043750000000000004 0.021875000000000002
9 0.8656250000000001 0.565625 0.043750000000000004 0.025
2 0.82734375 0.525 0.0328125 0.028125
