1 0.6414062500000001 0.8703125 0.010937500000000001 0.009375000000000001
2 0.63984375 0.8703125 0.0203125 0.009375000000000001
5 0.7000000000000001 0.7718750000000001 0.05 0.025
3 0.7664062500000001 0.7679687500000001 0.0578125 0.0234375
3 0.8359375 0.7625000000000001 0.059375000000000004 0.025
3 0.8968750000000001 0.7585937500000001 0.059375000000000004 0.026562500000000003
3 0.9632812500000001 0.7515625 0.0546875 0.025
3 0.94140625 0.64453125 0.0390625 0.045312500000000006
3 0.8484375000000001 0.5789062500000001 0.043750000000000004 0.0390625
3 0.9789062500000001 0.6117187500000001 0.0390625 0.0421875
3 0.9796875 0.5453125 0.040625 0.025
3 0.96640625 0.5 0.0546875 0.028125
3 0.92578125 0.41875 0.0546875 0.025
1 0.95078125 0.45078125 0.010937500000000001 0.010937500000000001
3 0.9125000000000001 0.37812500000000004 0.053125000000000006 0.025
3 0.87109375 0.309375 0.051562500000000004 0.025
9 0.84765625 0.2765625 0.0171875 0.009375000000000001
9 0.8640625000000001 0.27578125000000003 0.015625 0.010937500000000001
4 0.84765625 0.25078125 0.0484375 0.029687500000000002
3 0.8148437500000001 0.18125000000000002 0.0484375 0.025
4 0.78671875 0.11171875 0.0328125 0.0234375
4 0.7718750000000001 0.07421875 0.03125 0.0203125
3 0.74921875 0.049218750000000006 0.045312500000000006 0.0234375
3 0.7390625000000001 0.03359375 0.034375 0.0203125
3 0.7390625000000001 0.01640625 0.040625 0.0203125
3 0.43046875 0.09453125000000001 0.045312500000000006 0.0234375
3 0.4375 0.11093750000000001 0.043750000000000004 0.021875000000000002
3 0.44375000000000003 0.125 0.043750000000000004 0.025
3 0.46953125 0.15234375 0.0421875 0.0203125
3 0.465625 0.18125000000000002 0.043750000000000004 0.021875000000000002
3 0.47500000000000003 0.20078125000000002 0.046875 0.0234375
3 0.49062500000000003 0.24296875 0.046875 0.0234375
3 0.509375 0.30390625000000004 0.043750000000000004 0.0234375
3 0.43203125000000003 0.36484375 0.026562500000000003 0.0421875
3 0.45546875000000003 0.36171875000000003 0.026562500000000003 0.0421875
3 0.5140625 0.35390625000000003 0.043750000000000004 0.0328125
3 0.46953125 0.39453125 0.0484375 0.0234375
3 0.4703125 0.4109375 0.037500000000000006 0.021875000000000002
3 0.47578125000000004 0.43203125000000003 0.0484375 0.0234375
4 0.496875 0.4765625 0.05 0.028125
3 0.49765625 0.5007812500000001 0.0546875 0.0234375
3 0.43359375 0.6273437500000001 0.045312500000000006 0.0234375
3 0.43593750000000003 0.6492187500000001 0.053125000000000006 0.026562500000000003
3 0.446875 0.6742187500000001 0.053125000000000006 0.0234375
3 0.48671875000000003 0.68125 0.026562500000000003 0.040625
3 0.5359375000000001 0.6648437500000001 0.05 0.0203125
3 0.52890625 0.6375000000000001 0.051562500000000004 0.025
3 0.5242187500000001 0.61484375 0.0546875 0.026562500000000003
3 0.0921875 0.0578125 0.043750000000000004 0.025
3 0.09765625 0.09609375 0.0421875 0.0234375
9 0.0921875 0.11640625 0.015625 0.010937500000000001
9 0.1203125 0.14453125 0.015625 0.010937500000000001
3 0.12421875 0.18046875 0.0421875 0.0234375
3 0.13515625 0.27265625 0.045312500000000006 0.026562500000000003
3 0.13828125 0.3125 0.0421875 0.021875000000000002
3 0.14765625000000002 0.34609375000000003 0.045312500000000006 0.0234375
3 0.146875 0.36562500000000003 0.046875 0.025
3 0.15234375 0.38671875 0.045312500000000006 0.0234375
9 0.09375 0.40625 0.009375000000000001 0.025
3 0.17343750000000002 0.44375000000000003 0.046875 0.025
3 0.09296875 0.46015625000000004 0.0390625 0.0203125
3 0.09843750000000001 0.48515625 0.043750000000000004 0.0203125
3 0.09765625 0.509375 0.051562500000000004 0.025
3 0.09453125000000001 0.53046875 0.0484375 0.0234375
3 0.10390625 0.55390625 0.045312500000000006 0.0234375
4 0.22421875000000002 0.59921875 0.045312500000000006 0.0234375
3 0.40546875000000004 0.30390625000000004 0.0390625 0.0203125
