3 0.47968750000000004 0.6023437500000001 0.07500000000000001 0.11093750000000001
3 0.5671875000000001 0.6046875 0.06875 0.11875000000000001
3 0.6570312500000001 0.58125 0.06406250000000001 0.10312500000000001
3 0.5796875 0.5015625 0.059375000000000004 0.084375
3 0.5015625 0.50390625 0.0625 0.0859375
4 0.6570312500000001 0.48515625 0.0578125 0.0890625
4 0.6859375000000001 0.36796875 0.05625 0.0734375
3 0.037500000000000006 0.95625 0.07187500000000001 0.08750000000000001
0 0.603125 0.6609375000000001 0.018750000000000003 0.05
0 0.7195312500000001 0.5109375 0.0234375 0.05
1 0.703125 0.45703125 0.028125 0.035937500000000004
