1 0.096875 0.8125 0.028125 0.05625
4 0.0765625 0.81015625 0.146875 0.2171875
0 0.2234375 0.73984375 0.028125 0.0890625
0 0.24765625000000002 0.7523437500000001 0.0234375 0.051562500000000004
9 0.5671875000000001 0.5554687500000001 0.084375 0.0546875
9 0.55078125 0.55078125 0.0671875 0.0578125
9 0.43046875 0.46328125000000003 0.0546875 0.060937500000000006
0 0.42109375000000004 0.35390625000000003 0.0203125 0.060937500000000006
0 0.26406250000000003 0.18515625000000002 0.018750000000000003 0.0421875
4 0.09140625000000001 0.07500000000000001 0.060937500000000006 0.028125
3 0.140625 0.12187500000000001 0.043750000000000004 0.034375
6 0.07109375 0.09531250000000001 0.045312500000000006 0.025
