4 0.6734375 0.06875 0.146875 0.1375
4 0.54453125 0.09453125000000001 0.1609375 0.0890625
9 0.32265625000000003 0.16015625 0.0390625 0.0546875
9 0.78125 0.17890625000000002 0.059375000000000004 0.0390625
9 0.8070312500000001 0.19843750000000002 0.0578125 0.046875
1 0.70625 0.23515625 0.037500000000000006 0.029687500000000002
1 0.7406250000000001 0.2421875 0.025 0.021875000000000002
1 0.7273437500000001 0.26796875000000003 0.029687500000000002 0.0328125
1 0.69921875 0.25625000000000003 0.029687500000000002 0.03125
1 0.0484375 0.8539062500000001 0.025 0.035937500000000004
1 0.07734375 0.85859375 0.035937500000000004 0.0390625
9 0.07421875 0.8562500000000001 0.07968750000000001 0.037500000000000006
