3 0.5906250000000001 0.25625000000000003 0.040625 0.043750000000000004
3 0.28828125 0.045312500000000006 0.0390625 0.059375000000000004
2 0.2921875 0.08750000000000001 0.034375 0.021875000000000002
3 0.29765625 0.1484375 0.0421875 0.0625
3 0.321875 0.29140625000000003 0.07187500000000001 0.0765625
4 0.171875 0.16015625 0.040625 0.0671875
4 0.16875 0.26171875 0.037500000000000006 0.0703125
4 0.16328125000000002 0.3171875 0.0421875 0.078125
4 0.17109375000000002 0.37812500000000004 0.0484375 0.084375
3 0.16640625 0.4625 0.051562500000000004 0.08750000000000001
6 0.2609375 0.37812500000000004 0.03125 0.025
0 0.26015625000000003 0.5234375 0.0203125 0.040625
2 0.24375000000000002 0.5234375 0.040625 0.025
2 0.30546875 0.4578125 0.0484375 0.025
4 0.325 0.390625 0.06875 0.084375
3 0.3375 0.48359375000000004 0.10312500000000001 0.0890625
9 0.15937500000000002 0.76953125 0.025 0.0546875
4 0.30781250000000004 0.5890625 0.15625 0.06875
9 0.4421875 0.52109375 0.018750000000000003 0.0421875
1 0.44062500000000004 0.51875 0.015625 0.037500000000000006
3 0.321875 0.7250000000000001 0.059375000000000004 0.13125
3 0.46015625000000004 0.659375 0.060937500000000006 0.1
9 0.4078125 0.6640625 0.037500000000000006 0.028125
1 0.40859375000000003 0.659375 0.0203125 0.028125
9 0.16484375 0.87265625 0.0390625 0.045312500000000006
3 0.353125 0.89609375 0.109375 0.11093750000000001
2 0.6843750000000001 0.66171875 0.043750000000000004 0.029687500000000002
0 0.68359375 0.64765625 0.0171875 0.035937500000000004
0 0.97421875 0.7976562500000001 0.0203125 0.035937500000000004
