3 0.18125000000000002 0.9007812500000001 0.078125 0.026562500000000003
3 0.16562500000000002 0.79296875 0.037500000000000006 0.0140625
4 0.1328125 0.77890625 0.015625 0.0171875
0 0.1125 0.77734375 0.00625 0.0140625
3 0.0234375 0.8539062500000001 0.043750000000000004 0.0203125
3 0.02734375 0.8445312500000001 0.051562500000000004 0.0203125
5 0.039843750000000004 0.81640625 0.0578125 0.026562500000000003
3 0.051562500000000004 0.8140625 0.059375000000000004 0.018750000000000003
0 0.08750000000000001 0.8 0.00625 0.0125
0 0.08046875 0.8 0.0078125 0.018750000000000003
3 0.0625 0.78828125 0.05 0.0171875
