5 0.30078125 0.92109375 0.2234375 0.0890625
5 0.6179687500000001 0.95625 0.29531250000000003 0.08750000000000001
3 0.9695312500000001 0.9734375000000001 0.060937500000000006 0.046875
3 0.9750000000000001 0.8328125000000001 0.05 0.053125000000000006
4 0.67890625 0.7671875 0.09843750000000001 0.10312500000000001
4 0.596875 0.7515625 0.1 0.09375
4 0.5046875000000001 0.7515625 0.10625000000000001 0.096875
4 0.42031250000000003 0.74765625 0.09062500000000001 0.08281250000000001
3 0.33906250000000004 0.734375 0.096875 0.08750000000000001
4 0.2515625 0.72421875 0.10312500000000001 0.09531250000000001
9 0.1625 0.69921875 0.018750000000000003 0.0578125
9 0.12578125 0.6898437500000001 0.0484375 0.0203125
4 0.88046875 0.43203125000000003 0.1203125 0.045312500000000006
4 0.765625 0.49296875 0.125 0.045312500000000006
4 0.53515625 0.40625 0.0921875 0.043750000000000004
3 0.596875 0.49531250000000004 0.109375 0.043750000000000004
9 0.328125 0.546875 0.05 0.021875000000000002
1 0.32734375000000004 0.5453125 0.026562500000000003 0.015625
3 0.40468750000000003 0.48515625 0.10312500000000001 0.0484375
4 0.22812500000000002 0.52265625 0.10312500000000001 0.045312500000000006
3 0.33906250000000004 0.42031250000000003 0.096875 0.046875
4 0.37734375000000003 0.35546875 0.1046875 0.0546875
4 0.203125 0.38828125 0.08750000000000001 0.045312500000000006
3 0.08750000000000001 0.45078125 0.10312500000000001 0.0421875
8 0.56796875 0.225 0.27968750000000003 0.1125
3 0.5867187500000001 0.07187500000000001 0.09843750000000001 0.05
