4 0.58515625 0.46718750000000003 0.0921875 0.096875
4 0.13125 0.5859375 0.07187500000000001 0.15000000000000002
3 0.8757812500000001 0.9031250000000001 0.11406250000000001 0.16875
3 0.7054687500000001 0.8289062500000001 0.1046875 0.15156250000000002
3 0.6179687500000001 0.8765625 0.08281250000000001 0.17500000000000002
3 0.53515625 0.8656250000000001 0.09531250000000001 0.1625
3 0.4546875 0.8671875 0.08750000000000001 0.15937500000000002
3 0.37343750000000003 0.87109375 0.09062500000000001 0.15156250000000002
3 0.2234375 0.8578125000000001 0.084375 0.15937500000000002
3 0.0546875 0.5984375000000001 0.07500000000000001 0.1375
3 0.51796875 0.26640625 0.1046875 0.0921875
3 0.55078125 0.33906250000000004 0.08281250000000001 0.10312500000000001
3 0.5625 0.40468750000000003 0.08125 0.078125
3 0.5265625 0.72265625 0.153125 0.0890625
3 0.49765625 0.6484375 0.15781250000000002 0.084375
3 0.48125 0.5859375 0.153125 0.08125
3 0.6125 0.546875 0.1 0.096875
3 0.465625 0.51875 0.13125 0.07187500000000001
3 0.10312500000000001 0.2734375 0.065625 0.10625000000000001
3 0.44375000000000003 0.465625 0.13125 0.07187500000000001
3 0.43281250000000004 0.39765625000000004 0.11875000000000001 0.0734375
3 0.42734375 0.34453125 0.1203125 0.06406250000000001
3 0.3984375 0.29375 0.12187500000000001 0.0625
3 0.38359375 0.246875 0.1203125 0.07187500000000001
