3 0.6742187500000001 0.71796875 0.2515625 0.1953125
3 0.7828125 0.815625 0.253125 0.21250000000000002
1 0.7328125000000001 0.30000000000000004 0.025 0.040625
1 0.5203125000000001 0.52578125 0.037500000000000006 0.045312500000000006
9 0.7390625000000001 0.31484375000000003 0.05 0.026562500000000003
9 0.5140625 0.540625 0.1 0.03125
3 0.7609375 0.18906250000000002 0.1375 0.078125
3 0.58203125 0.26640625 0.19843750000000002 0.13593750000000002
3 0.32421875 0.39765625000000004 0.1921875 0.13593750000000002
3 0.10312500000000001 0.5328125 0.203125 0.153125
0 0.8210937500000001 0.11015625000000001 0.0234375 0.045312500000000006
0 0.45937500000000003 0.06171875 0.021875000000000002 0.0328125
0 0.47109375000000003 0.049218750000000006 0.0171875 0.035937500000000004
0 0.49296875 0.04609375 0.026562500000000003 0.029687500000000002
0 0.5046875000000001 0.0703125 0.021875000000000002 0.03125
0 0.5421875 0.0734375 0.021875000000000002 0.034375
0 0.53046875 0.0703125 0.0171875 0.025
