5 0.5578125 0.31953125000000004 0.19062500000000002 0.30781250000000004
3 0.48828125 0.11484375000000001 0.13593750000000002 0.22968750000000002
3 0.88046875 0.234375 0.11406250000000001 0.240625
0 0.73828125 0.19296875000000002 0.0390625 0.0421875
0 0.6898437500000001 0.275 0.0390625 0.043750000000000004
0 0.690625 0.16796875 0.043750000000000004 0.0421875
3 0.8523437500000001 0.55 0.1296875 0.265625
1 0.59140625 0.9187500000000001 0.060937500000000006 0.05
9 0.5875 0.9140625 0.05 0.13125
0 0.37265625 0.07890625000000001 0.060937500000000006 0.035937500000000004
