3 0.44453125000000004 0.017968750000000002 0.029687500000000002 0.0328125
3 0.5375 0.140625 0.034375 0.040625
3 0.6664062500000001 0.01171875 0.0390625 0.0203125
9 0.45937500000000003 0.38125000000000003 0.015625 0.025
1 0.46015625000000004 0.37812500000000004 0.010937500000000001 0.0125
3 0.75 0.44609375 0.07187500000000001 0.0390625
3 0.6820312500000001 0.57734375 0.045312500000000006 0.06406250000000001
3 0.5578125 0.70078125 0.05 0.06406250000000001
4 0.62265625 0.70078125 0.051562500000000004 0.06406250000000001
0 0.0484375 0.17734375000000002 0.00625 0.0140625
0 0.045312500000000006 0.24531250000000002 0.009375000000000001 0.018750000000000003
