3 0.85546875 0.51875 0.1265625 0.06875
3 0.21875 0.38828125 0.11875000000000001 0.0578125
8 0.6859375000000001 0.34296875000000004 0.17500000000000002 0.0859375
4 0.7328125000000001 0.8171875000000001 0.134375 0.07500000000000001
3 0.19609375 0.30078125 0.13593750000000002 0.0734375
0 0.25078125 0.7578125 0.029687500000000002 0.028125
0 0.12734375 0.8421875000000001 0.035937500000000004 0.037500000000000006
0 0.08281250000000001 0.6960937500000001 0.037500000000000006 0.0328125
0 0.7109375 0.8406250000000001 0.03125 0.040625
3 0.9085937500000001 0.7625000000000001 0.1203125 0.07500000000000001
