0 0.50546875 0.7132812500000001 0.0171875 0.035937500000000004
0 0.9031250000000001 0.509375 0.0125 0.03125
0 0.91015625 0.84140625 0.029687500000000002 0.051562500000000004
3 0.70078125 0.74765625 0.15781250000000002 0.060937500000000006
3 0.634375 0.8046875 0.16875 0.053125000000000006
3 0.875 0.5007812500000001 0.040625 0.029687500000000002
3 0.8539062500000001 0.38671875 0.026562500000000003 0.0171875
3 0.8757812500000001 0.38671875 0.026562500000000003 0.0171875
3 0.89765625 0.38671875 0.026562500000000003 0.0171875
3 0.8921875 0.3984375 0.021875000000000002 0.018750000000000003
3 0.925 0.38671875 0.021875000000000002 0.0203125
3 0.9460937500000001 0.38593750000000004 0.026562500000000003 0.021875000000000002
3 0.96875 0.38515625000000003 0.015625 0.0203125
