3 0.05859375 0.31015625 0.035937500000000004 0.0328125
3 0.08046875 0.35703125 0.0421875 0.0484375
8 0.40625 0.36796875 0.05625 0.1453125
3 0.33906250000000004 0.06875 0.021875000000000002 0.034375
4 0.02890625 0.26328125 0.045312500000000006 0.0484375
4 0.0890625 0.70078125 0.043750000000000004 0.07968750000000001
3 0.91953125 0.88671875 0.11406250000000001 0.0484375
4 0.09843750000000001 0.9046875000000001 0.05 0.09375
4 0.065625 0.521875 0.037500000000000006 0.05625
4 0.39921875 0.017968750000000002 0.0171875 0.0328125
3 0.40468750000000003 0.0421875 0.021875000000000002 0.037500000000000006
3 0.06406250000000001 0.4734375 0.03125 0.043750000000000004
3 0.06171875 0.421875 0.0328125 0.043750000000000004
3 0.0765625 0.61875 0.03125 0.046875
3 0.08671875000000001 0.7898437500000001 0.035937500000000004 0.051562500000000004
8 0.29531250000000003 0.053125000000000006 0.03125 0.084375
0 0.44375000000000003 0.049218750000000006 0.009375000000000001 0.0203125
0 0.44765625000000003 0.026562500000000003 0.0078125 0.015625
0 0.43593750000000003 0.06406250000000001 0.009375000000000001 0.018750000000000003
0 0.5640625 0.56953125 0.0125 0.026562500000000003
0 0.540625 0.61328125 0.015625 0.029687500000000002
0 0.5640625 0.728125 0.0125 0.034375
