0 0.040625 0.18359375 0.034375 0.09531250000000001
0 0.07734375 0.29921875000000003 0.0390625 0.09843750000000001
0 0.2234375 0.34296875000000004 0.034375 0.0921875
0 0.18906250000000002 0.35468750000000004 0.037500000000000006 0.084375
0 0.8460937500000001 0.2 0.029687500000000002 0.0625
0 0.46718750000000003 0.6875 0.053125000000000006 0.10312500000000001
4 0.34687500000000004 0.56796875 0.24375000000000002 0.15781250000000002
3 0.59375 0.13203125000000002 0.21250000000000002 0.0890625
0 0.859375 0.33359375 0.025 0.0859375
0 0.878125 0.359375 0.025 0.059375000000000004
0 0.5375 0.72265625 0.05625 0.1203125
