0 0.94453125 0.42031250000000003 0.029687500000000002 0.0625
0 0.978125 0.48750000000000004 0.021875000000000002 0.05
0 0.7250000000000001 0.6484375 0.018750000000000003 0.046875
0 0.6960937500000001 0.7429687500000001 0.035937500000000004 0.0703125
0 0.8703125 0.56875 0.03125 0.0625
0 0.8015625000000001 0.56015625 0.028125 0.0421875
0 0.7953125000000001 0.553125 0.03125 0.0625
0 0.84140625 0.52890625 0.029687500000000002 0.045312500000000006
0 0.83359375 0.5164062500000001 0.0328125 0.0578125
1 0.759375 0.90625 0.018750000000000003 0.028125
0 0.7601562500000001 0.91328125 0.0421875 0.0734375
0 0.53359375 0.9281250000000001 0.0203125 0.043750000000000004
0 0.38203125000000004 0.9203125000000001 0.029687500000000002 0.046875
0 0.44375000000000003 0.9703125 0.043750000000000004 0.059375000000000004
0 0.31875000000000003 0.9859375 0.021875000000000002 0.028125
0 0.14609375 0.9437500000000001 0.029687500000000002 0.059375000000000004
