3 0.125 0.8015625000000001 0.084375 0.11875000000000001
3 0.4265625 0.91953125 0.09375 0.1390625
3 0.49765625 0.79609375 0.1203125 0.1203125
5 0.63984375 0.6585937500000001 0.1859375 0.21406250000000002
5 0.8601562500000001 0.55625 0.27968750000000003 0.30312500000000003
5 0.82578125 0.434375 0.27968750000000003 0.26875
5 0.7601562500000001 0.35078125000000004 0.21406250000000002 0.2328125
3 0.91953125 0.08515625 0.1234375 0.1015625
4 0.6937500000000001 0.03125 0.078125 0.059375000000000004
4 0.5859375 0.0390625 0.08125 0.07500000000000001
3 0.4578125 0.24375000000000002 0.096875 0.12187500000000001
3 0.51953125 0.29375 0.11406250000000001 0.13125
3 0.384375 0.54453125 0.10625000000000001 0.1328125
3 0.29531250000000003 0.51796875 0.08750000000000001 0.1203125
