4 0.07265625 0.8656250000000001 0.0671875 0.05
3 0.25546875 0.6976562500000001 0.035937500000000004 0.0703125
3 0.42109375000000004 0.6687500000000001 0.0328125 0.065625
4 0.540625 0.64765625 0.037500000000000006 0.0703125
3 0.20078125000000002 0.52109375 0.029687500000000002 0.060937500000000006
3 0.875 0.44296875 0.037500000000000006 0.0671875
3 0.7585937500000001 0.6101562500000001 0.035937500000000004 0.0703125
3 0.7203125 0.6156250000000001 0.03125 0.065625
3 0.67890625 0.6234375000000001 0.0328125 0.06875
9 0.3125 0.6351562500000001 0.0125 0.0234375
0 0.48125 0.6273437500000001 0.00625 0.0078125
4 0.5945312500000001 0.46406250000000004 0.0328125 0.065625
3 0.51328125 0.47500000000000003 0.0328125 0.07187500000000001
0 0.20859375000000002 0.05625 0.0078125 0.009375000000000001
9 0.6507812500000001 0.32421875 0.0203125 0.0140625
0 0.65 0.32890625 0.00625 0.010937500000000001
4 0.60078125 0.63203125 0.0328125 0.06406250000000001
