3 0.80859375 0.32890625 0.1453125 0.0734375
3 0.5437500000000001 0.35468750000000004 0.15937500000000002 0.07187500000000001
3 0.5906250000000001 0.26328125 0.1375 0.0734375
3 0.91328125 0.28828125 0.1390625 0.0671875
3 0.8703125 0.12812500000000002 0.11875000000000001 0.053125000000000006
3 0.7351562500000001 0.11875000000000001 0.11406250000000001 0.0625
3 0.56875 0.0921875 0.115625 0.053125000000000006
3 0.2578125 0.07421875 0.13125 0.0578125
3 0.09531250000000001 0.065625 0.125 0.05625
3 0.4234375 0.08671875000000001 0.109375 0.0484375
3 0.46171875 0.41171875 0.1796875 0.0734375
3 0.68515625 0.434375 0.15781250000000002 0.078125
4 0.21250000000000002 0.39453125 0.16875 0.0859375
0 0.31328125 0.65234375 0.0484375 0.0703125
0 0.58984375 0.62421875 0.0390625 0.0546875
0 0.728125 0.07968750000000001 0.028125 0.043750000000000004
3 0.0890625 0.22578125000000002 0.17500000000000002 0.0859375
0 0.5640625 0.62421875 0.037500000000000006 0.0484375
0 0.9539062500000001 0.46796875000000004 0.0203125 0.0421875
0 0.9578125000000001 0.49296875 0.015625 0.0546875
