0 0.5320312500000001 0.9148437500000001 0.026562500000000003 0.045312500000000006
0 0.52734375 0.9031250000000001 0.0234375 0.05
0 0.24765625000000002 0.93125 0.0390625 0.059375000000000004
0 0.23046875 0.9656250000000001 0.0328125 0.043750000000000004
0 0.18515625000000002 0.96484375 0.045312500000000006 0.0578125
5 0.5789062500000001 0.8125 0.4109375 0.21250000000000002
0 0.72265625 0.8203125 0.0234375 0.053125000000000006
0 0.7718750000000001 0.80859375 0.028125 0.045312500000000006
0 0.7625000000000001 0.7976562500000001 0.025 0.0484375
0 0.81015625 0.7976562500000001 0.0328125 0.045312500000000006
0 0.8109375000000001 0.78125 0.028125 0.053125000000000006
0 0.11640625 0.6492187500000001 0.0234375 0.035937500000000004
0 0.13046875 0.64765625 0.0234375 0.0390625
0 0.16015625 0.66015625 0.026562500000000003 0.0390625
0 0.1859375 0.65625 0.028125 0.040625
0 0.19140625 0.65234375 0.026562500000000003 0.0390625
0 0.26875 0.640625 0.021875000000000002 0.037500000000000006
0 0.29609375 0.6328125 0.0234375 0.037500000000000006
0 0.30312500000000003 0.734375 0.025 0.040625
0 0.31875000000000003 0.7296875 0.021875000000000002 0.043750000000000004
0 0.32890625 0.6804687500000001 0.0234375 0.0390625
0 0.3671875 0.72265625 0.021875000000000002 0.035937500000000004
0 0.384375 0.7140625 0.028125 0.037500000000000006
0 0.4109375 0.71796875 0.021875000000000002 0.0421875
0 0.42578125 0.69921875 0.026562500000000003 0.045312500000000006
0 0.44843750000000004 0.7109375 0.028125 0.040625
0 0.4546875 0.70625 0.021875000000000002 0.043750000000000004
0 0.48359375000000004 0.7312500000000001 0.0390625 0.040625
0 0.5085937500000001 0.72265625 0.026562500000000003 0.0421875
0 0.5265625 0.7132812500000001 0.021875000000000002 0.0421875
0 0.546875 0.74765625 0.018750000000000003 0.0484375
0 0.55859375 0.73203125 0.0203125 0.035937500000000004
0 0.5703125 0.73046875 0.018750000000000003 0.045312500000000006
0 0.5421875 0.7015625000000001 0.021875000000000002 0.040625
0 0.0484375 0.28828125 0.0125 0.0203125
0 0.7937500000000001 0.7265625 0.015625 0.040625
0 0.8 0.7195312500000001 0.021875000000000002 0.0390625
0 0.86328125 0.784375 0.0171875 0.040625
0 0.8500000000000001 0.7625000000000001 0.015625 0.034375
0 0.8609375 0.7507812500000001 0.015625 0.045312500000000006
0 0.87109375 0.7796875000000001 0.0171875 0.040625
0 0.89375 0.7914062500000001 0.018750000000000003 0.035937500000000004
0 0.92890625 0.80859375 0.0171875 0.0484375
0 0.9460937500000001 0.8054687500000001 0.0171875 0.051562500000000004
0 0.9578125000000001 0.7976562500000001 0.015625 0.045312500000000006
0 0.97578125 0.79296875 0.0171875 0.051562500000000004
0 0.9593750000000001 0.8289062500000001 0.025 0.0484375
0 0.9859375 0.8375 0.021875000000000002 0.053125000000000006
0 0.9851562500000001 0.8046875 0.0171875 0.040625
