3 0.74921875 0.5984375000000001 0.1296875 0.140625
5 0.8796875000000001 0.40703125 0.140625 0.15156250000000002
3 0.634375 0.37812500000000004 0.08750000000000001 0.08750000000000001
3 0.6890625 0.48125 0.109375 0.10625000000000001
0 0.67890625 0.3328125 0.0203125 0.065625
0 0.6843750000000001 0.24609375 0.021875000000000002 0.0546875
0 0.6578125 0.24296875 0.025 0.0578125
3 0.33203125 0.31953125000000004 0.0671875 0.09531250000000001
3 0.6179687500000001 0.1609375 0.0703125 0.065625
3 0.56484375 0.06640625 0.051562500000000004 0.0546875
3 0.56953125 0.23046875 0.0671875 0.0703125
3 0.5375 0.16562500000000002 0.0625 0.065625
3 0.5203125000000001 0.11953125 0.053125000000000006 0.0578125
2 0.53671875 0.0171875 0.0390625 0.028125
1 0.765625 0.3609375 0.021875000000000002 0.05
2 0.76484375 0.38203125000000004 0.0234375 0.0484375
0 0.89609375 0.31562500000000004 0.026562500000000003 0.05625
9 0.93515625 0.325 0.060937500000000006 0.040625
1 0.8296875 0.45703125 0.034375 0.0546875
1 0.465625 0.09062500000000001 0.018750000000000003 0.040625
2 0.45390625 0.078125 0.010937500000000001 0.03125
1 0.45390625 0.0625 0.0203125 0.040625
3 0.6984375 0.02421875 0.05625 0.045312500000000006
3 0.29375 0.025781250000000002 0.05 0.051562500000000004
