4 0.8703125 0.06875 0.065625 0.084375
3 0.8968750000000001 0.19140625 0.06875 0.08281250000000001
3 0.5609375 0.13046875 0.0625 0.0734375
4 0.54453125 0.3015625 0.0671875 0.12187500000000001
3 0.5203125000000001 0.40078125000000003 0.07187500000000001 0.1015625
3 0.92578125 0.48125 0.0859375 0.12187500000000001
3 0.5171875 0.546875 0.08125 0.140625
7 0.46796875000000004 0.7132812500000001 0.0703125 0.1171875
7 0.9187500000000001 0.26406250000000003 0.05 0.08125
7 0.58828125 0.19062500000000002 0.0578125 0.065625
7 0.6515625 0.15390625000000002 0.05 0.0765625
9 0.38203125000000004 0.12109375 0.0484375 0.0328125
9 0.77890625 0.17421875 0.0234375 0.0484375
9 0.81640625 0.17109375000000002 0.026562500000000003 0.051562500000000004
1 0.7765625 0.16484375 0.028125 0.0390625
1 0.8148437500000001 0.16484375 0.029687500000000002 0.035937500000000004
