0 0.13828125 0.940625 0.0703125 0.10312500000000001
0 0.1953125 0.89375 0.0625 0.109375
0 0.25625000000000003 0.8453125 0.053125000000000006 0.140625
0 0.07968750000000001 0.75546875 0.07500000000000001 0.0890625
0 0.6742187500000001 0.7859375000000001 0.09843750000000001 0.125
0 0.89375 0.5984375000000001 0.11875000000000001 0.1375
0 0.8539062500000001 0.45078125 0.1046875 0.1703125
0 0.86484375 0.2609375 0.0921875 0.134375
0 0.63828125 0.40625 0.1046875 0.1375
0 0.6742187500000001 0.32734375000000004 0.0703125 0.1078125
0 0.67890625 0.3015625 0.1234375 0.140625
0 0.76328125 0.28203125 0.0671875 0.0859375
0 0.7921875 0.2 0.08125 0.109375
1 0.7875000000000001 0.20234375000000002 0.043750000000000004 0.0734375
0 0.59921875 0.109375 0.0734375 0.084375
0 0.66015625 0.09921875000000001 0.0578125 0.11093750000000001
