0 0.09062500000000001 0.675 0.16875 0.096875
1 0.2015625 0.65625 0.12812500000000002 0.07187500000000001
0 0.7515625 0.38984375000000004 0.15625 0.1265625
0 0.821875 0.60703125 0.12812500000000002 0.09843750000000001
0 0.8460937500000001 0.796875 0.1484375 0.146875
0 0.5765625 0.92109375 0.15625 0.1203125
0 0.3796875 0.90234375 0.19687500000000002 0.1078125
1 0.26015625000000003 0.7523437500000001 0.1609375 0.0859375
0 0.34687500000000004 0.7054687500000001 0.153125 0.0765625
9 0.3640625 0.7664062500000001 0.290625 0.1015625
