2 0.25234375000000003 0.58203125 0.035937500000000004 0.0765625
2 0.10703125000000001 0.34765625 0.0671875 0.045312500000000006
4 0.42421875000000003 0.04296875 0.1296875 0.06406250000000001
3 0.46328125000000003 0.08046875 0.1265625 0.051562500000000004
3 0.5390625 0.096875 0.134375 0.059375000000000004
4 0.5765625 0.12578125 0.134375 0.0703125
4 0.6664062500000001 0.18359375 0.1328125 0.0765625
9 0.721875 0.20234375000000002 0.059375000000000004 0.06406250000000001
3 0.8148437500000001 0.26875 0.1609375 0.084375
3 0.878125 0.115625 0.10625000000000001 0.059375000000000004
