1 0.078125 0.06875 0.028125 0.034375
0 0.22890625 0.2015625 0.0390625 0.053125000000000006
0 0.25703125 0.18828125 0.026562500000000003 0.045312500000000006
0 0.23593750000000002 0.16875 0.03125 0.043750000000000004
0 0.2625 0.16484375 0.028125 0.045312500000000006
1 0.30078125 0.09375 0.0234375 0.043750000000000004
1 0.275 0.0890625 0.025 0.034375
1 0.371875 0.1484375 0.028125 0.043750000000000004
1 0.37812500000000004 0.11484375000000001 0.025 0.0328125
1 0.29609375 0.0171875 0.0234375 0.034375
1 0.31875000000000003 0.057031250000000006 0.025 0.0390625
1 0.31796875 0.01640625 0.0234375 0.0328125
1 0.37890625 0.02890625 0.0328125 0.035937500000000004
1 0.371875 0.078125 0.028125 0.037500000000000006
1 0.4265625 0.1640625 0.028125 0.028125
1 0.4375 0.11484375000000001 0.021875000000000002 0.029687500000000002
1 0.46015625000000004 0.11796875000000001 0.026562500000000003 0.0328125
1 0.46328125000000003 0.08671875000000001 0.026562500000000003 0.029687500000000002
1 0.44843750000000004 0.045312500000000006 0.028125 0.028125
1 0.48125 0.05390625 0.021875000000000002 0.0328125
1 0.54609375 0.09062500000000001 0.0203125 0.037500000000000006
1 0.58515625 0.07421875 0.026562500000000003 0.026562500000000003
0 0.5859375 0.0484375 0.034375 0.046875
0 0.5640625 0.12734375 0.021875000000000002 0.045312500000000006
0 0.37109375 0.1875 0.029687500000000002 0.046875
1 0.51953125 0.14375000000000002 0.0328125 0.034375
1 0.54609375 0.12421875 0.0203125 0.029687500000000002
1 0.57421875 0.15625 0.0234375 0.040625
1 0.6726562500000001 0.18046875 0.026562500000000003 0.029687500000000002
1 0.6492187500000001 0.15234375 0.0234375 0.029687500000000002
1 0.63984375 0.11953125 0.026562500000000003 0.035937500000000004
1 0.6671875 0.12265625000000001 0.021875000000000002 0.035937500000000004
1 0.68359375 0.1015625 0.026562500000000003 0.025
1 0.625 0.09453125000000001 0.028125 0.029687500000000002
1 0.6570312500000001 0.07421875 0.029687500000000002 0.0328125
1 0.634375 0.03359375 0.028125 0.045312500000000006
1 0.71640625 0.0625 0.0234375 0.037500000000000006
1 0.7507812500000001 0.057031250000000006 0.0328125 0.0328125
1 0.7765625 0.07734375 0.021875000000000002 0.045312500000000006
1 0.72578125 0.18828125 0.026562500000000003 0.045312500000000006
1 0.7546875000000001 0.19687500000000002 0.034375 0.040625
1 0.7835937500000001 0.17734375000000002 0.0328125 0.0328125
1 0.82578125 0.11484375000000001 0.0234375 0.035937500000000004
1 0.8914062500000001 0.10234375000000001 0.026562500000000003 0.029687500000000002
1 0.9015625 0.1234375 0.025 0.028125
1 0.9031250000000001 0.15078125 0.028125 0.0234375
1 0.8812500000000001 0.16875 0.028125 0.028125
1 0.84375 0.15625 0.03125 0.037500000000000006
1 0.83125 0.13984375000000002 0.037500000000000006 0.0328125
1 0.8546875 0.08984375 0.034375 0.0421875
1 0.90234375 0.05390625 0.0328125 0.0328125
1 0.9015625 0.03359375 0.028125 0.026562500000000003
1 0.8328125000000001 0.01640625 0.037500000000000006 0.029687500000000002
1 0.8515625 0.24531250000000002 0.025 0.034375
1 0.8796875000000001 0.22578125000000002 0.021875000000000002 0.0328125
4 0.61328125 0.421875 0.1234375 0.203125
9 0.7039062500000001 0.38125000000000003 0.045312500000000006 0.08125
3 0.78046875 0.46406250000000004 0.1046875 0.184375
9 0.8859375 0.39375000000000004 0.08125 0.07500000000000001
9 0.88671875 0.47578125000000004 0.0546875 0.0546875
9 0.9390625 0.45546875000000003 0.021875000000000002 0.0703125
