3 0.296875 0.025 0.034375 0.037500000000000006
3 0.12109375 0.12734375 0.0546875 0.035937500000000004
3 0.13671875 0.15937500000000002 0.0390625 0.037500000000000006
3 0.15859375 0.184375 0.0484375 0.053125000000000006
3 0.1703125 0.29140625000000003 0.05625 0.0765625
4 0.17343750000000002 0.5453125 0.096875 0.14375000000000002
3 0.16484375 0.6921875000000001 0.1078125 0.15625
3 0.1703125 0.878125 0.12187500000000001 0.178125
5 0.77734375 0.6984375 0.2015625 0.246875
3 0.5632812500000001 0.36484375 0.0765625 0.0671875
3 0.44375000000000003 0.184375 0.0625 0.05625
3 0.36796875 0.09843750000000001 0.051562500000000004 0.040625
