3 0.1859375 0.09453125000000001 0.13125 0.15156250000000002
1 0.20703125 0.18984375 0.0328125 0.0546875
2 0.20703125 0.21406250000000002 0.029687500000000002 0.05625
1 0.52890625 0.2921875 0.026562500000000003 0.053125000000000006
1 0.43359375 0.41796875 0.0234375 0.0484375
2 0.52578125 0.3125 0.026562500000000003 0.065625
9 0.43671875000000004 0.4265625 0.0328125 0.07187500000000001
6 0.81640625 0.06328125 0.0328125 0.0578125
7 0.6828125 0.19375 0.08125 0.10312500000000001
3 0.62421875 0.30078125 0.1015625 0.15156250000000002
0 0.80859375 0.23828125 0.0328125 0.0734375
3 0.48203125 0.70625 0.1421875 0.209375
