3 0.12734375 0.0328125 0.0421875 0.025
3 0.11406250000000001 0.06171875 0.05625 0.029687500000000002
3 0.09921875000000001 0.09062500000000001 0.0546875 0.025
3 0.08125 0.15156250000000002 0.053125000000000006 0.025
3 0.060937500000000006 0.18906250000000002 0.059375000000000004 0.025
3 0.04453125 0.2171875 0.0546875 0.025
0 0.37734375000000003 0.6273437500000001 0.010937500000000001 0.010937500000000001
0 0.5265625 0.41953125 0.015625 0.010937500000000001
0 0.41484375 0.8656250000000001 0.010937500000000001 0.015625
0 0.40468750000000003 0.8695312500000001 0.0125 0.010937500000000001
