3 0.153125 0.6421875 0.10312500000000001 0.053125000000000006
3 0.2609375 0.6351562500000001 0.10312500000000001 0.0578125
3 0.049218750000000006 0.5203125000000001 0.09843750000000001 0.040625
4 0.11484375000000001 0.4546875 0.08281250000000001 0.043750000000000004
4 0.32656250000000003 0.43593750000000003 0.09375 0.040625
3 0.40468750000000003 0.49765625 0.09375 0.0390625
4 0.51953125 0.4234375 0.09843750000000001 0.046875
5 0.4 0.6671875 0.16875 0.06875
5 0.55859375 0.765625 0.27968750000000003 0.08750000000000001
5 0.6179687500000001 0.6890625 0.23593750000000002 0.09062500000000001
5 0.640625 0.6117187500000001 0.18125000000000002 0.0578125
3 0.8921875 0.6156250000000001 0.05 0.09062500000000001
3 0.95703125 0.6179687500000001 0.045312500000000006 0.1015625
4 0.6820312500000001 0.41718750000000004 0.0890625 0.040625
4 0.7429687500000001 0.48203125 0.11406250000000001 0.0421875
4 0.85859375 0.40937500000000004 0.0921875 0.046875
3 0.5632812500000001 0.21484375 0.1046875 0.045312500000000006
