0 0.37734375000000003 0.6203125 0.0203125 0.06875
0 0.39453125 0.5625 0.0328125 0.065625
0 0.47187500000000004 0.66015625 0.018750000000000003 0.08281250000000001
0 0.4921875 0.71015625 0.043750000000000004 0.0734375
0 0.4921875 0.690625 0.037500000000000006 0.07500000000000001
0 0.4921875 0.68125 0.037500000000000006 0.084375
3 0.5750000000000001 0.584375 0.08750000000000001 0.115625
3 0.57421875 0.3984375 0.0671875 0.06875
3 0.6734375 0.5390625 0.08750000000000001 0.10625000000000001
3 0.5640625 0.296875 0.05625 0.065625
3 0.6671875 0.45234375000000004 0.08125 0.0890625
3 0.5632812500000001 0.23125 0.0546875 0.065625
3 0.634375 0.234375 0.059375000000000004 0.065625
3 0.66171875 0.28750000000000003 0.0703125 0.065625
3 0.628125 0.16796875 0.05 0.0546875
4 0.7109375 0.23359375000000002 0.05625 0.0734375
3 0.65625 0.3609375 0.07187500000000001 0.084375
3 0.7015625000000001 0.6976562500000001 0.10312500000000001 0.1390625
3 0.7984375 0.6570312500000001 0.115625 0.13593750000000002
4 0.77734375 0.53515625 0.0921875 0.1171875
3 0.753125 0.45625000000000004 0.09062500000000001 0.084375
3 0.7375 0.390625 0.07187500000000001 0.07500000000000001
3 0.7265625 0.32890625 0.06875 0.0703125
3 0.6890625 0.18046875 0.05 0.045312500000000006
3 0.6734375 0.13203125000000002 0.043750000000000004 0.0578125
3 0.6351562500000001 0.13593750000000002 0.0484375 0.05
3 0.60703125 0.065625 0.0328125 0.040625
3 0.6234375000000001 0.05390625 0.028125 0.0328125
4 0.58125 0.04609375 0.03125 0.035937500000000004
3 0.5953125 0.0328125 0.03125 0.028125
3 0.5750000000000001 0.013281250000000001 0.028125 0.0234375
3 0.53515625 0.013281250000000001 0.035937500000000004 0.0234375
3 0.496875 0.009375000000000001 0.028125 0.015625
3 0.48671875000000003 0.0171875 0.026562500000000003 0.028125
3 0.49140625000000004 0.0328125 0.0328125 0.03125
3 0.49765625 0.04609375 0.0328125 0.029687500000000002
3 0.5078125 0.06328125 0.034375 0.0390625
3 0.5320312500000001 0.029687500000000002 0.026562500000000003 0.025
3 0.540625 0.045312500000000006 0.028125 0.028125
3 0.5453125 0.0625 0.03125 0.025
8 0.57578125 0.11171875 0.08281250000000001 0.09843750000000001
3 0.7546875000000001 0.15781250000000002 0.05 0.046875
3 0.815625 0.23046875 0.065625 0.0578125
3 0.82578125 0.30859375 0.0703125 0.060937500000000006
3 0.73828125 0.05 0.0484375 0.037500000000000006
3 0.690625 0.0140625 0.03125 0.025
5 0.77109375 0.09921875000000001 0.060937500000000006 0.06406250000000001
8 0.86875 0.16875 0.11875000000000001 0.12187500000000001
3 0.9171875 0.39765625000000004 0.1 0.0921875
3 0.93125 0.55390625 0.10312500000000001 0.09843750000000001
5 0.9789062500000001 0.18203125 0.0390625 0.0734375
0 0.98828125 0.09921875000000001 0.0203125 0.035937500000000004
0 0.9625 0.07421875 0.015625 0.035937500000000004
3 0.9398437500000001 0.1234375 0.045312500000000006 0.046875
3 0.9242187500000001 0.10312500000000001 0.0484375 0.037500000000000006
3 0.8953125000000001 0.07890625000000001 0.037500000000000006 0.0328125
3 0.88203125 0.06171875 0.035937500000000004 0.026562500000000003
0 0.8523437500000001 0.045312500000000006 0.010937500000000001 0.025
0 0.875 0.029687500000000002 0.009375000000000001 0.028125
3 0.8601562500000001 0.03359375 0.035937500000000004 0.035937500000000004
4 0.846875 0.0171875 0.037500000000000006 0.03125
3 0.97265625 0.0546875 0.0390625 0.040625
3 0.9734375000000001 0.025781250000000002 0.05 0.0328125
3 0.95234375 0.013281250000000001 0.06406250000000001 0.0203125
