3 0.0484375 0.0203125 0.021875000000000002 0.025
8 0.09296875 0.04609375 0.026562500000000003 0.051562500000000004
3 0.021875000000000002 0.06328125 0.021875000000000002 0.029687500000000002
3 0.025781250000000002 0.1375 0.026562500000000003 0.028125
0 0.004687500000000001 0.328125 0.00625 0.018750000000000003
3 0.27187500000000003 0.13125 0.034375 0.040625
0 0.37343750000000003 0.22968750000000002 0.00625 0.0125
0 0.37812500000000004 0.234375 0.00625 0.015625
4 0.39765625000000004 0.29140625000000003 0.0484375 0.0546875
3 0.33515625000000004 0.47890625000000003 0.045312500000000006 0.0546875
3 0.22968750000000002 0.45 0.043750000000000004 0.059375000000000004
3 0.14609375 0.52265625 0.045312500000000006 0.0578125
3 0.42265625 0.8679687500000001 0.0671875 0.09843750000000001
