5 0.11484375000000001 0.31562500000000004 0.010937500000000001 0.018750000000000003
5 0.10390625 0.325 0.010937500000000001 0.018750000000000003
5 0.1765625 0.40625 0.018750000000000003 0.03125
5 0.13828125 0.43593750000000003 0.0203125 0.028125
5 0.115625 0.36875 0.009375000000000001 0.015625
3 0.22578125000000002 0.703125 0.0234375 0.034375
3 0.19140625 0.58359375 0.0171875 0.0203125
3 0.22031250000000002 0.42734375 0.009375000000000001 0.010937500000000001
3 0.21484375 0.40703125 0.0078125 0.010937500000000001
3 0.10234375000000001 0.34609375000000003 0.004687500000000001 0.0078125
3 0.15703125 0.43671875000000004 0.010937500000000001 0.010937500000000001
3 0.16796875 0.52109375 0.0171875 0.0171875
3 0.12578125 0.36640625000000004 0.004687500000000001 0.0078125
3 0.08359375000000001 0.325 0.004687500000000001 0.003125
0 0.153125 0.55078125 0.00625 0.010937500000000001
