3 0.8523437500000001 0.9226562500000001 0.0859375 0.0328125
3 0.7421875 0.87890625 0.05625 0.026562500000000003
3 0.5953125 0.9398437500000001 0.08750000000000001 0.045312500000000006
4 0.66328125 0.9031250000000001 0.0578125 0.034375
3 0.6828125 0.9 0.05625 0.034375
3 0.5750000000000001 0.88671875 0.043750000000000004 0.0203125
3 0.5125000000000001 0.88671875 0.043750000000000004 0.0234375
8 0.46875 0.8671875 0.08750000000000001 0.037500000000000006
3 0.415625 0.8671875 0.028125 0.015625
3 0.22968750000000002 0.92734375 0.059375000000000004 0.0421875
3 0.34609375000000003 0.86640625 0.0328125 0.0203125
3 0.21250000000000002 0.85078125 0.021875000000000002 0.0140625
3 0.14609375 0.8500000000000001 0.0171875 0.0125
3 0.08750000000000001 0.8500000000000001 0.015625 0.0125
