3 0.109375 0.50625 0.05 0.025
4 0.14296875 0.9164062500000001 0.0421875 0.0203125
4 0.14140625 0.9421875000000001 0.0484375 0.025
4 0.14296875 0.9671875000000001 0.0484375 0.025
3 0.20234375000000002 0.87109375 0.0484375 0.0203125
3 0.20234375000000002 0.8953125000000001 0.0484375 0.021875000000000002
3 0.20390625 0.92109375 0.045312500000000006 0.0203125
3 0.20234375000000002 0.95234375 0.0484375 0.0203125
3 0.19843750000000002 0.9765625 0.05 0.025
3 0.3375 0.98828125 0.053125000000000006 0.0203125
3 0.3375 0.91015625 0.05 0.026562500000000003
3 0.33359375 0.8828125 0.0484375 0.025
3 0.33984375 0.8546875 0.0421875 0.018750000000000003
3 0.33437500000000003 0.83359375 0.05 0.0234375
9 0.32656250000000003 0.8 0.021875000000000002 0.009375000000000001
4 0.25859375 0.47890625000000003 0.0484375 0.0234375
4 0.30000000000000004 0.6117187500000001 0.053125000000000006 0.029687500000000002
3 0.47578125000000004 0.44375000000000003 0.045312500000000006 0.021875000000000002
5 0.37031250000000004 0.51015625 0.07500000000000001 0.035937500000000004
5 0.6015625 0.5554687500000001 0.07187500000000001 0.035937500000000004
8 0.62265625 0.6179687500000001 0.1265625 0.0421875
9 0.39375000000000004 0.815625 0.021875000000000002 0.009375000000000001
4 0.39921875 0.8390625 0.0484375 0.018750000000000003
4 0.3984375 0.86640625 0.037500000000000006 0.0203125
4 0.39375000000000004 0.8890625000000001 0.05 0.028125
4 0.46328125000000003 0.90390625 0.0421875 0.0484375
3 0.3984375 0.99375 0.05 0.0125
9 0.48046875 0.7625000000000001 0.0171875 0.00625
9 0.54609375 0.7523437500000001 0.026562500000000003 0.0078125
3 0.9515625000000001 0.403125 0.05 0.018750000000000003
3 0.8304687500000001 0.59609375 0.0484375 0.0234375
5 0.82421875 0.56484375 0.09843750000000001 0.0328125
5 0.8851562500000001 0.52734375 0.08281250000000001 0.0328125
5 0.67109375 0.38359375 0.1015625 0.045312500000000006
