3 0.8367187500000001 0.9281250000000001 0.0328125 0.015625
3 0.80390625 0.9226562500000001 0.0328125 0.0140625
3 0.8796875000000001 0.9242187500000001 0.037500000000000006 0.0203125
3 0.0546875 0.9164062500000001 0.015625 0.0171875
3 0.05 0.90234375 0.015625 0.0140625
3 0.03125 0.8796875000000001 0.009375000000000001 0.009375000000000001
3 0.01640625 0.87421875 0.010937500000000001 0.0078125
3 0.00390625 0.8703125 0.0078125 0.003125
3 0.09296875 0.87421875 0.0171875 0.0078125
0 0.11406250000000001 0.8914062500000001 0.003125 0.0078125
0 0.022656250000000003 0.86640625 0.004687500000000001 0.0078125
3 0.11484375000000001 0.86640625 0.0171875 0.0078125
