9 0.91171875 0.028125 0.0734375 0.053125000000000006
9 0.9421875000000001 0.04609375 0.084375 0.035937500000000004
9 0.93515625 0.078125 0.08281250000000001 0.040625
4 0.68359375 0.184375 0.1859375 0.19687500000000002
2 0.6414062500000001 0.3328125 0.06406250000000001 0.0625
9 0.6664062500000001 0.38515625000000003 0.08281250000000001 0.0421875
9 0.7109375 0.40156250000000004 0.109375 0.040625
9 0.759375 0.353125 0.10312500000000001 0.040625
1 0.9460937500000001 0.19609375 0.026562500000000003 0.035937500000000004
1 0.9242187500000001 0.21328125 0.026562500000000003 0.0328125
1 0.9421875000000001 0.24531250000000002 0.028125 0.03125
1 0.97421875 0.2546875 0.0328125 0.028125
1 0.978125 0.18828125 0.03125 0.0328125
0 0.86328125 0.328125 0.035937500000000004 0.034375
0 0.8484375000000001 0.36171875000000003 0.040625 0.051562500000000004
0 0.88671875 0.42265625 0.0421875 0.0421875
1 0.7718750000000001 0.59921875 0.046875 0.0328125
