6 0.54921875 0.92890625 0.07968750000000001 0.06406250000000001
1 0.21953125 0.96640625 0.0390625 0.0421875
9 0.4921875 0.9265625000000001 0.05 0.059375000000000004
9 0.38046875 0.8914062500000001 0.051562500000000004 0.045312500000000006
6 0.40156250000000004 0.9500000000000001 0.065625 0.05625
9 0.34765625 0.96875 0.07968750000000001 0.046875
3 0.9203125000000001 0.1953125 0.05 0.018750000000000003
3 0.7859375000000001 0.18828125 0.05625 0.0203125
3 0.8031250000000001 0.44140625 0.09375 0.035937500000000004
3 0.49375 0.37812500000000004 0.096875 0.040625
4 0.38984375000000004 0.31953125000000004 0.060937500000000006 0.0328125
0 0.35781250000000003 0.27734375 0.0125 0.0234375
0 0.36562500000000003 0.27265625 0.015625 0.026562500000000003
3 0.33906250000000004 0.20468750000000002 0.05 0.021875000000000002
4 0.26640625 0.35546875 0.0859375 0.051562500000000004
4 0.19062500000000002 0.30546875 0.078125 0.035937500000000004
3 0.034375 0.24296875 0.065625 0.0234375
4 0.13828125 0.23750000000000002 0.06406250000000001 0.028125
4 0.2 0.23046875 0.053125000000000006 0.026562500000000003
3 0.10234375000000001 0.22812500000000002 0.0671875 0.028125
4 0.1703125 0.21171875 0.059375000000000004 0.0234375
4 0.234375 0.20468750000000002 0.05625 0.028125
