3 0.328125 0.0125 0.021875000000000002 0.025
3 0.36171875000000003 0.0171875 0.0234375 0.03125
3 0.29531250000000003 0.02421875 0.028125 0.0203125
3 0.4390625 0.015625 0.021875000000000002 0.021875000000000002
3 0.7234375000000001 0.015625 0.021875000000000002 0.025
3 0.6781250000000001 0.053125000000000006 0.021875000000000002 0.021875000000000002
4 0.6414062500000001 0.11015625000000001 0.026562500000000003 0.029687500000000002
4 0.7890625 0.184375 0.028125 0.043750000000000004
4 0.6414062500000001 0.25546875 0.0328125 0.0390625
4 0.44375000000000003 0.20546875 0.059375000000000004 0.029687500000000002
0 0.584375 0.234375 0.009375000000000001 0.021875000000000002
4 0.5484375 0.29140625000000003 0.03125 0.0328125
8 0.5375 0.35468750000000004 0.037500000000000006 0.06875
4 0.58515625 0.38515625000000003 0.026562500000000003 0.035937500000000004
4 0.58984375 0.32890625 0.026562500000000003 0.0390625
4 0.59140625 0.284375 0.026562500000000003 0.028125
0 0.85546875 0.11093750000000001 0.004687500000000001 0.018750000000000003
3 0.91015625 0.27968750000000003 0.0546875 0.034375
4 0.9296875 0.4453125 0.037500000000000006 0.053125000000000006
4 0.946875 0.5015625 0.037500000000000006 0.05625
4 0.9632812500000001 0.55703125 0.0390625 0.0671875
4 0.63671875 0.5242187500000001 0.045312500000000006 0.0671875
3 0.7109375 0.665625 0.05 0.07500000000000001
0 0.44921875 0.5875 0.010937500000000001 0.025
3 0.49765625 0.6296875000000001 0.0421875 0.059375000000000004
3 0.58515625 0.6578125 0.051562500000000004 0.059375000000000004
3 0.51015625 0.7351562500000001 0.045312500000000006 0.0703125
0 0.37890625 0.9031250000000001 0.0140625 0.03125
4 0.8796875000000001 0.9359375000000001 0.065625 0.12187500000000001
