3 0.815625 0.11484375000000001 0.00625 0.0078125
3 0.8304687500000001 0.11093750000000001 0.0078125 0.003125
3 0.83203125 0.12265625000000001 0.004687500000000001 0.0078125
3 0.81640625 0.13046875 0.004687500000000001 0.0078125
3 0.815625 0.13984375000000002 0.00625 0.0078125
3 0.815625 0.16718750000000002 0.00625 0.00625
3 0.81640625 0.17578125 0.004687500000000001 0.0078125
3 0.8250000000000001 0.18125000000000002 0.00625 0.00625
3 0.81953125 0.19687500000000002 0.0078125 0.009375000000000001
3 0.8367187500000001 0.140625 0.0078125 0.009375000000000001
3 0.8421875000000001 0.12734375 0.00625 0.0078125
3 0.846875 0.13984375000000002 0.00625 0.004687500000000001
3 0.8421875000000001 0.15625 0.00625 0.003125
3 0.84140625 0.1640625 0.0078125 0.003125
3 0.84375 0.17265625 0.00625 0.0078125
3 0.8500000000000001 0.1640625 0.00625 0.003125
8 0.84296875 0.30312500000000003 0.010937500000000001 0.015625
3 0.83203125 0.31171875000000004 0.004687500000000001 0.0078125
3 0.83359375 0.35234375 0.010937500000000001 0.0171875
3 0.8328125000000001 0.384375 0.0125 0.018750000000000003
3 0.87421875 0.290625 0.010937500000000001 0.0125
7 0.9140625 0.3125 0.0125 0.0125
3 0.8523437500000001 0.33203125 0.0078125 0.0140625
3 0.828125 0.4265625 0.015625 0.025
3 0.828125 0.46015625000000004 0.015625 0.0234375
3 0.7828125 0.56484375 0.028125 0.029687500000000002
3 0.8226562500000001 0.55 0.0171875 0.028125
3 0.86875 0.56171875 0.018750000000000003 0.0328125
3 0.82578125 0.65234375 0.0203125 0.035937500000000004
3 0.84921875 0.65234375 0.0203125 0.035937500000000004
3 0.88203125 0.6804687500000001 0.026562500000000003 0.045312500000000006
3 0.8929687500000001 0.7421875 0.026562500000000003 0.05
3 0.8984375 0.8171875000000001 0.028125 0.053125000000000006
3 0.9085937500000001 0.878125 0.026562500000000003 0.059375000000000004
3 0.875 0.9070312500000001 0.028125 0.0578125
3 0.84296875 0.8984375 0.026562500000000003 0.05625
3 0.9265625000000001 0.971875 0.037500000000000006 0.053125000000000006
3 0.6843750000000001 0.6804687500000001 0.03125 0.0328125
5 0.5984375000000001 0.7250000000000001 0.096875 0.09375
5 0.5640625 0.75546875 0.1 0.1015625
5 0.56484375 0.7351562500000001 0.08281250000000001 0.0734375
4 0.69921875 0.82421875 0.0234375 0.045312500000000006
3 0.640625 0.9148437500000001 0.021875000000000002 0.045312500000000006
5 0.5921875 0.8734375000000001 0.043750000000000004 0.053125000000000006
