3 0.2890625 0.14140625 0.096875 0.0390625
4 0.19765625 0.29609375 0.1203125 0.060937500000000006
5 0.37890625 0.27890625 0.1546875 0.0859375
5 0.2578125 0.36250000000000004 0.17500000000000002 0.07500000000000001
4 0.71875 0.021875000000000002 0.09062500000000001 0.040625
4 0.6078125000000001 0.15156250000000002 0.10312500000000001 0.046875
4 0.82734375 0.14453125 0.0765625 0.0484375
7 0.7132812500000001 0.16484375 0.07968750000000001 0.0421875
7 0.9015625 0.2109375 0.078125 0.08125
7 0.83359375 0.37031250000000004 0.06406250000000001 0.078125
7 0.81953125 0.52890625 0.0578125 0.06406250000000001
0 0.96796875 0.171875 0.010937500000000001 0.03125
0 0.8640625000000001 0.18203125 0.0125 0.0328125
0 0.9796875 0.17265625 0.009375000000000001 0.0328125
1 0.9460937500000001 0.20703125 0.0140625 0.0171875
5 0.78125 0.20546875 0.06875 0.0859375
0 0.8031250000000001 0.209375 0.0125 0.040625
7 0.5710937500000001 0.6000000000000001 0.0859375 0.040625
3 0.0671875 0.50546875 0.09375 0.0859375
0 0.028125 0.64375 0.03125 0.040625
0 0.026562500000000003 0.6203125 0.028125 0.040625
5 0.19609375 0.4859375 0.1328125 0.15000000000000002
4 0.30859375 0.7718750000000001 0.1078125 0.096875
0 0.65546875 0.6000000000000001 0.0203125 0.040625
0 0.69921875 0.54609375 0.0203125 0.035937500000000004
0 0.7015625000000001 0.5703125 0.021875000000000002 0.043750000000000004
0 0.7601562500000001 0.53515625 0.0171875 0.0390625
0 0.7109375 0.42265625 0.015625 0.0328125
0 0.7601562500000001 0.43125 0.0203125 0.040625
1 0.7609375 0.39453125 0.021875000000000002 0.035937500000000004
9 0.7601562500000001 0.39921875 0.0234375 0.035937500000000004
9 0.82578125 0.44843750000000004 0.0390625 0.040625
0 0.8773437500000001 0.3609375 0.0140625 0.040625
0 0.8914062500000001 0.3375 0.0140625 0.037500000000000006
0 0.9375 0.328125 0.0125 0.040625
0 0.99140625 0.3328125 0.0140625 0.034375
9 0.9265625000000001 0.340625 0.046875 0.028125
