5 0.06640625 0.4390625 0.1296875 0.0625
3 0.039843750000000004 0.48125 0.07968750000000001 0.034375
9 0.11015625000000001 0.49375 0.026562500000000003 0.0125
4 0.1375 0.47187500000000004 0.08125 0.025
3 0.1921875 0.44062500000000004 0.08125 0.03125
3 0.234375 0.46484375 0.08125 0.0328125
5 0.36250000000000004 0.44375000000000003 0.14375000000000002 0.065625
5 0.35000000000000003 0.41953125 0.178125 0.0578125
3 0.27968750000000003 0.41796875 0.059375000000000004 0.029687500000000002
3 0.26953125 0.3453125 0.051562500000000004 0.025
9 0.50390625 0.31953125000000004 0.0203125 0.010937500000000001
0 0.5 0.3125 0.0125 0.0125
0 0.10625000000000001 0.4890625 0.0125 0.015625
0 0.5578125 0.20546875 0.009375000000000001 0.0171875
0 0.5640625 0.2015625 0.00625 0.015625
0 0.5796875 0.19296875000000002 0.009375000000000001 0.0203125
0 0.6023437500000001 0.1203125 0.010937500000000001 0.018750000000000003
0 0.34921875 0.94453125 0.0234375 0.0328125
7 0.89375 0.0703125 0.018750000000000003 0.034375
4 0.88671875 0.1125 0.0171875 0.025
9 0.890625 0.13125 0.00625 0.0125
0 0.890625 0.12812500000000002 0.00625 0.0125
3 0.90390625 0.1484375 0.0203125 0.025
5 0.9085937500000001 0.22187500000000002 0.0328125 0.059375000000000004
5 0.8859375 0.34453125 0.040625 0.0734375
3 0.9070312500000001 0.30859375 0.0234375 0.029687500000000002
3 0.9359375000000001 0.35703125 0.028125 0.0328125
3 0.9320312500000001 0.45234375000000004 0.029687500000000002 0.035937500000000004
7 0.7921875 0.453125 0.05625 0.053125000000000006
3 0.8500000000000001 0.55 0.037500000000000006 0.046875
3 0.9359375000000001 0.53046875 0.034375 0.045312500000000006
5 0.9078125 0.63671875 0.05 0.11406250000000001
3 0.9703125 0.66953125 0.034375 0.051562500000000004
4 0.96796875 0.78515625 0.0390625 0.060937500000000006
