0 0.25703125 0.70625 0.0328125 0.043750000000000004
0 0.26953125 0.696875 0.0328125 0.05
0 0.21484375 0.446875 0.0234375 0.053125000000000006
0 0.328125 0.43828125 0.015625 0.0484375
0 0.33828125000000003 0.43359375 0.0171875 0.045312500000000006
0 0.3828125 0.43593750000000003 0.021875000000000002 0.059375000000000004
0 0.39765625000000004 0.42265625 0.0234375 0.0578125
0 0.38359375 0.38203125000000004 0.0234375 0.045312500000000006
0 0.4140625 0.38203125000000004 0.025 0.0578125
0 0.4375 0.36875 0.021875000000000002 0.05625
0 0.42109375000000004 0.28828125 0.0234375 0.051562500000000004
0 0.37890625 0.2984375 0.0203125 0.053125000000000006
0 0.3171875 0.29140625000000003 0.028125 0.0546875
0 0.19062500000000002 0.225 0.021875000000000002 0.05
0 0.225 0.21328125 0.021875000000000002 0.0484375
0 0.24453125 0.21015625000000002 0.0171875 0.0484375
0 0.26406250000000003 0.209375 0.021875000000000002 0.053125000000000006
0 0.2625 0.13593750000000002 0.021875000000000002 0.046875
0 0.17500000000000002 0.12265625000000001 0.021875000000000002 0.0484375
0 0.16796875 0.09843750000000001 0.0171875 0.037500000000000006
0 0.19609375 0.09921875000000001 0.0171875 0.045312500000000006
0 0.21796875000000002 0.06640625 0.0203125 0.0484375
0 0.18984375 0.0328125 0.0234375 0.05
0 0.14375000000000002 0.0171875 0.015625 0.034375
0 0.34453125 0.10625000000000001 0.026562500000000003 0.034375
0 0.38984375000000004 0.0859375 0.0171875 0.046875
0 0.41171875 0.09062500000000001 0.0171875 0.043750000000000004
0 0.44140625 0.10234375000000001 0.0203125 0.0328125
0 0.43281250000000004 0.0859375 0.018750000000000003 0.037500000000000006
0 0.540625 0.05390625 0.0125 0.0390625
0 0.5484375 0.0578125 0.015625 0.037500000000000006
0 0.5703125 0.04609375 0.015625 0.035937500000000004
0 0.5859375 0.025 0.015625 0.040625
0 0.59765625 0.02890625 0.0171875 0.0421875
0 0.4265625 0.57421875 0.021875000000000002 0.060937500000000006
0 0.4375 0.553125 0.028125 0.059375000000000004
0 0.56875 0.44375000000000003 0.021875000000000002 0.046875
0 0.6117187500000001 0.4390625 0.0171875 0.040625
0 0.6453125000000001 0.55390625 0.021875000000000002 0.045312500000000006
0 0.6625000000000001 0.55 0.021875000000000002 0.046875
0 0.6414062500000001 0.7914062500000001 0.029687500000000002 0.0484375
0 0.775 0.9390625 0.03125 0.053125000000000006
0 0.6664062500000001 0.9031250000000001 0.026562500000000003 0.053125000000000006
0 0.6273437500000001 0.95234375 0.045312500000000006 0.0546875
0 0.634375 0.9265625000000001 0.037500000000000006 0.053125000000000006
0 0.6000000000000001 0.84375 0.028125 0.059375000000000004
0 0.60078125 0.80078125 0.035937500000000004 0.0546875
0 0.56953125 0.7390625000000001 0.029687500000000002 0.065625
0 0.5859375 0.72265625 0.034375 0.0578125
