3 0.97421875 0.02890625 0.0328125 0.035937500000000004
3 0.95078125 0.041406250000000006 0.0328125 0.0328125
3 0.940625 0.040625 0.021875000000000002 0.025
3 0.91796875 0.05 0.0203125 0.028125
5 0.8484375000000001 0.10546875 0.059375000000000004 0.0703125
5 0.77734375 0.18828125 0.09843750000000001 0.11093750000000001
1 0.946875 0.31953125000000004 0.015625 0.0203125
9 0.9539062500000001 0.32421875 0.0234375 0.035937500000000004
3 0.384375 0.8210937500000001 0.046875 0.045312500000000006
3 0.31875000000000003 0.8078125 0.040625 0.037500000000000006
3 0.24765625000000002 0.78671875 0.029687500000000002 0.026562500000000003
3 0.17578125 0.84140625 0.026562500000000003 0.0234375
5 0.1546875 0.8953125000000001 0.03125 0.028125
3 0.13203125000000002 0.8656250000000001 0.026562500000000003 0.025
3 0.065625 0.9070312500000001 0.021875000000000002 0.0203125
3 0.078125 0.9390625 0.025 0.028125
3 0.057031250000000006 0.9390625 0.0234375 0.028125
3 0.05625 0.971875 0.028125 0.025
3 0.0125 0.9671875000000001 0.021875000000000002 0.021875000000000002
