4 0.0703125 0.6640625 0.08750000000000001 0.09375
9 0.09843750000000001 0.68515625 0.037500000000000006 0.029687500000000002
9 0.15156250000000002 0.6703125000000001 0.021875000000000002 0.05
9 0.18125000000000002 0.671875 0.043750000000000004 0.018750000000000003
4 0.8046875 0.9828125000000001 0.08750000000000001 0.034375
4 0.9015625 0.6765625000000001 0.096875 0.059375000000000004
3 0.84140625 0.6359375 0.0921875 0.05625
4 0.70625 0.74921875 0.096875 0.06406250000000001
5 0.5476562500000001 0.8 0.1015625 0.06875
5 0.49062500000000003 0.7484375000000001 0.21250000000000002 0.115625
3 0.32656250000000003 0.81796875 0.09375 0.0546875
3 0.38203125000000004 0.86328125 0.0859375 0.06406250000000001
3 0.24140625000000002 0.8953125000000001 0.0859375 0.053125000000000006
3 0.21875 0.80859375 0.09375 0.045312500000000006
3 0.321875 0.6664062500000001 0.05 0.09531250000000001
3 0.36796875 0.65546875 0.051562500000000004 0.0921875
4 0.42031250000000003 0.6429687500000001 0.053125000000000006 0.1015625
3 0.51953125 0.6335937500000001 0.0484375 0.0734375
3 0.56484375 0.6117187500000001 0.0546875 0.09843750000000001
3 0.665625 0.5789062500000001 0.053125000000000006 0.09531250000000001
3 0.7156250000000001 0.5671875000000001 0.053125000000000006 0.08750000000000001
3 0.765625 0.55625 0.05 0.08125
3 0.125 0.9632812500000001 0.096875 0.0703125
