4 0.7406250000000001 0.6570312500000001 0.16562500000000002 0.09531250000000001
0 0.7953125000000001 0.7367187500000001 0.043750000000000004 0.08281250000000001
9 0.47187500000000004 0.49765625 0.043750000000000004 0.029687500000000002
2 0.45937500000000003 0.49531250000000004 0.053125000000000006 0.03125
9 0.41875 0.4859375 0.053125000000000006 0.025
9 0.41718750000000004 0.47187500000000004 0.037500000000000006 0.021875000000000002
9 0.33984375 0.44375000000000003 0.0203125 0.03125
9 0.31171875000000004 0.43203125000000003 0.0171875 0.035937500000000004
9 0.28515625 0.4234375 0.0203125 0.037500000000000006
3 0.1421875 0.49140625000000004 0.09062500000000001 0.0703125
4 0.19687500000000002 0.4109375 0.078125 0.0625
3 0.1234375 0.3875 0.059375000000000004 0.040625
3 0.10312500000000001 0.3640625 0.043750000000000004 0.043750000000000004
3 0.045312500000000006 0.36171875000000003 0.0625 0.045312500000000006
