3 0.6625000000000001 0.43828125 0.171875 0.0734375
3 0.634375 0.37265625 0.153125 0.06406250000000001
3 0.6125 0.25859375 0.1375 0.0671875
0 0.6578125 0.275 0.018750000000000003 0.025
0 0.6218750000000001 0.2171875 0.028125 0.034375
3 0.77109375 0.7875000000000001 0.21406250000000002 0.1
3 0.7328125000000001 0.6804687500000001 0.19062500000000002 0.0859375
3 0.6843750000000001 0.5125000000000001 0.16562500000000002 0.078125
3 0.8703125 0.19609375 0.08750000000000001 0.1171875
9 0.9226562500000001 0.16796875 0.0328125 0.0484375
9 0.984375 0.1875 0.03125 0.018750000000000003
9 0.97265625 0.23750000000000002 0.0484375 0.025
9 0.9695312500000001 0.22031250000000002 0.0484375 0.018750000000000003
9 0.953125 0.171875 0.034375 0.025
9 0.94140625 0.15625 0.0328125 0.025
