3 0.20625000000000002 0.22890625 0.05 0.0671875
3 0.18671875000000002 0.014843750000000001 0.0421875 0.026562500000000003
3 0.36484375 0.3875 0.07968750000000001 0.09062500000000001
0 0.86484375 0.7664062500000001 0.0328125 0.0421875
0 0.88046875 0.7601562500000001 0.026562500000000003 0.0328125
0 0.859375 0.7328125000000001 0.021875000000000002 0.025
0 0.8640625000000001 0.7265625 0.015625 0.025
0 0.671875 0.403125 0.018750000000000003 0.034375
0 0.6414062500000001 0.40078125000000003 0.0171875 0.029687500000000002
0 0.63984375 0.38359375 0.010937500000000001 0.026562500000000003
0 0.7445312500000001 0.340625 0.010937500000000001 0.025
0 0.6335937500000001 0.284375 0.010937500000000001 0.03125
0 0.6234375000000001 0.2859375 0.009375000000000001 0.03125
0 0.7054687500000001 0.2890625 0.0171875 0.025
0 0.7421875 0.31640625 0.0125 0.029687500000000002
0 0.7640625000000001 0.3359375 0.018750000000000003 0.028125
0 0.77734375 0.34921875 0.010937500000000001 0.029687500000000002
