2 0.057031250000000006 0.45 0.0328125 0.05
4 0.15937500000000002 0.09765625 0.078125 0.035937500000000004
0 0.18671875000000002 0.30078125 0.0171875 0.045312500000000006
0 0.2015625 0.31015625 0.0125 0.029687500000000002
3 0.6687500000000001 0.6101562500000001 0.275 0.1015625
0 0.4390625 0.1875 0.015625 0.043750000000000004
0 0.25625000000000003 0.04296875 0.009375000000000001 0.029687500000000002
9 0.15703125 0.14765625000000002 0.010937500000000001 0.0328125
5 0.18125000000000002 0.06015625 0.015625 0.026562500000000003
1 0.15703125 0.13984375000000002 0.010937500000000001 0.029687500000000002
9 0.184375 0.134375 0.018750000000000003 0.028125
1 0.184375 0.1265625 0.018750000000000003 0.028125
