3 0.051562500000000004 0.81640625 0.053125000000000006 0.0171875
3 0.1078125 0.7976562500000001 0.05 0.0171875
3 0.043750000000000004 0.96015625 0.046875 0.0328125
3 0.21015625000000002 0.734375 0.026562500000000003 0.009375000000000001
3 0.34375 0.74140625 0.03125 0.010937500000000001
3 0.38828125 0.74375 0.035937500000000004 0.0125
3 0.38125000000000003 0.734375 0.028125 0.009375000000000001
3 0.68515625 0.98046875 0.0390625 0.0390625
3 0.8640625000000001 0.9789062500000001 0.046875 0.0328125
3 0.9187500000000001 0.940625 0.034375 0.025
3 0.878125 0.89609375 0.059375000000000004 0.026562500000000003
5 0.8679687500000001 0.86328125 0.051562500000000004 0.0484375
0 0.6781250000000001 0.78828125 0.00625 0.0171875
5 0.7718750000000001 0.80234375 0.03125 0.029687500000000002
5 0.66953125 0.7601562500000001 0.029687500000000002 0.0203125
4 0.52734375 0.7367187500000001 0.0140625 0.0171875
3 0.525 0.7484375000000001 0.0125 0.0125
4 0.5171875 0.75546875 0.0125 0.010937500000000001
3 0.59765625 0.74375 0.0234375 0.009375000000000001
3 0.6156250000000001 0.7507812500000001 0.0125 0.0140625
3 0.625 0.74609375 0.015625 0.010937500000000001
3 0.5296875 0.7203125 0.009375000000000001 0.00625
4 0.5515625000000001 0.7109375 0.009375000000000001 0.0125
