5 0.05 0.7109375 0.043750000000000004 0.040625
3 0.07578125000000001 0.74765625 0.051562500000000004 0.029687500000000002
3 0.09375 0.7640625000000001 0.0625 0.025
3 0.1375 0.7718750000000001 0.05 0.028125
3 0.19296875000000002 0.7757812500000001 0.0484375 0.029687500000000002
3 0.23671875 0.77265625 0.035937500000000004 0.029687500000000002
3 0.25 0.8421875000000001 0.08750000000000001 0.040625
3 0.33984375 0.8296875 0.1046875 0.037500000000000006
3 0.30625 0.7796875000000001 0.05 0.03125
3 0.36015625 0.77265625 0.0484375 0.0328125
3 0.44921875 0.8171875000000001 0.09843750000000001 0.034375
3 0.22968750000000002 0.89609375 0.08125 0.051562500000000004
3 0.27265625 0.9515625000000001 0.08281250000000001 0.05625
