8 0.45937500000000003 0.40234375 0.034375 0.1015625
3 0.55390625 0.13671875 0.0234375 0.045312500000000006
3 0.55703125 0.32421875 0.026562500000000003 0.045312500000000006
3 0.5320312500000001 0.97578125 0.0328125 0.0484375
3 0.5320312500000001 0.88671875 0.060937500000000006 0.0203125
3 0.7703125000000001 0.96875 0.046875 0.025
4 0.77109375 0.9234375 0.0484375 0.025
9 0.73984375 0.940625 0.0203125 0.0125
9 0.53125 0.5710937500000001 0.009375000000000001 0.0234375
6 0.5015625 0.70703125 0.015625 0.0390625
3 0.7664062500000001 0.53359375 0.051562500000000004 0.0328125
3 0.84375 0.56640625 0.053125000000000006 0.0234375
0 0.48671875000000003 0.41484375 0.004687500000000001 0.0171875
0 0.496875 0.41953125 0.00625 0.0078125
0 0.12109375 0.31640625 0.0078125 0.0171875
0 0.12734375 0.30312500000000003 0.0078125 0.0125
0 0.2625 0.1765625 0.00625 0.0125
0 0.27968750000000003 0.11484375000000001 0.00625 0.0171875
0 0.2890625 0.057031250000000006 0.00625 0.0171875
0 0.30078125 0.05859375 0.004687500000000001 0.0171875
