5 0.06875 0.078125 0.096875 0.05
3 0.21406250000000002 0.09296875 0.053125000000000006 0.0421875
3 0.28515625 0.08750000000000001 0.07968750000000001 0.034375
3 0.38593750000000004 0.1015625 0.043750000000000004 0.043750000000000004
3 0.43671875000000004 0.09921875000000001 0.0546875 0.0484375
0 0.4734375 0.1015625 0.018750000000000003 0.025
0 0.48359375000000004 0.14140625 0.0234375 0.026562500000000003
3 0.51328125 0.10625000000000001 0.0578125 0.043750000000000004
0 0.57734375 0.13671875 0.0171875 0.026562500000000003
0 0.6179687500000001 0.14609375 0.0203125 0.026562500000000003
0 0.61875 0.134375 0.015625 0.025
3 0.61640625 0.11796875000000001 0.0765625 0.035937500000000004
3 0.7054687500000001 0.11875000000000001 0.0703125 0.046875
3 0.78125 0.12265625000000001 0.053125000000000006 0.0546875
3 0.8515625 0.12734375 0.043750000000000004 0.0546875
3 0.9031250000000001 0.1296875 0.05 0.05625
9 0.8718750000000001 0.9710937500000001 0.025 0.0390625
9 0.8484375000000001 0.97578125 0.021875000000000002 0.0390625
9 0.8289062500000001 0.9734375000000001 0.0234375 0.040625
9 0.8046875 0.96875 0.025 0.034375
9 0.7953125000000001 0.96875 0.025 0.034375
9 0.76328125 0.96875 0.026562500000000003 0.040625
9 0.8015625000000001 0.9382812500000001 0.046875 0.0234375
6 0.8734375000000001 0.8382812500000001 0.037500000000000006 0.051562500000000004
6 0.93359375 0.875 0.035937500000000004 0.046875
6 0.83125 0.89609375 0.06875 0.060937500000000006
9 0.7984375 0.89375 0.034375 0.034375
9 0.7625000000000001 0.91015625 0.025 0.035937500000000004
6 0.7703125000000001 0.87265625 0.053125000000000006 0.035937500000000004
6 0.8078125 0.8289062500000001 0.046875 0.060937500000000006
9 0.734375 0.8210937500000001 0.021875000000000002 0.0390625
6 0.6578125 0.8046875 0.034375 0.043750000000000004
1 0.58515625 0.8703125 0.0171875 0.021875000000000002
9 0.5890625 0.875 0.040625 0.034375
9 0.7078125000000001 0.91015625 0.0125 0.035937500000000004
9 0.74140625 0.9078125 0.0390625 0.03125
9 0.6687500000000001 0.9203125000000001 0.040625 0.028125
