4 0.465625 0.8500000000000001 0.15937500000000002 0.278125
3 0.18203125 0.8625 0.3640625 0.171875
4 0.18125000000000002 0.7265625 0.321875 0.15937500000000002
3 0.18671875000000002 0.6171875 0.2859375 0.14375000000000002
3 0.40625 0.58203125 0.13125 0.2109375
5 0.5140625 0.38984375000000004 0.1875 0.2421875
0 0.50234375 0.5750000000000001 0.035937500000000004 0.10312500000000001
0 0.4109375 0.23046875 0.028125 0.08281250000000001
1 0.5750000000000001 0.21406250000000002 0.034375 0.065625
9 0.5750000000000001 0.2390625 0.043750000000000004 0.065625
0 0.1484375 0.09531250000000001 0.025 0.06875
0 0.09921875000000001 0.15703125 0.026562500000000003 0.0734375
1 0.021875000000000002 0.07968750000000001 0.037500000000000006 0.0625
0 0.3453125 0.34140625 0.034375 0.08281250000000001
2 0.3984375 0.41875 0.059375000000000004 0.065625
4 0.29921875000000003 0.0546875 0.0765625 0.109375
0 0.9734375000000001 0.0859375 0.037500000000000006 0.07500000000000001
1 0.87109375 0.1390625 0.026562500000000003 0.0625
1 0.8734375000000001 0.07578125000000001 0.025 0.051562500000000004
2 0.86875 0.1640625 0.025 0.053125000000000006
2 0.8695312500000001 0.09843750000000001 0.0203125 0.046875
0 0.9343750000000001 0.08203125 0.034375 0.0703125
0 0.9343750000000001 0.037500000000000006 0.028125 0.065625
3 0.7718750000000001 0.041406250000000006 0.09375 0.07968750000000001
