3 0.115625 0.3125 0.018750000000000003 0.0125
0 0.09453125000000001 0.5554687500000001 0.004687500000000001 0.0171875
3 0.38828125 0.37812500000000004 0.0171875 0.0125
3 0.47421875 0.37812500000000004 0.0234375 0.009375000000000001
3 0.44140625 0.36171875000000003 0.0140625 0.0171875
3 0.36250000000000004 0.35703125 0.015625 0.0140625
3 0.24609375 0.63671875 0.0390625 0.0234375
3 0.19765625 0.7312500000000001 0.0546875 0.03125
3 0.24609375 0.78046875 0.060937500000000006 0.029687500000000002
3 0.25703125 0.8054687500000001 0.0390625 0.0203125
3 0.28828125 0.8703125 0.06406250000000001 0.037500000000000006
3 0.3015625 0.9234375 0.08125 0.046875
0 0.27421875 0.71015625 0.0078125 0.0171875
3 0.25234375000000003 0.46953125 0.051562500000000004 0.029687500000000002
3 0.32265625000000003 0.46406250000000004 0.0390625 0.021875000000000002
