0 0.565625 0.93515625 0.028125 0.1296875
0 0.5164062500000001 0.92578125 0.0578125 0.11093750000000001
1 0.51328125 0.88828125 0.029687500000000002 0.0484375
1 0.846875 0.8125 0.028125 0.05625
4 0.8265625000000001 0.81015625 0.146875 0.2171875
0 0.9734375000000001 0.73984375 0.028125 0.0890625
9 0.7195312500000001 0.49375 0.026562500000000003 0.059375000000000004
0 0.6234375000000001 0.30234375 0.015625 0.060937500000000006
9 0.43359375 0.2625 0.0484375 0.03125
7 0.5007812500000001 0.27109375 0.0328125 0.060937500000000006
0 0.4859375 0.30625 0.0125 0.040625
6 0.43203125000000003 0.30078125 0.035937500000000004 0.0484375
2 0.38671875 0.31093750000000003 0.0421875 0.03125
2 0.29140625000000003 0.40234375 0.0203125 0.0484375
9 0.31640625 0.7742187500000001 0.0921875 0.0546875
5 0.4625 0.2265625 0.053125000000000006 0.05625
7 0.57265625 0.19609375 0.0328125 0.051562500000000004
3 0.521875 0.18281250000000002 0.096875 0.037500000000000006
0 0.659375 0.078125 0.009375000000000001 0.018750000000000003
9 0.6609375000000001 0.0859375 0.009375000000000001 0.018750000000000003
4 0.84140625 0.07500000000000001 0.060937500000000006 0.028125
0 0.7367187500000001 0.11093750000000001 0.010937500000000001 0.025
3 0.890625 0.12187500000000001 0.043750000000000004 0.034375
1 0.7195312500000001 0.47421875 0.0234375 0.051562500000000004
6 0.70234375 0.14296875 0.026562500000000003 0.026562500000000003
1 0.70078125 0.13515625 0.0140625 0.026562500000000003
9 0.7273437500000001 0.078125 0.0140625 0.021875000000000002
9 0.6976562500000001 0.059375000000000004 0.010937500000000001 0.018750000000000003
1 0.6984375 0.053125000000000006 0.009375000000000001 0.018750000000000003
1 0.7265625 0.06875 0.0125 0.018750000000000003
6 0.8210937500000001 0.09531250000000001 0.045312500000000006 0.025
