3 0.11406250000000001 0.46484375 0.065625 0.09531250000000001
3 0.140625 0.5921875 0.065625 0.10625000000000001
3 0.17578125 0.77734375 0.08281250000000001 0.1453125
3 0.21953125 0.51484375 0.06406250000000001 0.09843750000000001
3 0.4 0.084375 0.10312500000000001 0.043750000000000004
0 0.7859375000000001 0.03828125 0.009375000000000001 0.026562500000000003
0 0.7914062500000001 0.03515625 0.010937500000000001 0.026562500000000003
4 0.79453125 0.1 0.1015625 0.043750000000000004
0 0.93125 0.72265625 0.021875000000000002 0.0390625
0 0.9750000000000001 0.7296875 0.021875000000000002 0.046875
0 0.946875 0.7250000000000001 0.021875000000000002 0.028125
3 0.340625 0.96484375 0.06875 0.0703125
3 0.20078125000000002 0.940625 0.0765625 0.11875000000000001
