3 0.36640625000000004 0.8796875000000001 0.010937500000000001 0.003125
3 0.33906250000000004 0.87890625 0.009375000000000001 0.004687500000000001
3 0.34453125 0.87890625 0.004687500000000001 0.004687500000000001
3 0.340625 0.89453125 0.003125 0.004687500000000001
3 0.3296875 0.915625 0.00625 0.009375000000000001
3 0.328125 0.9242187500000001 0.00625 0.004687500000000001
3 0.32421875 0.93515625 0.0078125 0.0078125
3 0.36640625000000004 0.9070312500000001 0.004687500000000001 0.0078125
3 0.36562500000000003 0.9226562500000001 0.00625 0.0078125
3 0.41640625000000003 0.9945312500000001 0.010937500000000001 0.010937500000000001
3 0.47187500000000004 0.9890625000000001 0.009375000000000001 0.009375000000000001
3 0.45234375000000004 0.97578125 0.010937500000000001 0.010937500000000001
3 0.55078125 0.99375 0.029687500000000002 0.0125
3 0.5398437500000001 0.9890625000000001 0.0390625 0.015625
3 0.42500000000000004 0.9554687500000001 0.009375000000000001 0.0078125
3 0.403125 0.9398437500000001 0.00625 0.0078125
3 0.453125 0.9484375 0.00625 0.009375000000000001
3 0.42109375000000004 0.93515625 0.004687500000000001 0.0078125
3 0.5703125 0.9765625 0.025 0.009375000000000001
3 0.56484375 0.9734375000000001 0.026562500000000003 0.0125
3 0.56171875 0.96875 0.026562500000000003 0.0125
3 0.5578125 0.9656250000000001 0.028125 0.0125
3 0.5476562500000001 0.9640625 0.026562500000000003 0.0125
3 0.6414062500000001 0.9773437500000001 0.0171875 0.0171875
