3 0.8109375000000001 0.54296875 0.09375 0.1234375
3 0.94296875 0.46875 0.0703125 0.10625000000000001
4 0.6953125 0.915625 0.125 0.16875
4 0.86328125 0.12812500000000002 0.0546875 0.084375
3 0.9476562500000001 0.05 0.060937500000000006 0.07500000000000001
3 0.7625000000000001 0.6984375 0.10625000000000001 0.140625
3 0.890625 0.70234375 0.09375 0.13593750000000002
3 0.1703125 0.041406250000000006 0.109375 0.0578125
5 0.10546875 0.059375000000000004 0.16718750000000002 0.07500000000000001
9 0.35703125 0.05390625 0.0171875 0.0390625
9 0.1328125 0.20234375000000002 0.053125000000000006 0.045312500000000006
9 0.08359375000000001 0.1609375 0.0421875 0.040625
9 0.6117187500000001 0.065625 0.0171875 0.040625
9 0.2671875 0.625 0.059375000000000004 0.065625
3 0.88671875 0.026562500000000003 0.0671875 0.053125000000000006
9 0.35234375 0.4234375 0.0546875 0.0625
1 0.35703125 0.0421875 0.010937500000000001 0.015625
1 0.609375 0.0546875 0.0125 0.015625
1 0.07734375 0.15156250000000002 0.0171875 0.015625
1 0.12734375 0.19375 0.0234375 0.025
1 0.35468750000000004 0.4109375 0.028125 0.025
1 0.2734375 0.6109375 0.025 0.03125
