3 0.0484375 0.18984375 0.028125 0.0578125
3 0.08750000000000001 0.53359375 0.03125 0.060937500000000006
5 0.055468750000000004 0.26640625 0.029687500000000002 0.0546875
4 0.06171875 0.31953125000000004 0.026562500000000003 0.0546875
3 0.065625 0.39453125 0.028125 0.060937500000000006
4 0.5945312500000001 0.9125000000000001 0.0328125 0.059375000000000004
3 0.57578125 0.7718750000000001 0.029687500000000002 0.065625
3 0.496875 0.415625 0.028125 0.065625
4 0.6328125 0.4234375 0.053125000000000006 0.025
3 0.68515625 0.43125 0.0546875 0.03125
3 0.78046875 0.43984375000000003 0.0546875 0.029687500000000002
3 0.8578125000000001 0.44765625000000003 0.053125000000000006 0.029687500000000002
3 0.9242187500000001 0.45625000000000004 0.0484375 0.025
3 0.7328125000000001 0.390625 0.059375000000000004 0.025
4 0.7312500000000001 0.29531250000000003 0.03125 0.06875
3 0.821875 0.3046875 0.028125 0.059375000000000004
3 0.54609375 0.19687500000000002 0.026562500000000003 0.0625
3 0.578125 0.19375 0.028125 0.065625
5 0.61640625 0.48046875 0.0671875 0.0328125
9 0.0171875 0.8093750000000001 0.015625 0.021875000000000002
9 0.6234375000000001 0.96015625 0.015625 0.026562500000000003
9 0.5140625 0.29531250000000003 0.009375000000000001 0.021875000000000002
9 0.5359375000000001 0.45625000000000004 0.0125 0.025
9 0.525 0.37031250000000004 0.009375000000000001 0.025
9 0.453125 0.11171875 0.0125 0.0234375
9 0.11093750000000001 0.70703125 0.021875000000000002 0.0203125
0 0.2671875 0.5789062500000001 0.0125 0.0171875
0 0.49921875000000004 0.8734375000000001 0.010937500000000001 0.009375000000000001
