3 0.09843750000000001 0.70703125 0.05 0.029687500000000002
3 0.22812500000000002 0.70625 0.059375000000000004 0.025
3 0.234375 0.7679687500000001 0.059375000000000004 0.0328125
3 0.11484375000000001 0.77890625 0.0546875 0.026562500000000003
3 0.109375 0.86328125 0.05 0.029687500000000002
3 0.23515625 0.8578125000000001 0.0703125 0.037500000000000006
3 0.11484375000000001 0.9484375 0.0671875 0.034375
3 0.8679687500000001 0.46406250000000004 0.029687500000000002 0.0625
9 0.9140625 0.640625 0.015625 0.028125
9 0.89609375 0.1203125 0.0171875 0.025
0 0.9007812500000001 0.153125 0.0140625 0.0125
