3 0.49375 0.74609375 0.07187500000000001 0.0328125
3 0.6976562500000001 0.6484375 0.060937500000000006 0.025
4 0.7351562500000001 0.6296875000000001 0.0546875 0.03125
3 0.36562500000000003 0.80078125 0.07187500000000001 0.0390625
3 0.33515625000000004 0.815625 0.0703125 0.034375
3 0.30625 0.8289062500000001 0.065625 0.035937500000000004
3 0.27265625 0.8500000000000001 0.0703125 0.037500000000000006
3 0.52109375 0.7312500000000001 0.06406250000000001 0.03125
3 0.7625000000000001 0.60859375 0.059375000000000004 0.029687500000000002
3 0.8203125 0.5867187500000001 0.05 0.0234375
3 0.7953125000000001 0.59921875 0.040625 0.0234375
3 0.8406250000000001 0.571875 0.043750000000000004 0.021875000000000002
