3 0.23515625 0.29531250000000003 0.0703125 0.08125
0 0.2859375 0.26953125 0.021875000000000002 0.0390625
3 0.58046875 0.41796875 0.1421875 0.0671875
3 0.6078125000000001 0.35781250000000003 0.1375 0.0625
0 0.6664062500000001 0.065625 0.0140625 0.03125
4 0.7718750000000001 0.6117187500000001 0.125 0.1796875
5 0.54140625 0.5625 0.2015625 0.115625
0 0.65546875 0.81171875 0.0328125 0.051562500000000004
0 0.6296875000000001 0.734375 0.021875000000000002 0.0625
6 0.7515625 0.7453125 0.07187500000000001 0.053125000000000006
0 0.625 0.52109375 0.018750000000000003 0.0484375
0 0.61875 0.49140625000000004 0.015625 0.0328125
