0 0.5703125 0.6062500000000001 0.015625 0.043750000000000004
0 0.76171875 0.35625 0.010937500000000001 0.03125
0 0.77265625 0.35781250000000003 0.010937500000000001 0.028125
0 0.9695312500000001 0.15000000000000002 0.010937500000000001 0.021875000000000002
0 0.9515625000000001 0.17109375000000002 0.009375000000000001 0.0203125
0 0.8859375 0.21875 0.009375000000000001 0.028125
0 0.89765625 0.2171875 0.010937500000000001 0.028125
0 0.8367187500000001 0.29453125 0.010937500000000001 0.0328125
5 0.9031250000000001 0.28203125 0.065625 0.0734375
5 0.940625 0.23828125 0.059375000000000004 0.0546875
4 0.953125 0.22031250000000002 0.05 0.034375
