1 0.8757812500000001 0.9617187500000001 0.0546875 0.029687500000000002
0 0.18125000000000002 0.48671875000000003 0.028125 0.0328125
0 0.41640625000000003 0.41796875 0.0234375 0.0390625
0 0.6687500000000001 0.40234375 0.03125 0.0328125
0 0.74375 0.41953125 0.021875000000000002 0.029687500000000002
0 0.8875000000000001 0.41015625 0.03125 0.0390625
0 0.5125000000000001 0.12265625000000001 0.028125 0.035937500000000004
0 0.5046875000000001 0.10625000000000001 0.025 0.037500000000000006
8 0.6570312500000001 0.16171875000000002 0.2171875 0.0890625
8 0.30625 0.184375 0.30625 0.12187500000000001
9 0.70078125 0.9359375000000001 0.026562500000000003 0.05625
9 0.54296875 0.84296875 0.0234375 0.051562500000000004
9 0.56875 0.8367187500000001 0.021875000000000002 0.0546875
2 0.6117187500000001 0.8601562500000001 0.0203125 0.06406250000000001
0 0.44140625 0.9796875 0.026562500000000003 0.040625
0 0.6898437500000001 0.6585937500000001 0.026562500000000003 0.0390625
0 0.5640625 0.7054687500000001 0.021875000000000002 0.026562500000000003
0 0.415625 0.8359375 0.021875000000000002 0.03125
0 0.43125 0.83515625 0.015625 0.026562500000000003
0 0.31562500000000004 0.765625 0.015625 0.03125
0 0.26796875000000003 0.73359375 0.0203125 0.029687500000000002
0 0.26406250000000003 0.70078125 0.021875000000000002 0.029687500000000002
9 0.4703125 0.5320312500000001 0.028125 0.0578125
0 0.01015625 0.6882812500000001 0.0203125 0.0328125
9 0.496875 0.8187500000000001 0.025 0.07500000000000001
9 0.51953125 0.82421875 0.026562500000000003 0.0734375
