3 0.94453125 0.83125 0.035937500000000004 0.028125
0 0.9343750000000001 0.7671875 0.00625 0.021875000000000002
3 0.81015625 0.9031250000000001 0.0328125 0.034375
3 0.7890625 0.97578125 0.0625 0.0390625
3 0.7953125000000001 0.95234375 0.043750000000000004 0.035937500000000004
0 0.09062500000000001 0.9500000000000001 0.0125 0.040625
0 0.26796875000000003 0.93359375 0.010937500000000001 0.035937500000000004
4 0.5390625 0.9078125 0.09375 0.046875
3 0.47109375000000003 0.89375 0.06406250000000001 0.025
3 0.48281250000000003 0.8796875000000001 0.065625 0.034375
3 0.49453125000000003 0.8757812500000001 0.0734375 0.0328125
3 0.51015625 0.86328125 0.0703125 0.0328125
3 0.3453125 0.8500000000000001 0.034375 0.028125
9 0.28125 0.88203125 0.025 0.0203125
9 0.3046875 0.8609375 0.018750000000000003 0.021875000000000002
5 0.5085937500000001 0.7953125000000001 0.13593750000000002 0.043750000000000004
5 0.37734375000000003 0.7976562500000001 0.1015625 0.0390625
