3 0.79453125 0.5984375000000001 0.1078125 0.06875
3 0.5085937500000001 0.5281250000000001 0.11406250000000001 0.0625
3 0.30781250000000004 0.48281250000000003 0.109375 0.0625
3 0.0546875 0.42265625 0.10625000000000001 0.060937500000000006
4 0.6734375 0.56171875 0.10312500000000001 0.060937500000000006
9 0.5578125 0.48281250000000003 0.046875 0.025
9 0.28515625 0.5320312500000001 0.0546875 0.0234375
2 0.546875 0.42265625 0.037500000000000006 0.0203125
1 0.55390625 0.47968750000000004 0.026562500000000003 0.021875000000000002
1 0.5484375 0.41875 0.021875000000000002 0.025
0 0.37109375 0.31562500000000004 0.029687500000000002 0.025
