0 0.10625000000000001 0.70625 0.1125 0.209375
9 0.86484375 0.43515625 0.18906250000000002 0.18281250000000002
9 0.828125 0.340625 0.20625000000000002 0.215625
0 0.9 0.24921875000000002 0.11875000000000001 0.17343750000000002
9 0.6859375000000001 0.37890625 0.096875 0.22968750000000002
9 0.5921875 0.44140625 0.125 0.2328125
9 0.49062500000000003 0.4625 0.140625 0.22812500000000002
0 0.36171875000000003 0.36875 0.1015625 0.19375
0 0.31171875000000004 0.27734375 0.1203125 0.1859375
1 0.13203125000000002 0.25859375 0.06406250000000001 0.08281250000000001
0 0.184375 0.18359375 0.125 0.1859375
0 0.05625 0.37343750000000003 0.1 0.18125000000000002
1 0.04609375 0.3359375 0.0421875 0.084375
0 0.13203125000000002 0.11093750000000001 0.08281250000000001 0.19687500000000002
