3 0.030468750000000003 0.5078125 0.060937500000000006 0.021875000000000002
0 0.325 0.58203125 0.009375000000000001 0.026562500000000003
0 0.36250000000000004 0.58125 0.0125 0.025
0 0.384375 0.58125 0.009375000000000001 0.025
0 0.434375 0.61328125 0.009375000000000001 0.026562500000000003
0 0.49765625 0.74921875 0.0171875 0.0390625
0 0.27187500000000003 0.5640625 0.009375000000000001 0.025
0 0.31562500000000004 0.55625 0.009375000000000001 0.025
0 0.3359375 0.56015625 0.009375000000000001 0.0234375
0 0.30234375 0.5554687500000001 0.0078125 0.026562500000000003
0 0.30000000000000004 0.5375 0.0125 0.025
0 0.28750000000000003 0.5398437500000001 0.009375000000000001 0.0234375
0 0.28203125 0.53359375 0.010937500000000001 0.026562500000000003
0 0.26328125 0.5296875 0.010937500000000001 0.025
0 0.33828125000000003 0.525 0.010937500000000001 0.018750000000000003
3 0.4703125 0.4421875 0.03125 0.015625
8 0.41250000000000003 0.5203125000000001 0.109375 0.053125000000000006
8 0.33515625000000004 0.48359375000000004 0.1203125 0.0421875
3 0.26171875 0.5140625 0.0578125 0.018750000000000003
3 0.16484375 0.4921875 0.0578125 0.018750000000000003
0 0.24375000000000002 0.4765625 0.009375000000000001 0.025
0 0.19843750000000002 0.4765625 0.009375000000000001 0.021875000000000002
0 0.18125000000000002 0.47265625 0.009375000000000001 0.0203125
0 0.16562500000000002 0.47187500000000004 0.009375000000000001 0.018750000000000003
0 0.12812500000000002 0.47187500000000004 0.015625 0.021875000000000002
0 0.1078125 0.46796875000000004 0.009375000000000001 0.0203125
0 0.3125 0.4546875 0.009375000000000001 0.021875000000000002
0 0.63984375 0.79296875 0.0140625 0.0421875
0 0.5203125000000001 0.5203125000000001 0.0125 0.025
4 0.5625 0.4453125 0.034375 0.018750000000000003
0 0.625 0.44609375 0.009375000000000001 0.0171875
3 0.63828125 0.46015625000000004 0.035937500000000004 0.0171875
3 0.68125 0.46171875 0.040625 0.0140625
0 0.7601562500000001 0.47968750000000004 0.010937500000000001 0.021875000000000002
3 0.79609375 0.5515625000000001 0.0390625 0.028125
4 0.7312500000000001 0.5640625 0.037500000000000006 0.046875
3 0.7210937500000001 0.6195312500000001 0.0390625 0.0421875
3 0.7640625000000001 0.603125 0.03125 0.034375
3 0.7914062500000001 0.6570312500000001 0.0421875 0.0421875
8 0.7578125 0.6921875000000001 0.08125 0.084375
0 0.89453125 0.63046875 0.010937500000000001 0.029687500000000002
0 0.90390625 0.5945312500000001 0.010937500000000001 0.0234375
0 0.8914062500000001 0.5953125 0.0078125 0.025
3 0.8734375000000001 0.57265625 0.053125000000000006 0.026562500000000003
0 0.82578125 0.5734375 0.010937500000000001 0.025
3 0.9359375000000001 0.8835937500000001 0.08750000000000001 0.0703125
3 0.9234375 0.8234375 0.06875 0.05
3 0.89375 0.9484375 0.096875 0.0625
4 0.81796875 0.884375 0.08281250000000001 0.07187500000000001
3 0.77109375 0.846875 0.06406250000000001 0.05625
3 0.6921875000000001 0.765625 0.065625 0.05
4 0.6765625000000001 0.6265625 0.037500000000000006 0.040625
8 0.9320312500000001 0.75703125 0.13593750000000002 0.1171875
0 0.8968750000000001 0.4890625 0.009375000000000001 0.025
0 0.88671875 0.48515625 0.010937500000000001 0.0171875
0 0.8773437500000001 0.4859375 0.0078125 0.018750000000000003
0 0.9085937500000001 0.47734375 0.0078125 0.0234375
0 0.9171875 0.48359375000000004 0.009375000000000001 0.0203125
0 0.85703125 0.47187500000000004 0.010937500000000001 0.025
6 0.8539062500000001 0.4765625 0.0328125 0.018750000000000003
4 0.81015625 0.47734375 0.060937500000000006 0.029687500000000002
9 0.6359375 0.5109375 0.015625 0.009375000000000001
0 0.6328125 0.5046875000000001 0.00625 0.015625
9 0.659375 0.5015625 0.021875000000000002 0.0125
0 0.6578125 0.49843750000000003 0.009375000000000001 0.018750000000000003
9 0.7312500000000001 0.5296875 0.03125 0.015625
0 0.728125 0.525 0.009375000000000001 0.018750000000000003
0 0.47421875 0.41328125000000004 0.010937500000000001 0.0140625
0 0.2109375 0.525 0.009375000000000001 0.021875000000000002
0 0.20468750000000002 0.5203125000000001 0.009375000000000001 0.028125
0 0.1953125 0.52265625 0.009375000000000001 0.029687500000000002
0 0.17500000000000002 0.5242187500000001 0.009375000000000001 0.0234375
0 0.09609375 0.5203125000000001 0.010937500000000001 0.021875000000000002
0 0.11875000000000001 0.5242187500000001 0.009375000000000001 0.0234375
0 0.02421875 0.52109375 0.010937500000000001 0.0234375
0 0.05078125 0.5203125000000001 0.010937500000000001 0.021875000000000002
0 0.20078125000000002 0.43671875000000004 0.0078125 0.026562500000000003
