1 0.97265625 0.70234375 0.0546875 0.0328125
1 0.9476562500000001 0.5453125 0.035937500000000004 0.034375
1 0.96875 0.44296875 0.043750000000000004 0.029687500000000002
2 0.9304687500000001 0.021875000000000002 0.026562500000000003 0.028125
0 0.8328125000000001 0.7835937500000001 0.028125 0.0484375
0 0.81015625 0.8382812500000001 0.026562500000000003 0.035937500000000004
1 0.8859375 0.8625 0.040625 0.053125000000000006
0 0.83203125 0.5375 0.0328125 0.043750000000000004
2 0.8046875 0.36562500000000003 0.043750000000000004 0.028125
0 0.7664062500000001 0.3125 0.026562500000000003 0.043750000000000004
0 0.7835937500000001 0.309375 0.0203125 0.040625
0 0.64609375 0.84140625 0.026562500000000003 0.0546875
0 0.71875 0.9640625 0.034375 0.053125000000000006
0 0.68515625 0.9398437500000001 0.0328125 0.035937500000000004
0 0.6015625 0.71875 0.043750000000000004 0.053125000000000006
0 0.42109375000000004 0.9078125 0.0421875 0.040625
0 0.43984375000000003 0.8984375 0.035937500000000004 0.046875
0 0.4375 0.6453125000000001 0.046875 0.053125000000000006
0 0.3171875 0.61484375 0.043750000000000004 0.0484375
0 0.32734375000000004 0.7312500000000001 0.0484375 0.053125000000000006
0 0.42109375000000004 0.71484375 0.0390625 0.060937500000000006
0 0.35000000000000003 0.6664062500000001 0.046875 0.0546875
0 0.3671875 0.73828125 0.043750000000000004 0.051562500000000004
9 0.1375 0.6640625 0.07187500000000001 0.037500000000000006
2 0.05625 0.58828125 0.08125 0.035937500000000004
1 0.13828125 0.509375 0.0328125 0.037500000000000006
1 0.36562500000000003 0.5296875 0.028125 0.037500000000000006
1 0.390625 0.5140625 0.037500000000000006 0.034375
7 0.640625 0.27968750000000003 0.065625 0.065625
0 0.69453125 0.33203125 0.0328125 0.0484375
