0 0.17734375000000002 0.6828125 0.0546875 0.12812500000000002
2 0.15781250000000002 0.67578125 0.1125 0.1453125
0 0.03671875 0.6429687500000001 0.0484375 0.15781250000000002
0 0.037500000000000006 0.3828125 0.037500000000000006 0.15625
0 0.22968750000000002 0.37343750000000003 0.05625 0.140625
0 0.28125 0.45546875000000003 0.05 0.1421875
0 0.35078125000000004 0.51171875 0.045312500000000006 0.1453125
0 0.36328125 0.5265625 0.026562500000000003 0.084375
6 0.36875 0.453125 0.15937500000000002 0.203125
9 0.415625 0.27968750000000003 0.053125000000000006 0.10625000000000001
9 0.5203125000000001 0.29375 0.053125000000000006 0.125
9 0.36015625 0.1484375 0.0578125 0.10312500000000001
2 0.48046875 0.1296875 0.060937500000000006 0.115625
2 0.43281250000000004 0.09453125000000001 0.10625000000000001 0.0859375
0 0.42031250000000003 0.0546875 0.028125 0.10625000000000001
0 0.4375 0.06640625 0.040625 0.11406250000000001
0 0.46328125000000003 0.057031250000000006 0.0421875 0.1046875
0 0.55 0.9109375000000001 0.07187500000000001 0.140625
0 0.6703125000000001 0.875 0.078125 0.1625
2 0.7132812500000001 0.75546875 0.1546875 0.1015625
