3 0.43359375 0.7578125 0.1640625 0.12812500000000002
3 0.253125 0.7015625000000001 0.15000000000000002 0.13125
5 0.8031250000000001 0.59921875 0.30000000000000004 0.1609375
8 0.32890625 0.43359375 0.11406250000000001 0.2828125
3 0.40859375000000003 0.3171875 0.1078125 0.07187500000000001
3 0.45937500000000003 0.30234375 0.109375 0.0765625
3 0.33359375 0.24453125 0.1046875 0.060937500000000006
0 0.75546875 0.24531250000000002 0.029687500000000002 0.043750000000000004
0 0.8695312500000001 0.26875 0.0234375 0.040625
0 0.8812500000000001 0.26484375 0.021875000000000002 0.0421875
0 0.96640625 0.28203125 0.026562500000000003 0.035937500000000004
