3 0.13046875 0.4734375 0.0328125 0.034375
3 0.15937500000000002 0.44453125000000004 0.028125 0.026562500000000003
3 0.19140625 0.421875 0.0328125 0.034375
3 0.203125 0.40078125000000003 0.021875000000000002 0.0171875
3 0.234375 0.3765625 0.034375 0.034375
4 0.2609375 0.34921875 0.034375 0.0328125
4 0.275 0.3359375 0.03125 0.03125
4 0.290625 0.31875000000000003 0.034375 0.034375
3 0.41484375 0.2078125 0.026562500000000003 0.025
3 0.40546875000000004 0.22109375 0.0328125 0.0328125
3 0.38828125 0.23125 0.0328125 0.03125
3 0.37578125 0.24531250000000002 0.0328125 0.028125
3 0.3484375 0.27187500000000003 0.034375 0.034375
3 0.3328125 0.2828125 0.03125 0.03125
3 0.31796875 0.296875 0.0328125 0.037500000000000006
3 0.30625 0.31015625 0.03125 0.0328125
4 0.36015625 0.25703125 0.0328125 0.029687500000000002
3 0.28828125 0.434375 0.0234375 0.03125
4 0.371875 0.44296875 0.028125 0.029687500000000002
3 0.38984375000000004 0.45390625 0.0328125 0.029687500000000002
3 0.3984375 0.53046875 0.034375 0.035937500000000004
3 0.38984375000000004 0.6585937500000001 0.0328125 0.029687500000000002
3 0.35078125000000004 0.696875 0.035937500000000004 0.03125
4 0.2609375 0.73359375 0.040625 0.0390625
3 0.23359375000000002 0.6976562500000001 0.029687500000000002 0.0328125
3 0.21328125 0.6875 0.026562500000000003 0.028125
3 0.31796875 0.6648437500000001 0.0328125 0.0328125
3 0.33437500000000003 0.6781250000000001 0.03125 0.037500000000000006
4 0.2890625 0.6328125 0.028125 0.034375
4 0.27265625 0.6195312500000001 0.026562500000000003 0.029687500000000002
4 0.24140625000000002 0.5890625 0.029687500000000002 0.034375
3 0.25859375 0.6078125000000001 0.035937500000000004 0.028125
3 0.28984375 0.57421875 0.026562500000000003 0.029687500000000002
3 0.2625 0.5437500000000001 0.03125 0.028125
3 0.19687500000000002 0.55 0.037500000000000006 0.034375
3 0.184375 0.5398437500000001 0.028125 0.035937500000000004
3 0.23359375000000002 0.51796875 0.035937500000000004 0.035937500000000004
3 0.21484375 0.503125 0.035937500000000004 0.034375
3 0.246875 0.5320312500000001 0.03125 0.029687500000000002
4 0.35078125000000004 0.6312500000000001 0.0328125 0.034375
4 0.33906250000000004 0.61328125 0.037500000000000006 0.029687500000000002
4 0.31875000000000003 0.603125 0.034375 0.03125
3 0.44296875 0.5710937500000001 0.0328125 0.035937500000000004
3 0.4578125 0.5890625 0.03125 0.034375
3 0.46484375 0.52265625 0.0328125 0.0328125
3 0.41718750000000004 0.48046875 0.037500000000000006 0.0328125
3 0.43359375 0.49375 0.029687500000000002 0.03125
3 0.44921875 0.5109375 0.029687500000000002 0.028125
4 0.35546875 0.48984375 0.0328125 0.029687500000000002
4 0.33906250000000004 0.47109375000000003 0.034375 0.0328125
4 0.32343750000000004 0.45859375 0.037500000000000006 0.035937500000000004
3 0.30546875 0.44843750000000004 0.0328125 0.034375
9 0.38906250000000003 0.946875 0.009375000000000001 0.015625
9 0.37109375 0.9320312500000001 0.004687500000000001 0.0171875
9 0.37812500000000004 0.9320312500000001 0.009375000000000001 0.0171875
0 0.31875000000000003 0.9828125000000001 0.003125 0.009375000000000001
0 0.328125 0.97421875 0.00625 0.010937500000000001
3 0.12421875 0.9773437500000001 0.0328125 0.0328125
3 0.7835937500000001 0.28046875 0.029687500000000002 0.0328125
3 0.7875000000000001 0.384375 0.037500000000000006 0.03125
3 0.8031250000000001 0.37031250000000004 0.034375 0.03125
3 0.8250000000000001 0.34765625 0.037500000000000006 0.0328125
3 0.76953125 0.26484375 0.0328125 0.0328125
3 0.8 0.29375 0.03125 0.03125
3 0.75 0.253125 0.028125 0.028125
3 0.77734375 0.39765625000000004 0.0328125 0.029687500000000002
4 0.8601562500000001 0.7515625 0.035937500000000004 0.037500000000000006
3 0.8484375000000001 0.734375 0.028125 0.037500000000000006
3 0.74765625 0.8500000000000001 0.0421875 0.043750000000000004
4 0.79296875 0.83203125 0.0390625 0.0390625
0 0.753125 0.940625 0.00625 0.00625
3 0.846875 0.8679687500000001 0.037500000000000006 0.0390625
3 0.8656250000000001 0.88203125 0.037500000000000006 0.035937500000000004
3 0.84765625 0.9375 0.0390625 0.034375
3 0.8703125 0.9546875 0.028125 0.034375
4 0.9226562500000001 0.9328125 0.035937500000000004 0.034375
4 0.8109375000000001 0.90625 0.03125 0.034375
4 0.8328125000000001 0.9203125000000001 0.037500000000000006 0.040625
4 0.95703125 0.96484375 0.0328125 0.0328125
4 0.8851562500000001 0.9 0.0390625 0.037500000000000006
4 0.8859375 0.971875 0.037500000000000006 0.040625
9 0.6953125 0.9710937500000001 0.015625 0.0203125
3 0.71640625 0.978125 0.0390625 0.043750000000000004
