2 0.203125 0.846875 0.08750000000000001 0.11875000000000001
2 0.178125 0.940625 0.146875 0.115625
2 0.1390625 0.89609375 0.1375 0.11406250000000001
3 0.7585937500000001 0.3171875 0.2234375 0.13125
3 0.509375 0.240625 0.2 0.1125
3 0.35703125 0.18125000000000002 0.19843750000000002 0.10312500000000001
3 0.21250000000000002 0.11328125 0.16875 0.09531250000000001
1 0.98203125 0.15546875000000002 0.0234375 0.0390625
1 0.9125000000000001 0.11093750000000001 0.034375 0.05
1 0.87421875 0.1765625 0.035937500000000004 0.053125000000000006
3 0.75546875 0.153125 0.1921875 0.109375
0 0.77890625 0.0921875 0.026562500000000003 0.06875
4 0.84921875 0.08750000000000001 0.1421875 0.11875000000000001
3 0.75390625 0.07109375 0.15156250000000002 0.09843750000000001
