3 0.09062500000000001 0.065625 0.08750000000000001 0.065625
3 0.13125 0.08203125 0.096875 0.0734375
3 0.24140625000000002 0.0890625 0.0921875 0.07500000000000001
3 0.30703125000000003 0.09609375 0.09531250000000001 0.0921875
3 0.35468750000000004 0.12421875 0.09062500000000001 0.0859375
3 0.40703125 0.13828125 0.0921875 0.0859375
3 0.515625 0.17109375000000002 0.09062500000000001 0.07968750000000001
3 0.58046875 0.18046875 0.07968750000000001 0.0765625
3 0.6468750000000001 0.19687500000000002 0.084375 0.09062500000000001
3 0.73046875 0.2015625 0.0921875 0.096875
3 0.9296875 0.29765625 0.08750000000000001 0.09843750000000001
