5 0.28828125 0.09531250000000001 0.0171875 0.043750000000000004
3 0.30078125 0.21484375 0.010937500000000001 0.0203125
5 0.28515625 0.22734375 0.010937500000000001 0.026562500000000003
4 0.29531250000000003 0.34140625 0.015625 0.0234375
3 0.25234375000000003 0.7421875 0.0171875 0.03125
4 0.32890625 0.7765625 0.0171875 0.034375
4 0.3125 0.8539062500000001 0.015625 0.035937500000000004
3 0.35000000000000003 0.8992187500000001 0.021875000000000002 0.035937500000000004
0 0.26796875000000003 0.77265625 0.004687500000000001 0.010937500000000001
0 0.25234375000000003 0.7679687500000001 0.0078125 0.0078125
0 0.24765625000000002 0.76875 0.004687500000000001 0.009375000000000001
5 0.38828125 0.10312500000000001 0.026562500000000003 0.0125
3 0.9007812500000001 0.259375 0.0140625 0.015625
3 0.9140625 0.25546875 0.0125 0.0140625
3 0.9296875 0.259375 0.0125 0.015625
3 0.9632812500000001 0.26406250000000003 0.010937500000000001 0.015625
