3 0.1703125 0.56484375 0.040625 0.0484375
3 0.26953125 0.5640625 0.0390625 0.043750000000000004
3 0.38203125000000004 0.6648437500000001 0.0859375 0.0546875
3 0.40078125000000003 0.63984375 0.07968750000000001 0.0484375
1 0.23046875 0.38828125 0.004687500000000001 0.0078125
1 0.23515625 0.384375 0.010937500000000001 0.018750000000000003
2 0.23750000000000002 0.39296875000000003 0.015625 0.0171875
3 0.61875 0.37421875000000004 0.05 0.035937500000000004
4 0.61484375 0.27265625 0.06406250000000001 0.0328125
3 0.8914062500000001 0.40234375 0.0671875 0.0328125
3 0.8546875 0.38203125000000004 0.07500000000000001 0.029687500000000002
4 0.82578125 0.36640625000000004 0.0546875 0.035937500000000004
3 0.8125 0.35546875 0.07187500000000001 0.029687500000000002
3 0.7898437500000001 0.34140625 0.0734375 0.029687500000000002
3 0.79453125 0.3328125 0.0703125 0.034375
3 0.78046875 0.30078125 0.06406250000000001 0.029687500000000002
3 0.7757812500000001 0.28984375 0.0703125 0.029687500000000002
3 0.78125 0.27578125000000003 0.059375000000000004 0.026562500000000003
3 0.6484375 0.26796875000000003 0.05 0.029687500000000002
3 0.65390625 0.253125 0.060937500000000006 0.025
3 0.6742187500000001 0.24375000000000002 0.0484375 0.021875000000000002
3 0.70234375 0.23593750000000002 0.0546875 0.03125
3 0.759375 0.20078125000000002 0.05625 0.026562500000000003
3 0.7921875 0.18359375 0.059375000000000004 0.026562500000000003
