3 0.359375 0.6117187500000001 0.028125 0.029687500000000002
3 0.20859375000000002 0.6296875000000001 0.0234375 0.028125
3 0.23593750000000002 0.5140625 0.021875000000000002 0.021875000000000002
3 0.29531250000000003 0.5953125 0.021875000000000002 0.034375
3 0.36562500000000003 0.46875 0.015625 0.025
3 0.31093750000000003 0.46406250000000004 0.015625 0.015625
3 0.3296875 0.42031250000000003 0.015625 0.018750000000000003
3 0.3515625 0.3875 0.015625 0.015625
3 0.32421875 0.34765625 0.010937500000000001 0.0140625
3 0.33203125 0.6585937500000001 0.0203125 0.035937500000000004
3 0.27265625 0.34375 0.010937500000000001 0.015625
3 0.328125 0.26953125 0.0125 0.0140625
3 0.284375 0.290625 0.015625 0.015625
3 0.28515625 0.26640625 0.010937500000000001 0.0078125
3 0.30000000000000004 0.246875 0.00625 0.0125
3 0.30625 0.22890625 0.00625 0.010937500000000001
3 0.29453125 0.215625 0.010937500000000001 0.009375000000000001
3 0.30781250000000004 0.21484375 0.0125 0.0140625
3 0.29531250000000003 0.20625000000000002 0.009375000000000001 0.009375000000000001
3 0.31015625 0.20468750000000002 0.0140625 0.0125
3 0.31093750000000003 0.19062500000000002 0.00625 0.0125
3 0.328125 0.22734375 0.015625 0.0171875
3 0.33359375 0.20859375000000002 0.0171875 0.0171875
3 0.29140625000000003 0.19140625 0.0078125 0.004687500000000001
3 0.32890625 0.31171875000000004 0.010937500000000001 0.0171875
3 0.34609375000000003 0.34765625 0.0171875 0.0171875
3 0.34453125 0.328125 0.010937500000000001 0.015625
3 0.34453125 0.30546875 0.010937500000000001 0.0140625
3 0.36171875000000003 0.7625000000000001 0.0328125 0.053125000000000006
3 0.321875 0.7429687500000001 0.028125 0.045312500000000006
3 0.2734375 0.75546875 0.028125 0.0421875
3 0.2890625 0.721875 0.021875000000000002 0.034375
3 0.290625 0.6796875 0.021875000000000002 0.034375
4 0.253125 0.55859375 0.018750000000000003 0.035937500000000004
4 0.34921875 0.5515625000000001 0.0171875 0.028125
4 0.290625 0.63828125 0.025 0.0421875
3 0.2390625 0.6765625000000001 0.021875000000000002 0.03125
4 0.246875 0.37343750000000003 0.015625 0.018750000000000003
4 0.33437500000000003 0.3671875 0.015625 0.015625
3 0.371875 0.37343750000000003 0.015625 0.0125
5 0.2515625 0.43281250000000004 0.021875000000000002 0.034375
9 0.32265625000000003 0.5375 0.010937500000000001 0.015625
0 0.321875 0.53515625 0.009375000000000001 0.0078125
3 0.8859375 0.36015625 0.021875000000000002 0.0140625
