0 0.1609375 0.9750000000000001 0.05 0.037500000000000006
0 0.1640625 0.9554687500000001 0.059375000000000004 0.0484375
0 0.26953125 0.82734375 0.0390625 0.051562500000000004
0 0.35468750000000004 0.815625 0.037500000000000006 0.05
1 0.29140625000000003 0.628125 0.045312500000000006 0.040625
0 0.48750000000000004 0.2984375 0.028125 0.046875
0 0.509375 0.28750000000000003 0.028125 0.05
0 0.9460937500000001 0.10234375000000001 0.0171875 0.0484375
0 0.925 0.084375 0.021875000000000002 0.046875
0 0.98046875 0.065625 0.0171875 0.040625
3 0.18125000000000002 0.13203125000000002 0.125 0.1328125
