3 0.5750000000000001 0.3515625 0.065625 0.059375000000000004
3 0.58515625 0.42421875000000003 0.0671875 0.06406250000000001
3 0.6468750000000001 0.41875 0.06875 0.0625
3 0.7210937500000001 0.42109375000000004 0.0734375 0.060937500000000006
3 0.71875 0.48359375000000004 0.065625 0.06406250000000001
3 0.6570312500000001 0.50703125 0.060937500000000006 0.06406250000000001
0 0.4890625 0.7937500000000001 0.021875000000000002 0.03125
0 0.47734375 0.78671875 0.010937500000000001 0.029687500000000002
0 0.5906250000000001 0.721875 0.015625 0.028125
0 0.5750000000000001 0.71875 0.015625 0.03125
0 0.6664062500000001 0.6976562500000001 0.0140625 0.035937500000000004
0 0.47500000000000003 0.971875 0.025 0.03125
0 0.46015625000000004 0.9765625 0.0171875 0.03125
0 0.7679687500000001 0.3671875 0.0140625 0.028125
