3 0.22812500000000002 0.80390625 0.1125 0.1328125
3 0.23671875 0.69140625 0.1078125 0.11406250000000001
3 0.25625000000000003 0.6062500000000001 0.1 0.084375
3 0.28750000000000003 0.52109375 0.08125 0.1015625
3 0.371875 0.1125 0.028125 0.021875000000000002
3 0.37109375 0.12578125 0.029687500000000002 0.029687500000000002
0 0.39687500000000003 0.32343750000000004 0.015625 0.037500000000000006
3 0.7015625000000001 0.9070312500000001 0.26875 0.1203125
6 0.321875 0.209375 0.028125 0.03125
3 0.31640625 0.18359375 0.029687500000000002 0.029687500000000002
3 0.32656250000000003 0.17734375000000002 0.021875000000000002 0.026562500000000003
3 0.325 0.15156250000000002 0.028125 0.03125
0 0.28359375000000003 0.8718750000000001 0.029687500000000002 0.07187500000000001
5 0.37265625 0.77109375 0.1078125 0.15781250000000002
