3 0.26796875000000003 0.7515625 0.0703125 0.11875000000000001
3 0.09296875 0.7109375 0.0859375 0.13125
3 0.09453125000000001 0.47265625 0.15156250000000002 0.08281250000000001
3 0.1953125 0.3125 0.078125 0.10312500000000001
3 0.1046875 0.275 0.065625 0.065625
3 0.290625 0.521875 0.16875 0.078125
4 0.19687500000000002 0.09453125000000001 0.059375000000000004 0.09843750000000001
9 0.13593750000000002 0.17265625 0.05 0.0421875
9 0.28046875 0.37343750000000003 0.0578125 0.043750000000000004
9 0.33984375 0.13125 0.0546875 0.037500000000000006
2 0.30078125 0.21484375 0.0484375 0.0328125
1 0.1046875 0.10234375000000001 0.021875000000000002 0.0390625
9 0.09921875000000001 0.10703125000000001 0.0328125 0.0390625
