3 0.05 0.29531250000000003 0.053125000000000006 0.025
3 0.05625 0.38906250000000003 0.025 0.05625
3 0.08671875000000001 0.38671875 0.0234375 0.0546875
3 0.08828125 0.43515625 0.0546875 0.026562500000000003
3 0.08281250000000001 0.46406250000000004 0.043750000000000004 0.025
3 0.08125 0.496875 0.053125000000000006 0.025
4 0.08125 0.565625 0.05 0.025
3 0.07734375 0.6023437500000001 0.0546875 0.0234375
3 0.16328125000000002 0.37421875000000004 0.045312500000000006 0.045312500000000006
3 0.17500000000000002 0.29921875000000003 0.05 0.0203125
3 0.1796875 0.20468750000000002 0.05 0.025
3 0.17578125 0.1390625 0.045312500000000006 0.025
3 0.1796875 0.11484375000000001 0.053125000000000006 0.0234375
3 0.19140625 0.0703125 0.045312500000000006 0.025
3 0.17500000000000002 0.029687500000000002 0.05 0.025
4 0.5734375 0.0328125 0.046875 0.025
3 0.5906250000000001 0.134375 0.05 0.025
4 0.6015625 0.23828125 0.05 0.026562500000000003
3 0.6125 0.33125000000000004 0.059375000000000004 0.028125
9 0.5945312500000001 0.27890625 0.0203125 0.010937500000000001
9 0.6171875 0.27890625 0.018750000000000003 0.010937500000000001
3 0.634375 0.4390625 0.059375000000000004 0.028125
3 0.634375 0.5046875000000001 0.059375000000000004 0.028125
2 0.63046875 0.5328125 0.0171875 0.0125
3 0.6507812500000001 0.6359375 0.060937500000000006 0.028125
3 0.66171875 0.71015625 0.06406250000000001 0.0328125
3 0.47187500000000004 0.7507812500000001 0.043750000000000004 0.06406250000000001
3 0.6273437500000001 0.8203125 0.0328125 0.078125
3 0.5625 0.8601562500000001 0.028125 0.0546875
9 0.6796875 0.79609375 0.021875000000000002 0.0203125
3 0.93515625 0.45937500000000003 0.0328125 0.053125000000000006
