8 0.8539062500000001 0.69296875 0.2484375 0.3015625
3 0.11406250000000001 0.84296875 0.115625 0.0765625
3 0.15937500000000002 0.6101562500000001 0.115625 0.060937500000000006
3 0.1203125 0.5242187500000001 0.115625 0.0578125
3 0.07734375 0.784375 0.1328125 0.08125
3 0.10859375 0.48046875 0.1203125 0.0578125
3 0.33515625000000004 0.49843750000000003 0.09843750000000001 0.065625
3 0.3828125 0.5890625 0.12187500000000001 0.059375000000000004
3 0.47109375000000003 0.7093750000000001 0.1421875 0.09375
4 0.37265625 0.5320312500000001 0.1421875 0.07968750000000001
3 0.7429687500000001 0.21953125 0.1078125 0.045312500000000006
3 0.84765625 0.4234375 0.1203125 0.08750000000000001
3 0.8859375 0.3671875 0.109375 0.059375000000000004
3 0.87890625 0.40390625 0.09843750000000001 0.0703125
3 0.9125000000000001 0.34765625 0.109375 0.060937500000000006
3 0.91953125 0.31328125 0.1078125 0.06406250000000001
3 0.946875 0.26171875 0.09375 0.051562500000000004
3 0.9640625 0.20546875 0.07187500000000001 0.045312500000000006
3 0.95703125 0.11875000000000001 0.0703125 0.05625
3 0.93515625 0.0734375 0.060937500000000006 0.053125000000000006
3 0.8968750000000001 0.0390625 0.1 0.05
3 0.87109375 0.0203125 0.1015625 0.040625
5 0.78046875 0.0734375 0.0703125 0.034375
3 0.7609375 0.0578125 0.078125 0.034375
3 0.6515625 0.04609375 0.09375 0.0390625
3 0.67734375 0.060937500000000006 0.08281250000000001 0.037500000000000006
3 0.6953125 0.08203125 0.09375 0.045312500000000006
3 0.721875 0.10703125000000001 0.08125 0.045312500000000006
3 0.80390625 0.10234375000000001 0.0921875 0.0484375
3 0.6351562500000001 0.26328125 0.0703125 0.08281250000000001
3 0.6843750000000001 0.25859375 0.07187500000000001 0.0734375
3 0.7609375 0.25234375000000003 0.09375 0.051562500000000004
3 0.71796875 0.19296875000000002 0.09843750000000001 0.0421875
3 0.6453125000000001 0.1921875 0.065625 0.059375000000000004
3 0.5320312500000001 0.11328125 0.08281250000000001 0.0421875
3 0.51953125 0.08515625 0.0859375 0.0421875
3 0.38906250000000003 0.10078125 0.065625 0.0734375
3 0.20234375000000002 0.07890625000000001 0.045312500000000006 0.0703125
3 0.19296875000000002 0.028125 0.0578125 0.053125000000000006
4 0.18046875 0.16171875000000002 0.0921875 0.0734375
4 0.20859375000000002 0.76875 0.1203125 0.07500000000000001
3 0.1859375 0.7054687500000001 0.115625 0.0546875
0 0.6781250000000001 0.39765625000000004 0.021875000000000002 0.035937500000000004
0 0.690625 0.38593750000000004 0.018750000000000003 0.037500000000000006
0 0.7109375 0.42031250000000003 0.015625 0.040625
0 0.5867187500000001 0.28203125 0.0171875 0.035937500000000004
