3 0.07500000000000001 0.88203125 0.034375 0.029687500000000002
4 0.140625 0.8968750000000001 0.07187500000000001 0.046875
3 0.13046875 0.93359375 0.0921875 0.029687500000000002
3 0.1078125 0.9828125000000001 0.084375 0.03125
3 0.11093750000000001 0.9640625 0.084375 0.03125
3 0.11875000000000001 0.9484375 0.08125 0.037500000000000006
3 0.31093750000000003 0.98046875 0.046875 0.0390625
3 0.30234375 0.9007812500000001 0.0328125 0.029687500000000002
5 0.30078125 0.9453125 0.0484375 0.0625
0 0.45937500000000003 0.95078125 0.015625 0.0328125
9 0.36562500000000003 0.93359375 0.0125 0.0203125
1 0.36562500000000003 0.92890625 0.0125 0.0234375
3 0.30000000000000004 0.8609375 0.03125 0.025
3 0.30390625000000004 0.8421875000000001 0.029687500000000002 0.03125
3 0.31093750000000003 0.8054687500000001 0.043750000000000004 0.0234375
3 0.28515625 0.7953125000000001 0.0203125 0.021875000000000002
3 0.31015625 0.78828125 0.0203125 0.0171875
3 0.29921875000000003 0.7507812500000001 0.0203125 0.0203125
0 0.32421875 0.7507812500000001 0.004687500000000001 0.0203125
4 0.38906250000000003 0.7601562500000001 0.037500000000000006 0.0203125
0 0.3796875 0.7507812500000001 0.003125 0.0171875
3 0.32578125 0.7132812500000001 0.0171875 0.0140625
3 0.34609375000000003 0.7367187500000001 0.0171875 0.0171875
0 0.37031250000000004 0.7039062500000001 0.00625 0.0140625
0 0.36171875000000003 0.72265625 0.0078125 0.0140625
3 0.37265625 0.72265625 0.026562500000000003 0.0140625
3 0.41875 0.753125 0.021875000000000002 0.018750000000000003
0 0.66328125 0.92890625 0.010937500000000001 0.029687500000000002
0 0.64375 0.9320312500000001 0.009375000000000001 0.0328125
3 0.5625 0.978125 0.07187500000000001 0.034375
3 0.60859375 0.9546875 0.08281250000000001 0.037500000000000006
3 0.5875 0.9476562500000001 0.09375 0.035937500000000004
3 0.58515625 0.93359375 0.08281250000000001 0.035937500000000004
3 0.565625 0.9242187500000001 0.084375 0.035937500000000004
3 0.553125 0.9148437500000001 0.078125 0.0328125
3 0.54609375 0.8914062500000001 0.07968750000000001 0.026562500000000003
3 0.5203125000000001 0.87265625 0.05625 0.029687500000000002
3 0.5203125000000001 0.86328125 0.065625 0.026562500000000003
0 0.51015625 0.846875 0.010937500000000001 0.025
3 0.52578125 0.84921875 0.026562500000000003 0.0203125
4 0.46875 0.83984375 0.053125000000000006 0.029687500000000002
3 0.48828125 0.828125 0.06406250000000001 0.025
3 0.46015625000000004 0.828125 0.051562500000000004 0.018750000000000003
3 0.45937500000000003 0.8140625 0.046875 0.021875000000000002
3 0.43671875000000004 0.8093750000000001 0.0234375 0.021875000000000002
3 0.46484375 0.7976562500000001 0.051562500000000004 0.0203125
3 0.465625 0.790625 0.046875 0.021875000000000002
3 0.44765625000000003 0.78828125 0.0390625 0.0203125
3 0.45 0.7718750000000001 0.025 0.015625
3 0.4546875 0.78125 0.018750000000000003 0.015625
