0 0.5593750000000001 0.029687500000000002 0.015625 0.037500000000000006
0 0.5796875 0.032031250000000004 0.018750000000000003 0.035937500000000004
0 0.5906250000000001 0.01171875 0.015625 0.0203125
0 0.5984375000000001 0.03125 0.015625 0.037500000000000006
0 0.6195312500000001 0.03671875 0.0140625 0.026562500000000003
0 0.634375 0.0203125 0.021875000000000002 0.040625
0 0.634375 0.01171875 0.015625 0.0203125
0 0.66328125 0.07187500000000001 0.0140625 0.03125
0 0.6953125 0.26640625 0.015625 0.035937500000000004
0 0.6781250000000001 0.2421875 0.015625 0.028125
0 0.696875 0.23750000000000002 0.015625 0.034375
0 0.7078125000000001 0.25859375 0.009375000000000001 0.0234375
0 0.696875 0.23750000000000002 0.015625 0.034375
0 0.7171875000000001 0.2515625 0.0125 0.034375
0 0.7992187500000001 0.28750000000000003 0.0171875 0.03125
0 0.734375 0.39765625000000004 0.021875000000000002 0.0328125
0 0.84375 0.51171875 0.0125 0.0328125
0 0.96484375 0.7375 0.0171875 0.028125
0 0.96796875 0.75390625 0.0140625 0.026562500000000003
0 0.9085937500000001 0.8546875 0.0171875 0.025
0 0.859375 0.853125 0.015625 0.028125
1 0.84765625 0.8562500000000001 0.010937500000000001 0.018750000000000003
0 0.84140625 0.8835937500000001 0.0171875 0.0203125
0 0.81015625 0.9164062500000001 0.0171875 0.0171875
0 0.9046875000000001 0.92109375 0.021875000000000002 0.026562500000000003
0 0.7484375000000001 0.9515625000000001 0.021875000000000002 0.025
