3 0.34296875000000004 0.8609375 0.1296875 0.09375
3 0.5078125 0.93515625 0.125 0.09531250000000001
3 0.47734375 0.77265625 0.1203125 0.08281250000000001
3 0.53046875 0.8265625000000001 0.1265625 0.08750000000000001
3 0.6351562500000001 0.82734375 0.1203125 0.0890625
0 0.534375 0.63984375 0.028125 0.045312500000000006
0 0.55234375 0.640625 0.0171875 0.037500000000000006
0 0.540625 0.625 0.018750000000000003 0.037500000000000006
3 0.51796875 0.39609375 0.0890625 0.0734375
0 0.7093750000000001 0.41718750000000004 0.0125 0.018750000000000003
0 0.6953125 0.40703125 0.015625 0.0328125
0 0.6625000000000001 0.37812500000000004 0.015625 0.034375
0 0.6843750000000001 0.37812500000000004 0.015625 0.034375
0 0.6125 0.28125 0.015625 0.034375
0 0.6351562500000001 0.2890625 0.010937500000000001 0.034375
