3 0.51484375 0.7093750000000001 0.0859375 0.09062500000000001
4 0.21406250000000002 0.6859375000000001 0.08750000000000001 0.1
3 0.11015625000000001 0.603125 0.09843750000000001 0.06875
8 0.22812500000000002 0.56171875 0.22187500000000002 0.2015625
3 0.13671875 0.42500000000000004 0.09843750000000001 0.043750000000000004
3 0.6820312500000001 0.340625 0.0765625 0.046875
3 0.796875 0.24453125 0.065625 0.0484375
0 0.12109375 0.36875 0.0171875 0.028125
0 0.16796875 0.38828125 0.0171875 0.026562500000000003
0 0.1859375 0.38828125 0.0125 0.0328125
0 0.21875 0.38203125000000004 0.015625 0.0328125
0 0.8703125 0.16015625 0.018750000000000003 0.0328125
0 0.61328125 0.290625 0.0171875 0.034375
3 0.6734375 0.48984375 0.09062500000000001 0.06406250000000001
