5 0.46875 0.29765625 0.05 0.1203125
3 0.48203125 0.1078125 0.035937500000000004 0.05
3 0.3375 0.05 0.034375 0.037500000000000006
3 0.49609375 0.65234375 0.045312500000000006 0.0859375
3 0.56484375 0.69921875 0.051562500000000004 0.0859375
3 0.7664062500000001 0.62421875 0.1015625 0.0546875
0 0.978125 0.7718750000000001 0.015625 0.018750000000000003
0 0.9859375 0.7625000000000001 0.0125 0.028125
0 0.8695312500000001 0.7203125 0.0171875 0.018750000000000003
0 0.86484375 0.7054687500000001 0.010937500000000001 0.0171875
1 0.64453125 0.5546875 0.0140625 0.028125
9 0.640625 0.5578125 0.03125 0.043750000000000004
0 0.17500000000000002 0.48515625 0.0125 0.029687500000000002
0 0.12421875 0.45625000000000004 0.0140625 0.03125
0 0.1046875 0.45937500000000003 0.015625 0.028125
0 0.36015625 0.5109375 0.010937500000000001 0.03125
0 0.35468750000000004 0.5140625 0.0125 0.028125
3 0.525 0.27421875 0.037500000000000006 0.060937500000000006
0 0.56875 0.028125 0.0125 0.025
0 0.57578125 0.026562500000000003 0.0140625 0.03125
