5 0.503125 0.1921875 0.146875 0.29375
4 0.5484375 0.7625000000000001 0.1 0.240625
0 0.38984375000000004 0.04453125 0.0484375 0.026562500000000003
0 0.37734375000000003 0.2671875 0.0328125 0.025
0 0.328125 0.18515625000000002 0.05 0.0203125
0 0.39453125 0.32421875 0.0421875 0.0234375
0 0.084375 0.53359375 0.059375000000000004 0.0328125
0 0.14765625000000002 0.565625 0.0859375 0.034375
0 0.55859375 0.5906250000000001 0.0484375 0.03125
0 0.23125 0.27421875 0.043750000000000004 0.0234375
7 0.46718750000000003 0.68515625 0.05625 0.11406250000000001
0 0.29140625000000003 0.9234375 0.0484375 0.021875000000000002
0 0.5765625 0.9304687500000001 0.018750000000000003 0.0328125
7 0.5476562500000001 0.5085937500000001 0.0921875 0.09843750000000001
