3 0.4609375 0.60859375 0.11875000000000001 0.1203125
3 0.37812500000000004 0.4859375 0.10625000000000001 0.096875
3 0.32421875 0.38593750000000004 0.09843750000000001 0.09062500000000001
3 0.54609375 0.7640625000000001 0.13593750000000002 0.13125
4 0.184375 0.6156250000000001 0.1 0.12187500000000001
4 0.2515625 0.29609375 0.078125 0.0734375
3 0.5476562500000001 0.5703125 0.1421875 0.1125
3 0.775 0.8609375 0.23125 0.1375
3 0.78125 0.6117187500000001 0.15625 0.1234375
3 0.5796875 0.3984375 0.10312500000000001 0.078125
3 0.31796875 0.259375 0.11406250000000001 0.06875
3 0.2234375 0.2421875 0.06875 0.065625
3 0.16562500000000002 0.16484375 0.078125 0.060937500000000006
3 0.14140625 0.11953125 0.0578125 0.0578125
3 0.240625 0.153125 0.09375 0.06875
3 0.4390625 0.23046875 0.078125 0.0859375
3 0.3765625 0.1765625 0.078125 0.065625
4 0.49765625 0.30000000000000004 0.0921875 0.08125
4 0.66796875 0.48984375 0.09843750000000001 0.09843750000000001
3 0.2671875 0.04609375 0.0625 0.0546875
0 0.14296875 0.21015625000000002 0.0171875 0.0546875
0 0.16953125000000002 0.21015625000000002 0.0171875 0.0546875
3 0.9031250000000001 0.76484375 0.153125 0.13593750000000002
