3 0.7859375000000001 0.3125 0.146875 0.053125000000000006
3 0.65390625 0.21406250000000002 0.08281250000000001 0.043750000000000004
2 0.23515625 0.20468750000000002 0.0171875 0.025
5 0.12187500000000001 0.20234375000000002 0.140625 0.0546875
3 0.37421875000000004 0.23515625 0.08281250000000001 0.045312500000000006
3 0.325 0.17890625000000002 0.065625 0.035937500000000004
3 0.30546875 0.15781250000000002 0.0765625 0.03125
1 0.32578125 0.19765625 0.0203125 0.026562500000000003
1 0.33671875 0.19765625 0.0171875 0.0234375
1 0.3484375 0.20468750000000002 0.021875000000000002 0.028125
9 0.35078125000000004 0.21171875 0.026562500000000003 0.0203125
9 0.340625 0.21015625000000002 0.03125 0.0234375
9 0.33359375 0.20546875 0.029687500000000002 0.0234375
3 0.446875 0.14140625 0.0625 0.0234375
3 0.44062500000000004 0.15781250000000002 0.065625 0.025
3 0.5984375000000001 0.1296875 0.078125 0.028125
3 0.8453125 0.09921875000000001 0.05 0.0203125
3 0.88671875 0.0921875 0.045312500000000006 0.021875000000000002
