3 0.8421875000000001 0.83359375 0.15937500000000002 0.15156250000000002
3 0.73984375 0.7132812500000001 0.1265625 0.11093750000000001
0 0.84375 0.68125 0.037500000000000006 0.065625
0 0.79296875 0.60859375 0.029687500000000002 0.06406250000000001
3 0.25234375000000003 0.41171875 0.0921875 0.0734375
5 0.46015625000000004 0.53359375 0.13593750000000002 0.1328125
3 0.9085937500000001 0.6109375 0.17343750000000002 0.09062500000000001
3 0.86640625 0.578125 0.1390625 0.08750000000000001
3 0.84375 0.53828125 0.146875 0.0890625
3 0.8093750000000001 0.5085937500000001 0.14375000000000002 0.0734375
0 0.7765625 0.52890625 0.025 0.06406250000000001
3 0.6898437500000001 0.48046875 0.1265625 0.0734375
3 0.8148437500000001 0.44296875 0.1328125 0.0859375
3 0.77734375 0.42265625 0.1265625 0.09843750000000001
3 0.7453125 0.39921875 0.1125 0.0765625
3 0.7156250000000001 0.38984375000000004 0.115625 0.0859375
3 0.6671875 0.37031250000000004 0.134375 0.078125
3 0.6234375000000001 0.3375 0.08750000000000001 0.0625
4 0.61875 0.42812500000000003 0.08750000000000001 0.07500000000000001
4 0.7296875 0.325 0.096875 0.08125
4 0.6625000000000001 0.2921875 0.08750000000000001 0.06875
5 0.51484375 0.31953125000000004 0.1546875 0.15781250000000002
3 0.58046875 0.29296875 0.060937500000000006 0.0546875
4 0.5421875 0.2546875 0.078125 0.065625
3 0.42812500000000003 0.2765625 0.05 0.046875
3 0.44843750000000004 0.24296875 0.109375 0.045312500000000006
3 0.34921875 0.37343750000000003 0.07968750000000001 0.0625
3 0.32265625000000003 0.31953125000000004 0.0921875 0.0578125
0 0.42812500000000003 0.38203125000000004 0.028125 0.060937500000000006
0 0.49843750000000003 0.375 0.028125 0.053125000000000006
0 0.56875 0.2265625 0.028125 0.05
3 0.37343750000000003 0.2015625 0.0625 0.043750000000000004
3 0.453125 0.19375 0.059375000000000004 0.046875
3 0.42031250000000003 0.17265625 0.09062500000000001 0.0421875
3 0.38828125 0.1484375 0.1078125 0.040625
3 0.3171875 0.171875 0.043750000000000004 0.043750000000000004
3 0.26484375 0.27187500000000003 0.06406250000000001 0.053125000000000006
3 0.24140625000000002 0.23359375000000002 0.0484375 0.045312500000000006
3 0.259375 0.178125 0.05625 0.040625
3 0.37812500000000004 0.13203125000000002 0.09375 0.0328125
3 0.340625 0.12734375 0.10312500000000001 0.0421875
3 0.35468750000000004 0.1125 0.07500000000000001 0.040625
3 0.33515625000000004 0.10703125000000001 0.0703125 0.0328125
3 0.32890625 0.09843750000000001 0.08281250000000001 0.040625
3 0.32890625 0.08359375000000001 0.08281250000000001 0.029687500000000002
3 0.30625 0.07968750000000001 0.07187500000000001 0.040625
3 0.29531250000000003 0.06640625 0.08125 0.045312500000000006
3 0.26875 0.0546875 0.07187500000000001 0.034375
3 0.26953125 0.05390625 0.0765625 0.0390625
3 0.26796875000000003 0.0546875 0.08281250000000001 0.05
3 0.25859375 0.034375 0.08281250000000001 0.040625
3 0.20703125 0.0203125 0.035937500000000004 0.034375
3 0.24609375 0.0140625 0.0390625 0.025
3 0.2890625 0.02109375 0.037500000000000006 0.035937500000000004
0 0.3125 0.02890625 0.015625 0.0328125
0 0.16015625 0.02890625 0.0234375 0.0328125
0 0.12265625000000001 0.0140625 0.0140625 0.028125
0 0.14765625000000002 0.0140625 0.0140625 0.025
3 0.07578125000000001 0.0140625 0.0484375 0.025
3 0.09921875000000001 0.04609375 0.0390625 0.029687500000000002
3 0.11406250000000001 0.0625 0.043750000000000004 0.034375
3 0.12734375 0.08281250000000001 0.0484375 0.037500000000000006
3 0.15390625000000002 0.11171875 0.0484375 0.045312500000000006
4 0.18125000000000002 0.13125 0.05625 0.065625
3 0.2015625 0.17421875 0.065625 0.0484375
3 0.23125 0.14140625 0.05625 0.045312500000000006
0 0.27968750000000003 0.12265625000000001 0.021875000000000002 0.035937500000000004
0 0.2484375 0.11875000000000001 0.021875000000000002 0.040625
0 0.2484375 0.12421875 0.018750000000000003 0.0328125
0 0.30312500000000003 0.1859375 0.018750000000000003 0.040625
0 0.2921875 0.17734375000000002 0.015625 0.0421875
1 0.27968750000000003 0.16015625 0.015625 0.035937500000000004
1 0.27421875 0.18906250000000002 0.010937500000000001 0.028125
1 0.30703125000000003 0.21406250000000002 0.0171875 0.028125
1 0.3171875 0.2390625 0.021875000000000002 0.025
9 0.31796875 0.25078125 0.026562500000000003 0.0328125
9 0.30625 0.2234375 0.028125 0.03125
9 0.275 0.20546875 0.037500000000000006 0.029687500000000002
9 0.28046875 0.16484375 0.0203125 0.0234375
