4 0.35859375000000004 0.92578125 0.0546875 0.09531250000000001
3 0.2828125 0.92890625 0.05 0.0703125
3 0.21171875 0.8929687500000001 0.0484375 0.07968750000000001
3 0.29765625 0.8406250000000001 0.045312500000000006 0.06875
3 0.44140625 0.8851562500000001 0.051562500000000004 0.0734375
5 0.3671875 0.8226562500000001 0.046875 0.0921875
3 0.30000000000000004 0.7671875 0.043750000000000004 0.05625
3 0.30312500000000003 0.6960937500000001 0.046875 0.060937500000000006
3 0.36250000000000004 0.6960937500000001 0.037500000000000006 0.0578125
3 0.3046875 0.6351562500000001 0.034375 0.051562500000000004
3 0.36875 0.6257812500000001 0.040625 0.051562500000000004
3 0.3171875 0.58203125 0.037500000000000006 0.0546875
3 0.43515625 0.60859375 0.0421875 0.0546875
3 0.2765625 0.48984375 0.03125 0.0421875
3 0.32656250000000003 0.50703125 0.03125 0.0421875
3 0.37578125 0.51953125 0.035937500000000004 0.0484375
3 0.525 0.5906250000000001 0.043750000000000004 0.046875
3 0.3671875 0.39453125 0.028125 0.0390625
8 0.3640625 0.18281250000000002 0.034375 0.05625
1 0.19140625 0.37578125 0.010937500000000001 0.0171875
1 0.24765625000000002 0.18203125 0.0078125 0.0078125
9 0.24609375 0.18906250000000002 0.0078125 0.015625
9 0.18906250000000002 0.38515625000000003 0.009375000000000001 0.0171875
3 0.35781250000000003 0.09140625000000001 0.015625 0.0171875
