4 0.88203125 0.7039062500000001 0.0765625 0.0921875
3 0.82578125 0.63671875 0.08281250000000001 0.0859375
3 0.95859375 0.61640625 0.0765625 0.0765625
4 0.8875000000000001 0.52890625 0.07187500000000001 0.08281250000000001
3 0.84375 0.3828125 0.0625 0.046875
3 0.6734375 0.45156250000000003 0.07187500000000001 0.065625
3 0.73984375 0.38828125 0.07968750000000001 0.0578125
4 0.66953125 0.35546875 0.07968750000000001 0.0765625
3 0.6843750000000001 0.28125 0.09375 0.059375000000000004
4 0.6687500000000001 0.26171875 0.08750000000000001 0.06406250000000001
3 0.65625 0.240625 0.09375 0.05
4 0.56875 0.23593750000000002 0.059375000000000004 0.06875
3 0.53046875 0.24531250000000002 0.051562500000000004 0.053125000000000006
5 0.48203125 0.234375 0.0859375 0.10625000000000001
3 0.4265625 0.2921875 0.084375 0.05
3 0.36171875000000003 0.35859375000000004 0.08281250000000001 0.035937500000000004
3 0.3828125 0.33437500000000003 0.08125 0.046875
3 0.40468750000000003 0.3125 0.09375 0.05
