3 0.6296875000000001 0.96015625 0.07500000000000001 0.045312500000000006
4 0.6312500000000001 0.9015625 0.06875 0.040625
3 0.62890625 0.8562500000000001 0.0765625 0.043750000000000004
3 0.6257812500000001 0.7742187500000001 0.07968750000000001 0.0421875
3 0.625 0.71484375 0.078125 0.0421875
4 0.565625 0.7546875000000001 0.037500000000000006 0.065625
3 0.51015625 0.6312500000000001 0.045312500000000006 0.06875
3 0.6828125 0.446875 0.08125 0.034375
0 0.45078125 0.7265625 0.0203125 0.021875000000000002
0 0.465625 0.759375 0.021875000000000002 0.021875000000000002
0 0.48750000000000004 0.78671875 0.021875000000000002 0.0203125
0 0.45 0.53359375 0.021875000000000002 0.0171875
5 0.9078125 0.19687500000000002 0.059375000000000004 0.2
