0 0.54140625 0.7765625 0.0484375 0.078125
0 0.359375 0.8203125 0.05 0.109375
0 0.34453125 0.78515625 0.0484375 0.1265625
0 0.30625 0.30781250000000004 0.0125 0.025
0 0.27968750000000003 0.35703125 0.015625 0.0328125
0 0.28984375 0.35859375000000004 0.010937500000000001 0.035937500000000004
1 0.30625 0.36562500000000003 0.0125 0.025
1 0.3609375 0.36562500000000003 0.015625 0.025
2 0.31328125 0.37421875000000004 0.029687500000000002 0.0203125
2 0.41015625 0.3953125 0.0171875 0.025
2 0.40078125000000003 0.390625 0.026562500000000003 0.025
1 0.946875 0.6117187500000001 0.043750000000000004 0.0484375
