4 0.08203125 0.4234375 0.09843750000000001 0.046875
5 0.18046875 0.6890625 0.23593750000000002 0.09062500000000001
5 0.203125 0.6117187500000001 0.18125000000000002 0.0578125
3 0.4546875 0.6156250000000001 0.05 0.09062500000000001
3 0.51953125 0.6179687500000001 0.045312500000000006 0.1015625
3 0.578125 0.6203125 0.05625 0.109375
3 0.6953125 0.6156250000000001 0.053125000000000006 0.109375
3 0.7601562500000001 0.6023437500000001 0.0546875 0.0734375
4 0.88046875 0.6218750000000001 0.06406250000000001 0.115625
3 0.9398437500000001 0.6218750000000001 0.0578125 0.10625000000000001
4 0.24453125 0.41718750000000004 0.0890625 0.040625
4 0.30546875 0.48203125 0.11406250000000001 0.0421875
4 0.42109375000000004 0.40937500000000004 0.0921875 0.046875
4 0.5640625 0.47109375000000003 0.115625 0.0421875
3 0.7664062500000001 0.38984375000000004 0.1046875 0.0484375
3 0.91953125 0.36171875000000003 0.11406250000000001 0.045312500000000006
4 0.5398437500000001 0.11796875000000001 0.1078125 0.051562500000000004
3 0.12578125 0.21484375 0.1046875 0.045312500000000006
