5 0.9226562500000001 0.878125 0.07968750000000001 0.184375
5 0.8 0.69296875 0.065625 0.1015625
5 0.93515625 0.41953125 0.0390625 0.051562500000000004
8 0.9515625000000001 0.50546875 0.05 0.09843750000000001
3 0.66171875 0.8859375 0.0703125 0.078125
3 0.84765625 0.44765625000000003 0.026562500000000003 0.029687500000000002
3 0.41484375 0.29531250000000003 0.026562500000000003 0.021875000000000002
3 0.446875 0.2625 0.025 0.018750000000000003
3 0.96796875 0.17265625 0.0171875 0.0171875
5 0.9343750000000001 0.2171875 0.025 0.028125
1 0.8695312500000001 0.30000000000000004 0.010937500000000001 0.009375000000000001
9 0.86875 0.3046875 0.009375000000000001 0.0125
4 0.6234375000000001 0.1484375 0.015625 0.015625
3 0.5867187500000001 0.19765625 0.0171875 0.010937500000000001
4 0.64453125 0.13593750000000002 0.010937500000000001 0.015625
4 0.634375 0.14140625 0.0125 0.0140625
4 0.34453125 0.29140625000000003 0.0234375 0.0203125
9 0.9953125 0.50546875 0.00625 0.0140625
0 0.38906250000000003 0.28046875 0.00625 0.0140625
