0 0.17500000000000002 0.25625000000000003 0.015625 0.034375
9 0.1796875 0.21875 0.037500000000000006 0.028125
0 0.27265625 0.3484375 0.0140625 0.034375
0 0.284375 0.34921875 0.0125 0.029687500000000002
4 0.34921875 0.12421875 0.0921875 0.0578125
4 0.33906250000000004 0.26328125 0.09375 0.0734375
4 0.36171875000000003 0.5015625 0.1171875 0.065625
4 0.4765625 0.74609375 0.059375000000000004 0.1296875
3 0.49296875 0.92734375 0.060937500000000006 0.1390625
9 0.19609375 0.95234375 0.0484375 0.029687500000000002
9 0.32343750000000004 0.92734375 0.037500000000000006 0.0390625
9 0.3296875 0.97578125 0.043750000000000004 0.029687500000000002
9 0.31562500000000004 0.8500000000000001 0.05 0.028125
9 0.32890625 0.82578125 0.0546875 0.0203125
9 0.33828125000000003 0.796875 0.0578125 0.021875000000000002
9 0.3609375 0.6648437500000001 0.021875000000000002 0.0421875
0 0.87421875 0.8296875 0.0171875 0.03125
9 0.8695312500000001 0.6984375 0.0484375 0.025
2 0.7109375 0.7390625000000001 0.05 0.025
0 0.7390625000000001 0.71796875 0.018750000000000003 0.035937500000000004
0 0.753125 0.70625 0.018750000000000003 0.028125
0 0.77109375 0.71796875 0.0203125 0.035937500000000004
0 0.7984375 0.75546875 0.015625 0.029687500000000002
0 0.8265625000000001 0.7195312500000001 0.021875000000000002 0.0234375
1 0.88203125 0.77109375 0.035937500000000004 0.0203125
9 0.925 0.6734375 0.043750000000000004 0.028125
0 0.8546875 0.55 0.021875000000000002 0.028125
0 0.765625 0.484375 0.015625 0.028125
9 0.48203125 0.6125 0.026562500000000003 0.053125000000000006
0 0.51875 0.48515625 0.015625 0.035937500000000004
0 0.22265625 0.54609375 0.0140625 0.035937500000000004
0 0.38125000000000003 0.35781250000000003 0.018750000000000003 0.028125
0 0.58984375 0.353125 0.0140625 0.028125
1 0.7640625000000001 0.18906250000000002 0.021875000000000002 0.025
1 0.6984375 0.19296875000000002 0.018750000000000003 0.026562500000000003
0 0.6609375000000001 0.24296875 0.009375000000000001 0.035937500000000004
0 0.6015625 0.0625 0.0125 0.025
3 0.5789062500000001 0.09921875000000001 0.0484375 0.0734375
3 0.47578125000000004 0.09921875000000001 0.045312500000000006 0.0859375
3 0.35546875 0.17421875 0.11406250000000001 0.0578125
