3 0.203125 0.9171875 0.084375 0.06875
0 0.1609375 0.93125 0.021875000000000002 0.043750000000000004
2 0.08359375000000001 0.9031250000000001 0.0234375 0.034375
1 0.08359375000000001 0.89453125 0.0203125 0.0328125
3 0.14921875 0.8609375 0.08281250000000001 0.0625
3 0.08750000000000001 0.8093750000000001 0.07500000000000001 0.0625
3 0.54453125 0.2 0.0671875 0.028125
3 0.5078125 0.19296875000000002 0.0625 0.029687500000000002
3 0.48125 0.18359375 0.0625 0.026562500000000003
3 0.36250000000000004 0.15078125 0.065625 0.0234375
