4 0.8703125 0.31171875000000004 0.065625 0.0859375
4 0.37265625 0.9296875 0.1484375 0.10625000000000001
4 0.22031250000000002 0.290625 0.109375 0.08125
3 0.78828125 0.953125 0.11093750000000001 0.09375
3 0.7046875 0.85859375 0.125 0.11093750000000001
3 0.6117187500000001 0.7093750000000001 0.0859375 0.11875000000000001
3 0.44296875 0.10312500000000001 0.09531250000000001 0.078125
3 0.32265625000000003 0.8109375000000001 0.13593750000000002 0.10625000000000001
3 0.3515625 0.7296875 0.12812500000000002 0.096875
3 0.29531250000000003 0.6296875000000001 0.09062500000000001 0.06875
3 0.290625 0.571875 0.125 0.096875
3 0.27968750000000003 0.52109375 0.11875000000000001 0.0921875
3 0.26328125 0.390625 0.1203125 0.09062500000000001
3 0.23515625 0.34921875 0.1171875 0.09531250000000001
3 0.1875 0.2609375 0.109375 0.084375
3 0.18281250000000002 0.20234375000000002 0.115625 0.07968750000000001
3 0.15000000000000002 0.12421875 0.115625 0.08281250000000001
3 0.14765625000000002 0.08203125 0.11093750000000001 0.08281250000000001
3 0.12578125 0.04609375 0.11406250000000001 0.0765625
3 0.40625 0.9734375000000001 0.1375 0.05
3 0.3453125 0.2234375 0.065625 0.109375
9 0.37343750000000003 0.0484375 0.043750000000000004 0.03125
9 0.10390625 0.20234375000000002 0.0484375 0.029687500000000002
9 0.49296875 0.39921875 0.0484375 0.045312500000000006
9 0.58203125 0.415625 0.026562500000000003 0.05625
9 0.5320312500000001 0.46796875000000004 0.0546875 0.0203125
9 0.5359375000000001 0.4921875 0.053125000000000006 0.021875000000000002
9 0.6359375 0.47578125000000004 0.021875000000000002 0.0546875
1 0.640625 0.47578125000000004 0.03125 0.029687500000000002
0 0.59609375 0.48828125 0.0171875 0.029687500000000002
0 0.6179687500000001 0.5 0.0171875 0.025
0 0.596875 0.5242187500000001 0.028125 0.026562500000000003
0 0.56796875 0.509375 0.0203125 0.028125
0 0.5921875 0.46328125000000003 0.028125 0.0203125
0 0.5750000000000001 0.45625000000000004 0.021875000000000002 0.028125
0 0.5484375 0.453125 0.025 0.028125
0 0.07265625 0.40468750000000003 0.0328125 0.028125
0 0.0890625 0.29765625 0.028125 0.0328125
0 0.89765625 0.0546875 0.0171875 0.034375
0 0.9148437500000001 0.051562500000000004 0.0171875 0.034375
0 0.92890625 0.04609375 0.0171875 0.045312500000000006
0 0.1703125 0.6960937500000001 0.034375 0.026562500000000003
0 0.0625 0.6609375000000001 0.037500000000000006 0.028125
9 0.10546875 0.90546875 0.035937500000000004 0.0546875
9 0.07187500000000001 0.7507812500000001 0.028125 0.051562500000000004
9 0.08671875000000001 0.6203125 0.026562500000000003 0.053125000000000006
9 0.055468750000000004 0.6390625000000001 0.0171875 0.043750000000000004
