0 0.8539062500000001 0.9656250000000001 0.0390625 0.05
0 0.328125 0.9070312500000001 0.0125 0.0171875
0 0.24140625000000002 0.91015625 0.010937500000000001 0.010937500000000001
3 0.6734375 0.6335937500000001 0.043750000000000004 0.0390625
3 0.5484375 0.68125 0.037500000000000006 0.034375
3 0.5078125 0.7546875000000001 0.037500000000000006 0.037500000000000006
3 0.53515625 0.6859375000000001 0.026562500000000003 0.025
3 0.5265625 0.690625 0.034375 0.03125
3 0.51484375 0.69453125 0.029687500000000002 0.0328125
3 0.4921875 0.70234375 0.028125 0.0328125
3 0.48671875000000003 0.7015625000000001 0.026562500000000003 0.025
4 0.46484375 0.71484375 0.026562500000000003 0.0328125
3 0.4546875 0.71875 0.021875000000000002 0.021875000000000002
3 0.44375000000000003 0.71796875 0.021875000000000002 0.026562500000000003
3 0.48750000000000004 0.7601562500000001 0.034375 0.0328125
3 0.48046875 0.7640625000000001 0.0328125 0.037500000000000006
3 0.4703125 0.7640625000000001 0.03125 0.037500000000000006
3 0.41640625000000003 0.77890625 0.029687500000000002 0.029687500000000002
0 0.1484375 0.8953125000000001 0.00625 0.00625
0 0.23046875 0.80859375 0.004687500000000001 0.0078125
0 0.22968750000000002 0.8093750000000001 0.00625 0.00625
3 0.2578125 0.7890625 0.0125 0.0125
3 0.25234375000000003 0.7914062500000001 0.010937500000000001 0.0171875
3 0.25078125 0.7914062500000001 0.010937500000000001 0.0171875
3 0.24140625000000002 0.796875 0.010937500000000001 0.015625
