0 0.025781250000000002 0.69453125 0.0203125 0.0578125
0 0.11406250000000001 0.5875 0.021875000000000002 0.053125000000000006
0 0.140625 0.51328125 0.018750000000000003 0.045312500000000006
0 0.11953125 0.50234375 0.0171875 0.051562500000000004
0 0.1046875 0.49765625 0.021875000000000002 0.051562500000000004
0 0.0859375 0.48046875 0.018750000000000003 0.045312500000000006
0 0.0703125 0.47968750000000004 0.018750000000000003 0.046875
0 0.1421875 0.43593750000000003 0.015625 0.046875
0 0.1421875 0.39765625000000004 0.015625 0.0390625
0 0.18125000000000002 0.3984375 0.015625 0.040625
0 0.15937500000000002 0.32578125 0.015625 0.035937500000000004
0 0.15390625000000002 0.3046875 0.0140625 0.025
0 0.16562500000000002 0.3046875 0.0125 0.03125
0 0.184375 0.29609375 0.0125 0.0328125
0 0.16562500000000002 0.2921875 0.0125 0.03125
0 0.20625000000000002 0.27578125000000003 0.015625 0.0328125
0 0.19140625 0.275 0.010937500000000001 0.028125
0 0.18046875 0.27187500000000003 0.010937500000000001 0.028125
0 0.19843750000000002 0.24765625000000002 0.015625 0.029687500000000002
0 0.18046875 0.246875 0.010937500000000001 0.028125
0 0.1703125 0.23828125 0.015625 0.0328125
0 0.18671875000000002 0.23750000000000002 0.010937500000000001 0.028125
0 0.19687500000000002 0.234375 0.0125 0.028125
0 0.19687500000000002 0.22578125000000002 0.0125 0.0328125
0 0.18125000000000002 0.2265625 0.0125 0.028125
0 0.17578125 0.20625000000000002 0.0140625 0.03125
0 0.31171875000000004 0.35859375000000004 0.0171875 0.035937500000000004
0 0.43046875 0.25546875 0.0171875 0.0328125
0 0.371875 0.23750000000000002 0.015625 0.025
3 0.296875 0.19687500000000002 0.059375000000000004 0.03125
0 0.421875 0.20546875 0.009375000000000001 0.026562500000000003
2 0.42578125 0.2109375 0.029687500000000002 0.015625
0 0.43671875000000004 0.19843750000000002 0.0078125 0.028125
9 0.46484375 0.20546875 0.026562500000000003 0.0203125
