0 0.6039062500000001 0.16015625 0.029687500000000002 0.0765625
0 0.65390625 0.16015625 0.0421875 0.0671875
1 0.64609375 0.15078125 0.0234375 0.045312500000000006
9 0.6468750000000001 0.17734375000000002 0.025 0.060937500000000006
1 0.53515625 0.23750000000000002 0.0390625 0.05
1 0.58515625 0.24453125 0.0328125 0.045312500000000006
9 0.59296875 0.3171875 0.035937500000000004 0.09062500000000001
0 0.63671875 0.37578125 0.0328125 0.0859375
1 0.6960937500000001 0.359375 0.0203125 0.043750000000000004
1 0.70078125 0.35000000000000003 0.0390625 0.06875
9 0.6984375 0.3765625 0.037500000000000006 0.07500000000000001
9 0.4890625 0.59375 0.053125000000000006 0.08750000000000001
7 0.3640625 0.64765625 0.0625 0.09843750000000001
9 0.23984375000000002 0.640625 0.0390625 0.08750000000000001
7 0.54921875 0.884375 0.0859375 0.19375
0 0.8609375 0.14921875 0.03125 0.0703125
1 0.890625 0.53515625 0.037500000000000006 0.0703125
2 0.8859375 0.5515625000000001 0.037500000000000006 0.096875
