5 0.3125 0.8671875 0.15937500000000002 0.08125
3 0.11015625000000001 0.6531250000000001 0.11406250000000001 0.15000000000000002
3 0.11953125 0.3453125 0.0890625 0.140625
3 0.22968750000000002 0.3375 0.08125 0.11875000000000001
3 0.2828125 0.16953125000000002 0.09062500000000001 0.1390625
5 0.19062500000000002 0.14453125 0.09062500000000001 0.1484375
6 0.1953125 0.246875 0.06875 0.043750000000000004
1 0.18671875000000002 0.23750000000000002 0.029687500000000002 0.034375
7 0.36015625 0.2921875 0.1015625 0.0625
1 0.35000000000000003 0.29296875 0.028125 0.0328125
9 0.290625 0.041406250000000006 0.037500000000000006 0.060937500000000006
9 0.33828125000000003 0.08671875000000001 0.0484375 0.06406250000000001
9 0.37109375 0.045312500000000006 0.0328125 0.065625
9 0.32656250000000003 0.02890625 0.03125 0.0546875
9 0.2421875 0.021875000000000002 0.034375 0.040625
1 0.2421875 0.0140625 0.03125 0.028125
1 0.290625 0.03828125 0.037500000000000006 0.045312500000000006
1 0.32890625 0.02421875 0.029687500000000002 0.0390625
1 0.37109375 0.049218750000000006 0.0234375 0.029687500000000002
1 0.371875 0.03359375 0.034375 0.035937500000000004
1 0.34375 0.08359375000000001 0.034375 0.0328125
3 0.0546875 0.10859375 0.09375 0.1328125
3 0.10312500000000001 0.03359375 0.084375 0.06406250000000001
