3 0.6453125000000001 0.8375 0.05 0.08750000000000001
3 0.85546875 0.790625 0.045312500000000006 0.0625
5 0.78046875 0.8656250000000001 0.060937500000000006 0.12812500000000002
3 0.728125 0.7859375000000001 0.046875 0.06875
3 0.69140625 0.6804687500000001 0.0421875 0.0578125
3 0.7312500000000001 0.59375 0.046875 0.0625
3 0.96640625 0.65 0.045312500000000006 0.053125000000000006
3 0.66171875 0.5750000000000001 0.0421875 0.059375000000000004
3 0.5867187500000001 0.5750000000000001 0.0421875 0.059375000000000004
3 0.97578125 0.53515625 0.0421875 0.045312500000000006
3 0.8265625000000001 0.51171875 0.037500000000000006 0.045312500000000006
3 0.8828125 0.4625 0.034375 0.046875
3 0.8203125 0.4625 0.034375 0.043750000000000004
3 0.73359375 0.49296875 0.035937500000000004 0.0484375
3 0.66328125 0.47421875 0.035937500000000004 0.0546875
3 0.6109375 0.41796875 0.03125 0.045312500000000006
3 0.7546875000000001 0.434375 0.037500000000000006 0.046875
3 0.8210937500000001 0.415625 0.0328125 0.040625
3 0.909375 0.37812500000000004 0.03125 0.037500000000000006
3 0.9578125000000001 0.35703125 0.034375 0.035937500000000004
3 0.6765625000000001 0.38515625000000003 0.037500000000000006 0.045312500000000006
3 0.037500000000000006 0.8617187500000001 0.05 0.060937500000000006
3 0.07500000000000001 0.7765625 0.05625 0.07187500000000001
3 0.1125 0.7132812500000001 0.05625 0.060937500000000006
3 0.07187500000000001 0.5796875 0.09375 0.043750000000000004
3 0.24531250000000002 0.5796875 0.09062500000000001 0.040625
3 0.3015625 0.6875 0.053125000000000006 0.07187500000000001
9 0.571875 0.2890625 0.009375000000000001 0.018750000000000003
9 0.5875 0.21875 0.009375000000000001 0.015625
2 0.5554687500000001 0.2234375 0.010937500000000001 0.018750000000000003
1 0.571875 0.28203125 0.009375000000000001 0.0203125
1 0.5867187500000001 0.21406250000000002 0.010937500000000001 0.018750000000000003
1 0.55625 0.21406250000000002 0.009375000000000001 0.015625
0 0.5375 0.19765625 0.009375000000000001 0.0203125
3 0.89609375 0.2265625 0.026562500000000003 0.028125
3 0.9375 0.2328125 0.028125 0.03125
3 0.6921875000000001 0.153125 0.028125 0.03125
3 0.7265625 0.15078125 0.025 0.029687500000000002
3 0.7679687500000001 0.153125 0.026562500000000003 0.03125
3 0.7359375 0.11796875000000001 0.025 0.026562500000000003
4 0.6953125 0.10859375 0.025 0.035937500000000004
3 0.8851562500000001 0.1296875 0.0234375 0.025
3 0.9242187500000001 0.12109375 0.0234375 0.0234375
3 0.8210937500000001 0.10625000000000001 0.0234375 0.025
3 0.7718750000000001 0.08515625 0.025 0.029687500000000002
4 0.8484375000000001 0.078125 0.021875000000000002 0.028125
3 0.7742187500000001 0.03828125 0.0234375 0.026562500000000003
3 0.7390625000000001 0.05 0.021875000000000002 0.025
3 0.87265625 0.035937500000000004 0.0203125 0.021875000000000002
