7 0.22968750000000002 0.240625 0.059375000000000004 0.08750000000000001
1 0.08671875000000001 0.38671875 0.0234375 0.0328125
1 0.1296875 0.42421875000000003 0.037500000000000006 0.060937500000000006
9 0.13125 0.43281250000000004 0.034375 0.065625
2 0.0859375 0.3953125 0.021875000000000002 0.046875
7 0.09062500000000001 0.56484375 0.07500000000000001 0.1234375
0 0.060937500000000006 0.71796875 0.028125 0.0765625
8 0.1546875 0.72421875 0.15000000000000002 0.3359375
3 0.3640625 0.5945312500000001 0.10312500000000001 0.1765625
0 0.8617187500000001 0.49921875000000004 0.035937500000000004 0.0703125
2 0.8640625000000001 0.5046875000000001 0.05625 0.06875
