0 0.025781250000000002 0.92734375 0.026562500000000003 0.0578125
0 0.0765625 0.9476562500000001 0.028125 0.060937500000000006
0 0.09453125000000001 0.93671875 0.0171875 0.060937500000000006
0 0.08671875000000001 0.9187500000000001 0.0171875 0.046875
0 0.1 0.9164062500000001 0.018750000000000003 0.051562500000000004
0 0.15234375 0.94921875 0.0171875 0.060937500000000006
0 0.1703125 0.94453125 0.018750000000000003 0.0546875
0 0.17500000000000002 0.93671875 0.015625 0.0546875
0 0.05 0.59921875 0.015625 0.0390625
0 0.28046875 0.54921875 0.0171875 0.035937500000000004
0 0.31640625 0.54140625 0.010937500000000001 0.0328125
0 0.3671875 0.690625 0.018750000000000003 0.040625
0 0.43281250000000004 0.88203125 0.028125 0.0484375
