1 0.23046875 0.9515625000000001 0.0390625 0.040625
9 0.225 0.95625 0.078125 0.0625
9 0.7820312500000001 0.93515625 0.0703125 0.0546875
1 0.7875000000000001 0.93125 0.05 0.040625
3 0.29921875000000003 0.665625 0.1203125 0.11875000000000001
5 0.37734375000000003 0.6125 0.19843750000000002 0.171875
3 0.43281250000000004 0.5953125 0.14375000000000002 0.115625
3 0.4921875 0.565625 0.146875 0.115625
3 0.5640625 0.534375 0.15000000000000002 0.10625000000000001
4 0.6023437500000001 0.48828125 0.13593750000000002 0.09531250000000001
3 0.69453125 0.46328125000000003 0.1421875 0.09843750000000001
0 0.9578125000000001 0.51015625 0.040625 0.045312500000000006
0 0.9015625 0.43984375000000003 0.043750000000000004 0.0421875
0 0.9031250000000001 0.40390625 0.043750000000000004 0.045312500000000006
3 0.853125 0.296875 0.13125 0.1125
