3 0.3375 0.6156250000000001 0.065625 0.14375000000000002
3 0.54140625 0.6156250000000001 0.0546875 0.11875000000000001
3 0.72578125 0.5578125 0.0546875 0.10625000000000001
3 0.35625 0.3328125 0.043750000000000004 0.09062500000000001
4 0.14375000000000002 0.30703125000000003 0.05 0.0890625
4 0.45859375 0.25 0.035937500000000004 0.053125000000000006
3 0.06406250000000001 0.5328125 0.06875 0.10625000000000001
3 0.18046875 0.2015625 0.0484375 0.065625
3 0.2421875 0.032031250000000004 0.034375 0.045312500000000006
3 0.6843750000000001 0.29531250000000003 0.043750000000000004 0.065625
0 0.13046875 0.5281250000000001 0.0140625 0.043750000000000004
0 0.15156250000000002 0.5320312500000001 0.021875000000000002 0.0484375
3 0.6570312500000001 0.10312500000000001 0.0390625 0.05
0 0.9515625000000001 0.38125000000000003 0.015625 0.037500000000000006
