3 0.7265625 0.6351562500000001 0.153125 0.09843750000000001
3 0.53046875 0.6937500000000001 0.1078125 0.12812500000000002
3 0.41171875 0.7312500000000001 0.1046875 0.15625
3 0.859375 0.5453125 0.16562500000000002 0.0625
3 0.84296875 0.47500000000000003 0.13593750000000002 0.05625
4 0.23593750000000002 0.8367187500000001 0.21875 0.1203125
3 0.05 0.81640625 0.1 0.1796875
3 0.6359375 0.6687500000000001 0.12812500000000002 0.12187500000000001
0 0.62890625 0.75 0.029687500000000002 0.06875
0 0.6671875 0.7875000000000001 0.021875000000000002 0.06875
0 0.66171875 0.7625000000000001 0.0234375 0.059375000000000004
3 0.58125 0.946875 0.15937500000000002 0.10312500000000001
3 0.7781250000000001 0.45 0.12812500000000002 0.059375000000000004
3 0.78828125 0.40937500000000004 0.11406250000000001 0.059375000000000004
3 0.78671875 0.38125000000000003 0.1015625 0.053125000000000006
3 0.925 0.27421875 0.07500000000000001 0.0390625
3 0.8773437500000001 0.25390625 0.08281250000000001 0.0390625
3 0.84296875 0.234375 0.0703125 0.028125
3 0.8031250000000001 0.21796875000000002 0.07500000000000001 0.0328125
4 0.7835937500000001 0.20625000000000002 0.06406250000000001 0.03125
4 0.71015625 0.16875 0.0890625 0.040625
3 0.7296875 0.1875 0.06875 0.03125
3 0.73984375 0.20390625 0.0671875 0.035937500000000004
3 0.95078125 0.06875 0.0234375 0.021875000000000002
3 0.91953125 0.06171875 0.0328125 0.0171875
3 0.9242187500000001 0.039843750000000004 0.026562500000000003 0.0171875
3 0.8265625000000001 0.03671875 0.028125 0.0171875
3 0.90234375 0.0328125 0.0234375 0.015625
4 0.8046875 0.025 0.028125 0.015625
9 0.946875 0.09843750000000001 0.015625 0.0125
1 0.946875 0.09140625000000001 0.00625 0.0140625
3 0.8546875 0.0203125 0.034375 0.0125
3 0.8375 0.015625 0.028125 0.0125
3 0.8210937500000001 0.01171875 0.026562500000000003 0.0140625
3 0.8109375000000001 0.0078125 0.028125 0.015625
