4 0.05390625 0.22109375 0.0671875 0.0859375
3 0.08359375000000001 0.321875 0.0859375 0.078125
0 0.009375000000000001 0.1015625 0.018750000000000003 0.03125
0 0.049218750000000006 0.047656250000000004 0.0140625 0.0390625
0 0.08828125 0.045312500000000006 0.0171875 0.046875
0 0.06796875000000001 0.10859375 0.0140625 0.045312500000000006
0 0.06484375 0.10859375 0.0140625 0.045312500000000006
0 0.27890625 0.08125 0.0171875 0.046875
0 0.2921875 0.0921875 0.015625 0.046875
2 0.26171875 0.13203125000000002 0.0484375 0.0328125
3 0.31953125000000004 0.1484375 0.1390625 0.053125000000000006
3 0.321875 0.1859375 0.140625 0.05625
9 0.32343750000000004 0.20703125 0.046875 0.0390625
9 0.38515625000000003 0.17890625000000002 0.0484375 0.0328125
4 0.23125 0.33828125000000003 0.07500000000000001 0.09531250000000001
3 0.35625 0.41796875 0.1125 0.1046875
3 0.41640625000000003 0.30312500000000003 0.1390625 0.07187500000000001
4 0.45078125 0.321875 0.1609375 0.07500000000000001
3 0.47890625000000003 0.35703125 0.1765625 0.0578125
3 0.48750000000000004 0.39765625000000004 0.19375 0.07968750000000001
2 0.51875 0.42734375 0.059375000000000004 0.0484375
9 0.5921875 0.4296875 0.078125 0.05625
3 0.78515625 0.7601562500000001 0.2984375 0.1296875
0 0.5398437500000001 0.74921875 0.045312500000000006 0.1078125
3 0.6921875000000001 0.69921875 0.27187500000000003 0.1078125
6 0.759375 0.659375 0.15937500000000002 0.07187500000000001
9 0.7601562500000001 0.59140625 0.0390625 0.0578125
4 0.61328125 0.58203125 0.22031250000000002 0.11093750000000001
4 0.6023437500000001 0.51875 0.24531250000000002 0.11875000000000001
