3 0.9242187500000001 0.15546875000000002 0.0484375 0.060937500000000006
9 0.55625 0.17734375000000002 0.021875000000000002 0.026562500000000003
0 0.234375 0.15546875000000002 0.015625 0.035937500000000004
1 0.55625 0.1640625 0.009375000000000001 0.015625
1 0.95078125 0.47187500000000004 0.026562500000000003 0.037500000000000006
9 0.9476562500000001 0.49609375 0.0546875 0.035937500000000004
9 0.65546875 0.16796875 0.0234375 0.0328125
1 0.65625 0.15156250000000002 0.015625 0.015625
0 0.71640625 0.209375 0.0171875 0.040625
0 0.7328125000000001 0.20078125000000002 0.0125 0.045312500000000006
