3 0.7359375 0.06640625 0.07187500000000001 0.035937500000000004
3 0.5320312500000001 0.16953125000000002 0.0484375 0.0546875
3 0.44843750000000004 0.15390625000000002 0.046875 0.0421875
3 0.371875 0.2109375 0.084375 0.037500000000000006
3 0.35625 0.12734375 0.034375 0.029687500000000002
3 0.22421875000000002 0.31015625 0.0578125 0.0546875
5 0.3375 0.47421875 0.0625 0.0765625
0 0.16484375 0.35781250000000003 0.0078125 0.034375
4 0.2828125 0.46796875000000004 0.05625 0.0765625
3 0.23046875 0.45859375 0.060937500000000006 0.0703125
3 0.17500000000000002 0.45078125 0.05625 0.060937500000000006
3 0.35781250000000003 0.41953125 0.059375000000000004 0.060937500000000006
3 0.20468750000000002 0.40156250000000004 0.059375000000000004 0.053125000000000006
0 0.6156250000000001 0.5078125 0.015625 0.037500000000000006
0 0.4390625 0.64375 0.018750000000000003 0.037500000000000006
3 0.15625 0.6515625 0.084375 0.08125
3 0.1625 0.84140625 0.10312500000000001 0.11406250000000001
3 0.6359375 0.61328125 0.05625 0.08281250000000001
