4 0.5671875000000001 0.41484375 0.053125000000000006 0.0390625
8 0.21406250000000002 0.4078125 0.08125 0.05625
8 0.43281250000000004 0.42890625000000004 0.15937500000000002 0.0546875
8 0.50703125 0.51875 0.1046875 0.034375
8 0.20234375000000002 0.5007812500000001 0.09843750000000001 0.0421875
8 0.7117187500000001 0.48359375000000004 0.1640625 0.0546875
8 0.359375 0.5109375 0.146875 0.046875
8 0.115625 0.58046875 0.08125 0.1265625
8 0.1421875 0.6101562500000001 0.08125 0.1390625
8 0.1859375 0.61484375 0.09375 0.1390625
8 0.22421875000000002 0.62265625 0.0765625 0.1078125
8 0.25859375 0.64453125 0.0546875 0.0890625
8 0.31015625 0.6257812500000001 0.0859375 0.1484375
8 0.35546875 0.6195312500000001 0.08281250000000001 0.1453125
8 0.40078125000000003 0.61328125 0.0921875 0.1421875
8 0.44765625000000003 0.6023437500000001 0.08281250000000001 0.1421875
8 0.48515625 0.6257812500000001 0.0671875 0.11093750000000001
8 0.525 0.625 0.08750000000000001 0.140625
0 0.6171875 0.6890625 0.015625 0.0125
0 0.1796875 0.7265625 0.0125 0.009375000000000001
0 0.23671875 0.52734375 0.0140625 0.010937500000000001
0 0.2078125 0.7312500000000001 0.00625 0.009375000000000001
0 0.22968750000000002 0.7296875 0.00625 0.009375000000000001
0 0.1265625 0.359375 0.00625 0.0125
0 0.13593750000000002 0.35546875 0.00625 0.010937500000000001
0 0.1421875 0.35546875 0.009375000000000001 0.0171875
0 0.153125 0.35546875 0.00625 0.010937500000000001
3 0.56796875 0.153125 0.0578125 0.040625
3 0.584375 0.07265625 0.05 0.0390625
4 0.6125 0.025 0.059375000000000004 0.043750000000000004
4 0.79296875 0.1484375 0.0484375 0.03125
4 0.8187500000000001 0.2765625 0.05 0.065625
3 0.74765625 0.27578125000000003 0.0328125 0.0578125
3 0.6890625 0.0140625 0.034375 0.028125
0 0.58046875 0.13203125000000002 0.010937500000000001 0.0140625
0 0.6015625 0.12734375 0.0125 0.0140625
