2 0.24531250000000002 0.18828125 0.009375000000000001 0.0203125
1 0.24531250000000002 0.18359375 0.009375000000000001 0.0171875
4 0.66171875 0.30000000000000004 0.0703125 0.03125
3 0.9187500000000001 0.41875 0.034375 0.040625
3 0.6828125 0.3203125 0.05625 0.025
3 0.8046875 0.28750000000000003 0.043750000000000004 0.015625
3 0.79296875 0.2703125 0.0421875 0.025
3 0.7875000000000001 0.253125 0.05625 0.025
3 0.73828125 0.20468750000000002 0.045312500000000006 0.025
3 0.7273437500000001 0.19296875000000002 0.0390625 0.0171875
3 0.7210937500000001 0.18515625000000002 0.0484375 0.0203125
3 0.7601562500000001 0.225 0.060937500000000006 0.018750000000000003
3 0.65546875 0.2859375 0.060937500000000006 0.025
