3 0.509375 0.6234375000000001 0.078125 0.05625
3 0.5421875 0.65 0.07500000000000001 0.0625
3 0.56953125 0.6859375000000001 0.0765625 0.06875
3 0.60703125 0.7156250000000001 0.08281250000000001 0.06875
3 0.64609375 0.7515625 0.0734375 0.0625
3 0.69453125 0.78046875 0.0671875 0.060937500000000006
3 0.7234375000000001 0.8132812500000001 0.07187500000000001 0.0703125
3 0.7640625000000001 0.8625 0.08125 0.078125
3 0.8054687500000001 0.90625 0.0859375 0.08125
3 0.515625 0.51796875 0.07187500000000001 0.06406250000000001
3 0.24531250000000002 0.5906250000000001 0.07187500000000001 0.040625
3 0.26796875000000003 0.6976562500000001 0.060937500000000006 0.0328125
3 0.278125 0.73828125 0.07187500000000001 0.0328125
3 0.28828125 0.7875000000000001 0.07968750000000001 0.046875
3 0.26796875000000003 0.6648437500000001 0.0703125 0.0390625
3 0.25625000000000003 0.62421875 0.084375 0.045312500000000006
5 0.5085937500000001 0.40625 0.08281250000000001 0.078125
