0 0.6531250000000001 0.940625 0.018750000000000003 0.059375000000000004
0 0.6328125 0.9453125 0.021875000000000002 0.078125
0 0.56875 0.9390625 0.025 0.084375
9 0.7585937500000001 0.9265625000000001 0.0390625 0.078125
9 0.81171875 0.8796875000000001 0.045312500000000006 0.065625
9 0.75703125 0.87109375 0.0390625 0.060937500000000006
2 0.859375 0.7765625 0.0625 0.05
0 0.925 0.74140625 0.015625 0.045312500000000006
0 0.9398437500000001 0.7296875 0.0171875 0.059375000000000004
0 0.8835937500000001 0.72265625 0.0203125 0.0546875
1 0.9578125000000001 0.73203125 0.025 0.0484375
2 0.6531250000000001 0.9265625000000001 0.05625 0.037500000000000006
0 0.971875 0.6664062500000001 0.018750000000000003 0.051562500000000004
