3 0.2515625 0.6125 0.1375 0.321875
0 0.24453125 0.07968750000000001 0.060937500000000006 0.046875
0 0.23984375000000002 0.03125 0.045312500000000006 0.046875
0 0.32421875 0.134375 0.0328125 0.046875
0 0.9515625000000001 0.34609375000000003 0.0625 0.0421875
0 0.30234375 0.09609375 0.035937500000000004 0.0546875
1 0.265625 0.17500000000000002 0.065625 0.05625
1 0.6984375 0.30078125 0.05625 0.0484375
2 0.265625 0.18046875 0.109375 0.0578125
2 0.6859375000000001 0.30546875 0.12187500000000001 0.045312500000000006
