9 0.13515625 0.06953125 0.029687500000000002 0.0734375
3 0.09296875 0.3453125 0.0703125 0.13125
3 0.07578125000000001 0.521875 0.0703125 0.11875000000000001
5 0.27968750000000003 0.80390625 0.09375 0.35781250000000003
9 0.20703125 0.45078125 0.026562500000000003 0.0671875
3 0.30625 0.2171875 0.059375000000000004 0.134375
3 0.19062500000000002 0.19687500000000002 0.05625 0.11875000000000001
9 0.24140625000000002 0.05234375 0.0203125 0.0671875
9 0.37734375000000003 0.1390625 0.0234375 0.053125000000000006
1 0.37734375000000003 0.1265625 0.010937500000000001 0.025
3 0.553125 0.5281250000000001 0.09375 0.17500000000000002
3 0.46953125 0.22578125000000002 0.060937500000000006 0.11406250000000001
9 0.42031250000000003 0.10546875 0.025 0.0578125
8 0.6125 0.37343750000000003 0.125 0.265625
9 0.65625 0.28203125 0.03125 0.0703125
1 0.65625 0.265625 0.015625 0.025
