3 0.1640625 0.0625 0.05 0.028125
3 0.1265625 0.10703125000000001 0.037500000000000006 0.0234375
3 0.18125000000000002 0.1078125 0.037500000000000006 0.028125
3 0.24296875 0.1078125 0.045312500000000006 0.028125
3 0.503125 0.24375000000000002 0.040625 0.025
3 0.5078125 0.26796875000000003 0.037500000000000006 0.0203125
3 0.4859375 0.28828125 0.053125000000000006 0.0203125
3 0.46640625 0.309375 0.051562500000000004 0.025
3 0.43671875000000004 0.35703125 0.0484375 0.0203125
3 0.41015625 0.38593750000000004 0.0546875 0.021875000000000002
3 0.38984375000000004 0.40390625 0.051562500000000004 0.0203125
3 0.36171875000000003 0.42812500000000003 0.0484375 0.025
3 0.35781250000000003 0.45234375000000004 0.053125000000000006 0.0328125
0 0.8210937500000001 0.9437500000000001 0.010937500000000001 0.0125
0 0.8031250000000001 0.4921875 0.00625 0.0125
2 0.9625 0.46484375 0.00625 0.0171875
2 0.9812500000000001 0.46875 0.00625 0.015625
2 0.9906250000000001 0.46406250000000004 0.00625 0.015625
