2 0.79296875 0.037500000000000006 0.0234375 0.05625
1 0.7937500000000001 0.03671875 0.021875000000000002 0.029687500000000002
2 0.7921875 0.14453125 0.021875000000000002 0.051562500000000004
1 0.78671875 0.13515625 0.0234375 0.029687500000000002
3 0.58984375 0.171875 0.1484375 0.109375
3 0.9304687500000001 0.18125000000000002 0.0671875 0.15000000000000002
4 0.73828125 0.23828125 0.0671875 0.1234375
4 0.7273437500000001 0.4296875 0.0703125 0.16875
3 0.43125 0.45937500000000003 0.14375000000000002 0.140625
3 0.46484375 0.5375 0.1453125 0.12812500000000002
0 0.45078125 0.3359375 0.0390625 0.025
9 0.95859375 0.57421875 0.026562500000000003 0.0578125
1 0.95703125 0.5789062500000001 0.0203125 0.029687500000000002
3 0.72265625 0.6351562500000001 0.0671875 0.1390625
4 0.13828125 0.18984375 0.1640625 0.1546875
3 0.0890625 0.15078125 0.134375 0.1453125
