4 0.759375 0.94453125 0.09375 0.1078125
3 0.69296875 0.8617187500000001 0.0859375 0.1046875
3 0.628125 0.7546875000000001 0.07187500000000001 0.096875
4 0.61328125 0.6804687500000001 0.060937500000000006 0.07968750000000001
3 0.30546875 0.5 0.051562500000000004 0.059375000000000004
3 0.5515625000000001 0.60859375 0.059375000000000004 0.0765625
3 0.52109375 0.51796875 0.0546875 0.0671875
3 0.49609375 0.47421875 0.0421875 0.051562500000000004
3 0.4765625 0.42734375 0.043750000000000004 0.051562500000000004
3 0.453125 0.39375000000000004 0.037500000000000006 0.053125000000000006
3 0.44296875 0.36875 0.0328125 0.037500000000000006
3 0.42109375000000004 0.3375 0.0328125 0.043750000000000004
5 0.3125 0.34921875 0.053125000000000006 0.07968750000000001
3 0.246875 0.29921875000000003 0.03125 0.035937500000000004
0 0.6578125 0.6421875 0.015625 0.034375
0 0.57421875 0.44843750000000004 0.010937500000000001 0.03125
0 0.584375 0.4453125 0.0125 0.03125
0 0.43593750000000003 0.21484375 0.0125 0.0234375
0 0.38671875 0.1484375 0.0078125 0.018750000000000003
0 0.39765625000000004 0.13593750000000002 0.0078125 0.018750000000000003
0 0.3828125 0.13203125000000002 0.009375000000000001 0.0171875
0 0.34375 0.09843750000000001 0.009375000000000001 0.018750000000000003
0 0.36015625 0.08359375000000001 0.0078125 0.0171875
5 0.2859375 0.16171875000000002 0.043750000000000004 0.0734375
5 0.24609375 0.15546875000000002 0.0328125 0.045312500000000006
8 0.25703125 0.11093750000000001 0.026562500000000003 0.040625
3 0.2578125 0.19843750000000002 0.021875000000000002 0.025
0 0.2078125 0.1859375 0.00625 0.015625
0 0.06640625 0.16015625 0.0078125 0.0171875
0 0.06015625 0.16015625 0.010937500000000001 0.0171875
0 0.19296875000000002 0.084375 0.0078125 0.0125
