0 0.24921875000000002 0.051562500000000004 0.026562500000000003 0.040625
0 0.13046875 0.19921875 0.0328125 0.0421875
0 0.1875 0.22734375 0.03125 0.045312500000000006
0 0.39765625000000004 0.29765625 0.026562500000000003 0.0421875
0 0.5085937500000001 0.35390625000000003 0.0234375 0.0390625
0 0.41250000000000003 0.43125 0.025 0.043750000000000004
0 0.5265625 0.41250000000000003 0.018750000000000003 0.040625
3 0.9226562500000001 0.0890625 0.06406250000000001 0.10625000000000001
3 0.90625 0.23203125000000002 0.07187500000000001 0.13593750000000002
1 0.78046875 0.30703125000000003 0.029687500000000002 0.0328125
0 0.76484375 0.37734375000000003 0.0328125 0.045312500000000006
0 0.690625 0.3796875 0.037500000000000006 0.037500000000000006
0 0.7406250000000001 0.2859375 0.03125 0.037500000000000006
0 0.9390625 0.43359375 0.021875000000000002 0.035937500000000004
3 0.8875000000000001 0.41953125 0.084375 0.16718750000000002
3 0.87421875 0.6375000000000001 0.09843750000000001 0.20625000000000002
3 0.84296875 0.8812500000000001 0.09843750000000001 0.22812500000000002
