5 0.037500000000000006 0.11093750000000001 0.028125 0.037500000000000006
3 0.01640625 0.33828125000000003 0.0234375 0.0328125
3 0.03828125 0.42421875000000003 0.026562500000000003 0.035937500000000004
3 0.045312500000000006 0.20468750000000002 0.025 0.03125
5 0.0484375 0.25 0.028125 0.05
3 0.026562500000000003 0.3765625 0.028125 0.040625
3 0.05078125 0.47187500000000004 0.026562500000000003 0.037500000000000006
3 0.06953125 0.15000000000000002 0.0234375 0.025
5 0.08359375000000001 0.19062500000000002 0.0328125 0.053125000000000006
5 0.11640625 0.2734375 0.0390625 0.0625
4 0.13125 0.38125000000000003 0.028125 0.046875
4 0.11484375000000001 0.3359375 0.0203125 0.034375
3 0.07187500000000001 0.321875 0.021875000000000002 0.037500000000000006
3 0.0890625 0.38359375 0.025 0.0390625
0 0.16015625 0.18671875000000002 0.0078125 0.0171875
0 0.40546875000000004 0.153125 0.010937500000000001 0.009375000000000001
0 0.1703125 0.33437500000000003 0.00625 0.0125
0 0.23359375000000002 0.39140625 0.0078125 0.0171875
0 0.2390625 0.38984375000000004 0.00625 0.0140625
0 0.2515625 0.45937500000000003 0.00625 0.015625
0 0.26875 0.6000000000000001 0.00625 0.018750000000000003
0 0.371875 0.69453125 0.00625 0.0203125
0 0.2578125 0.6421875 0.00625 0.0125
0 0.25234375000000003 0.6265625 0.004687500000000001 0.015625
0 0.43125 0.89375 0.00625 0.018750000000000003
0 0.44140625 0.890625 0.010937500000000001 0.021875000000000002
4 0.115625 0.46796875000000004 0.021875000000000002 0.0484375
4 0.028125 0.5484375 0.028125 0.040625
4 0.01640625 0.5046875000000001 0.0234375 0.034375
5 0.26328125 0.7171875000000001 0.051562500000000004 0.1
3 0.06015625 0.52890625 0.026562500000000003 0.0421875
3 0.10312500000000001 0.6953125 0.028125 0.037500000000000006
3 0.13203125000000002 0.5703125 0.029687500000000002 0.046875
3 0.039843750000000004 0.6015625 0.026562500000000003 0.037500000000000006
3 0.05625 0.66953125 0.03125 0.0421875
3 0.20390625 0.6859375000000001 0.0328125 0.053125000000000006
3 0.22890625 0.6015625 0.0328125 0.053125000000000006
3 0.1546875 0.5046875000000001 0.03125 0.05
3 0.18515625000000002 0.5921875 0.035937500000000004 0.05
3 0.1921875 0.8109375000000001 0.037500000000000006 0.059375000000000004
8 0.07734375 0.584375 0.0390625 0.08125
4 0.16953125000000002 0.6976562500000001 0.0328125 0.0578125
3 0.24140625000000002 0.8265625000000001 0.035937500000000004 0.05625
3 0.3125 0.8984375 0.037500000000000006 0.059375000000000004
8 0.25625000000000003 0.0421875 0.10312500000000001 0.046875
8 0.36484375 0.0328125 0.09843750000000001 0.0625
8 0.27265625 0.0578125 0.06406250000000001 0.028125
4 0.26406250000000003 0.0734375 0.037500000000000006 0.018750000000000003
3 0.20234375000000002 0.08203125 0.0390625 0.0140625
3 0.20234375000000002 0.0703125 0.0390625 0.015625
3 0.18203125 0.060937500000000006 0.035937500000000004 0.018750000000000003
0 0.17109375000000002 0.05078125 0.004687500000000001 0.0078125
2 0.17343750000000002 0.053125000000000006 0.021875000000000002 0.009375000000000001
