0 0.1421875 0.603125 0.028125 0.10625000000000001
1 0.09453125000000001 0.58203125 0.035937500000000004 0.0921875
2 0.08984375 0.6179687500000001 0.045312500000000006 0.07968750000000001
1 0.5265625 0.43203125000000003 0.043750000000000004 0.0703125
1 0.61640625 0.39687500000000003 0.035937500000000004 0.059375000000000004
9 0.5242187500000001 0.4578125 0.09843750000000001 0.059375000000000004
9 0.603125 0.41796875 0.09375 0.0421875
3 0.6351562500000001 0.54921875 0.2859375 0.1078125
3 0.31875000000000003 0.53515625 0.265625 0.1015625
3 0.82421875 0.36640625000000004 0.20468750000000002 0.0859375
3 0.16640625 0.2890625 0.1390625 0.07500000000000001
3 0.3828125 0.09062500000000001 0.134375 0.065625
4 0.4625 0.11171875 0.22187500000000002 0.1078125
