0 0.43203125000000003 0.89765625 0.051562500000000004 0.0765625
0 0.5421875 0.74765625 0.028125 0.06406250000000001
0 0.56875 0.7421875 0.028125 0.0625
0 0.6296875000000001 0.6117187500000001 0.037500000000000006 0.0734375
0 0.5984375000000001 0.59765625 0.034375 0.0734375
0 0.5859375 0.5750000000000001 0.043750000000000004 0.065625
0 0.61875 0.49921875000000004 0.037500000000000006 0.0671875
0 0.6570312500000001 0.56953125 0.0328125 0.060937500000000006
0 0.28046875 0.6492187500000001 0.0546875 0.0703125
0 0.3015625 0.6078125000000001 0.065625 0.065625
0 0.203125 0.62265625 0.059375000000000004 0.07968750000000001
0 0.115625 0.6234375000000001 0.08125 0.065625
9 0.27578125000000003 0.5 0.060937500000000006 0.065625
2 0.30859375 0.45546875000000003 0.0859375 0.060937500000000006
0 0.7132812500000001 0.6273437500000001 0.0328125 0.060937500000000006
0 0.54609375 0.69296875 0.0328125 0.0578125
0 0.6937500000000001 0.53828125 0.034375 0.0703125
0 0.6742187500000001 0.49140625000000004 0.0328125 0.0578125
0 0.65234375 0.5007812500000001 0.035937500000000004 0.0734375
0 0.625 0.45625000000000004 0.037500000000000006 0.065625
0 0.66171875 0.4421875 0.029687500000000002 0.05
0 0.6953125 0.4390625 0.034375 0.065625
0 0.72265625 0.41718750000000004 0.0328125 0.07500000000000001
0 0.6171875 0.4109375 0.03125 0.059375000000000004
0 0.66328125 0.38125000000000003 0.0328125 0.06875
0 0.6882812500000001 0.37812500000000004 0.026562500000000003 0.065625
0 0.65234375 0.209375 0.029687500000000002 0.0625
0 0.67890625 0.21406250000000002 0.026562500000000003 0.065625
