0 0.95703125 0.0703125 0.0203125 0.05
0 0.9906250000000001 0.07265625 0.018750000000000003 0.045312500000000006
3 0.884375 0.15703125 0.184375 0.0890625
3 0.703125 0.13593750000000002 0.15000000000000002 0.140625
3 0.90546875 0.33984375 0.18281250000000002 0.1015625
3 0.7054687500000001 0.36328125 0.17343750000000002 0.0921875
3 0.484375 0.321875 0.2 0.09375
3 0.33046875000000003 0.08203125 0.15156250000000002 0.15156250000000002
3 0.21250000000000002 0.12890625 0.13125 0.15781250000000002
3 0.06484375 0.18046875 0.1265625 0.1390625
3 0.53515625 0.45937500000000003 0.0859375 0.17500000000000002
3 0.43515625 0.47578125000000004 0.0890625 0.2015625
3 0.3125 0.46875 0.08750000000000001 0.19062500000000002
3 0.20468750000000002 0.49453125000000003 0.08750000000000001 0.18906250000000002
3 0.10390625 0.5109375 0.1015625 0.19062500000000002
3 0.728125 0.6351562500000001 0.19687500000000002 0.1078125
