3 0.265625 0.7390625000000001 0.07500000000000001 0.05
3 0.50390625 0.94296875 0.0734375 0.0765625
3 0.5320312500000001 0.8796875000000001 0.060937500000000006 0.078125
3 0.47890625000000003 0.51484375 0.0578125 0.0234375
3 0.61484375 0.51875 0.06406250000000001 0.021875000000000002
3 0.35234375 0.50703125 0.0578125 0.0203125
0 0.4 0.9617187500000001 0.025 0.0546875
0 0.40234375 0.92890625 0.0234375 0.0484375
0 0.434375 0.9617187500000001 0.018750000000000003 0.045312500000000006
0 0.44921875 0.93125 0.0203125 0.043750000000000004
0 0.46015625000000004 0.875 0.0171875 0.05
0 0.47421875 0.8796875000000001 0.0171875 0.025
0 0.5476562500000001 0.80234375 0.0171875 0.0390625
0 0.56796875 0.7953125000000001 0.0171875 0.040625
0 0.42031250000000003 0.8328125000000001 0.015625 0.053125000000000006
0 0.43125 0.828125 0.015625 0.040625
0 0.446875 0.83515625 0.018750000000000003 0.026562500000000003
