1 0.35000000000000003 0.44609375 0.059375000000000004 0.060937500000000006
1 0.48046875 0.65546875 0.0421875 0.0421875
0 0.43984375000000003 0.64765625 0.051562500000000004 0.11093750000000001
0 0.43828125 0.36171875000000003 0.0484375 0.1046875
0 0.43515625 0.30078125 0.0234375 0.051562500000000004
0 0.44843750000000004 0.27734375 0.059375000000000004 0.0734375
0 0.465625 0.3875 0.046875 0.10625000000000001
0 0.50546875 0.359375 0.029687500000000002 0.053125000000000006
0 0.5328125 0.56796875 0.046875 0.1234375
0 0.59140625 0.565625 0.0203125 0.059375000000000004
0 0.6203125 0.48828125 0.037500000000000006 0.1234375
0 0.67578125 0.30781250000000004 0.0421875 0.10625000000000001
1 0.6585937500000001 0.29453125 0.035937500000000004 0.060937500000000006
1 0.6976562500000001 0.55390625 0.0390625 0.0484375
1 0.7109375 0.5046875000000001 0.05625 0.065625
1 0.7453125 0.55390625 0.046875 0.0671875
1 0.8234375 0.67578125 0.037500000000000006 0.0390625
1 0.8953125000000001 0.64765625 0.025 0.051562500000000004
1 0.8835937500000001 0.69453125 0.026562500000000003 0.0390625
0 0.8265625000000001 0.6875 0.040625 0.115625
0 0.8734375000000001 0.7250000000000001 0.040625 0.08125
0 0.884375 0.6570312500000001 0.043750000000000004 0.1015625
