3 0.8 0.8859375 0.30000000000000004 0.153125
3 0.80625 0.25078125 0.19687500000000002 0.0890625
3 0.146875 0.09531250000000001 0.1125 0.08125
3 0.6179687500000001 0.10312500000000001 0.0859375 0.065625
3 0.80859375 0.2015625 0.16718750000000002 0.065625
3 0.83125 0.16875 0.15937500000000002 0.053125000000000006
3 0.86484375 0.125 0.1484375 0.053125000000000006
3 0.88203125 0.09843750000000001 0.11406250000000001 0.06875
3 0.915625 0.041406250000000006 0.1375 0.060937500000000006
0 0.6781250000000001 0.63984375 0.05 0.0890625
0 0.63984375 0.63671875 0.0484375 0.07968750000000001
0 0.59140625 0.640625 0.0390625 0.08750000000000001
0 0.44296875 0.1609375 0.0328125 0.065625
0 0.42578125 0.17265625 0.0328125 0.060937500000000006
0 0.57578125 0.6039062500000001 0.0390625 0.08281250000000001
4 0.6609375000000001 0.037500000000000006 0.08750000000000001 0.07187500000000001
3 0.06015625 0.08750000000000001 0.1078125 0.078125
