0 0.5085937500000001 0.78125 0.0171875 0.05
0 0.53046875 0.7796875000000001 0.0203125 0.059375000000000004
0 0.73984375 0.90390625 0.026562500000000003 0.0578125
0 0.90390625 0.7640625000000001 0.029687500000000002 0.059375000000000004
3 0.34296875000000004 0.66953125 0.0890625 0.045312500000000006
3 0.71640625 0.784375 0.09843750000000001 0.05625
3 0.78828125 0.73984375 0.0890625 0.06406250000000001
3 0.940625 0.45703125 0.028125 0.0234375
3 0.97265625 0.45546875000000003 0.0328125 0.0171875
3 0.8 0.48984375 0.043750000000000004 0.029687500000000002
3 0.85703125 0.70234375 0.0859375 0.0484375
3 0.9187500000000001 0.6781250000000001 0.07187500000000001 0.05
3 0.88046875 0.9320312500000001 0.2015625 0.0859375
3 0.7203125 0.484375 0.059375000000000004 0.025
3 0.65625 0.5015625 0.043750000000000004 0.028125
3 0.6359375 0.50546875 0.043750000000000004 0.0328125
3 0.603125 0.50546875 0.040625 0.0328125
3 0.5750000000000001 0.51015625 0.043750000000000004 0.0328125
3 0.5578125 0.5164062500000001 0.037500000000000006 0.0328125
3 0.5320312500000001 0.521875 0.051562500000000004 0.037500000000000006
3 0.50390625 0.52578125 0.0421875 0.0328125
3 0.48046875 0.5296875 0.051562500000000004 0.034375
3 0.45937500000000003 0.5421875 0.05 0.037500000000000006
3 0.3875 0.55 0.0625 0.037500000000000006
3 0.36250000000000004 0.55859375 0.065625 0.035937500000000004
3 0.32343750000000004 0.5625 0.05 0.037500000000000006
3 0.29140625000000003 0.5671875000000001 0.0671875 0.043750000000000004
3 0.24609375 0.5796875 0.0765625 0.040625
3 0.1765625 0.5875 0.07187500000000001 0.040625
3 0.4109375 0.5421875 0.065625 0.034375
3 0.6726562500000001 0.55078125 0.0546875 0.0421875
3 0.578125 0.5593750000000001 0.059375000000000004 0.040625
3 0.296875 0.6453125000000001 0.084375 0.05
3 0.05078125 0.6195312500000001 0.07968750000000001 0.0421875
4 0.0546875 0.54609375 0.08125 0.0484375
