0 0.0328125 0.03515625 0.009375000000000001 0.0140625
0 0.025781250000000002 0.041406250000000006 0.0078125 0.0140625
8 0.043750000000000004 0.09609375 0.08125 0.0578125
4 0.065625 0.14921875 0.059375000000000004 0.0421875
3 0.02734375 0.21406250000000002 0.0421875 0.053125000000000006
3 0.03828125 0.68125 0.0484375 0.05625
3 0.065625 0.7054687500000001 0.05 0.060937500000000006
9 0.28515625 0.91171875 0.0328125 0.026562500000000003
9 0.27968750000000003 0.9304687500000001 0.037500000000000006 0.029687500000000002
9 0.27265625 0.9484375 0.0328125 0.025
9 0.28828125 0.8656250000000001 0.035937500000000004 0.025
4 0.21953125 0.83203125 0.0765625 0.0546875
3 0.1921875 0.7601562500000001 0.05 0.0671875
3 0.14140625 0.74609375 0.045312500000000006 0.060937500000000006
3 0.1078125 0.71484375 0.040625 0.06406250000000001
9 0.225 0.9695312500000001 0.015625 0.0328125
9 0.18125000000000002 0.13671875 0.028125 0.0203125
1 0.18671875000000002 0.13671875 0.010937500000000001 0.010937500000000001
1 0.18046875 0.13515625 0.010937500000000001 0.0171875
8 0.5593750000000001 0.27578125000000003 0.1625 0.09531250000000001
5 0.7828125 0.3609375 0.109375 0.08750000000000001
5 0.90625 0.5242187500000001 0.078125 0.11406250000000001
3 0.9070312500000001 0.640625 0.0390625 0.06875
3 0.8929687500000001 0.7250000000000001 0.051562500000000004 0.078125
3 0.8367187500000001 0.9343750000000001 0.0484375 0.06875
