0 0.55390625 0.06953125 0.0203125 0.06406250000000001
0 0.77734375 0.32421875 0.0328125 0.0421875
0 0.86484375 0.27968750000000003 0.0390625 0.05
0 0.9421875000000001 0.2484375 0.037500000000000006 0.046875
0 0.8640625000000001 0.26640625 0.037500000000000006 0.0421875
0 0.7117187500000001 0.21640625000000002 0.0421875 0.0671875
0 0.83125 0.19140625 0.028125 0.0421875
0 0.9070312500000001 0.1765625 0.0203125 0.046875
0 0.9304687500000001 0.1484375 0.0203125 0.040625
0 0.9070312500000001 0.12890625 0.0234375 0.0421875
0 0.80390625 0.16640625 0.0328125 0.0703125
0 0.8250000000000001 0.16796875 0.025 0.0390625
0 0.7718750000000001 0.1640625 0.021875000000000002 0.043750000000000004
0 0.64453125 0.23046875 0.0328125 0.045312500000000006
0 0.62890625 0.19453125000000002 0.0328125 0.0390625
0 0.59765625 0.16328125000000002 0.0390625 0.06406250000000001
0 0.37031250000000004 0.153125 0.028125 0.06875
0 0.22812500000000002 0.1046875 0.03125 0.034375
0 0.0234375 0.1453125 0.03125 0.05
0 0.0390625 0.1375 0.021875000000000002 0.034375
0 0.05078125 0.11093750000000001 0.0328125 0.07187500000000001
0 0.48750000000000004 0.453125 0.021875000000000002 0.05
