3 0.13671875 0.8296875 0.08281250000000001 0.043750000000000004
3 0.13203125000000002 0.775 0.09843750000000001 0.043750000000000004
3 0.13125 0.72578125 0.096875 0.0421875
3 0.14609375 0.671875 0.0890625 0.046875
3 0.15234375 0.63203125 0.0859375 0.0390625
3 0.15859375 0.5890625 0.08281250000000001 0.040625
3 0.16484375 0.51328125 0.0921875 0.045312500000000006
3 0.15859375 0.4734375 0.0890625 0.037500000000000006
3 0.1640625 0.43359375 0.09375 0.0421875
4 0.15859375 0.36250000000000004 0.0921875 0.046875
3 0.1625 0.32734375000000004 0.08750000000000001 0.045312500000000006
3 0.16796875 0.29375 0.0890625 0.040625
3 0.17421875 0.25703125 0.0890625 0.045312500000000006
3 0.17890625000000002 0.19140625 0.07968750000000001 0.0421875
3 0.1796875 0.15781250000000002 0.084375 0.043750000000000004
3 0.1859375 0.125 0.07500000000000001 0.040625
0 0.18046875 0.049218750000000006 0.010937500000000001 0.026562500000000003
3 0.18203125 0.02890625 0.0921875 0.045312500000000006
3 0.31093750000000003 0.055468750000000004 0.034375 0.0671875
4 0.328125 0.1484375 0.037500000000000006 0.07500000000000001
3 0.36562500000000003 0.31093750000000003 0.084375 0.040625
3 0.36640625000000004 0.38046875 0.08281250000000001 0.0421875
3 0.359375 0.41875 0.08750000000000001 0.043750000000000004
3 0.359375 0.45937500000000003 0.08750000000000001 0.040625
3 0.35703125 0.5007812500000001 0.0859375 0.0421875
4 0.36171875000000003 0.553125 0.09843750000000001 0.046875
3 0.36171875000000003 0.603125 0.0859375 0.040625
3 0.37890625 0.7445312500000001 0.0734375 0.0671875
3 0.44140625 0.815625 0.0546875 0.08125
4 0.403125 0.9281250000000001 0.0625 0.09375
3 0.33984375 0.9484375 0.060937500000000006 0.084375
