0 0.8382812500000001 0.9265625000000001 0.045312500000000006 0.125
7 0.8382812500000001 0.82421875 0.1859375 0.1015625
0 0.8031250000000001 0.8 0.040625 0.10312500000000001
0 0.8382812500000001 0.78515625 0.0328125 0.1078125
0 0.84921875 0.29140625000000003 0.010937500000000001 0.0328125
0 0.8640625000000001 0.28046875 0.015625 0.051562500000000004
2 0.8875000000000001 0.26796875000000003 0.018750000000000003 0.0578125
0 0.9148437500000001 0.284375 0.0171875 0.059375000000000004
0 0.8109375000000001 0.140625 0.0125 0.03125
1 0.88828125 0.26328125 0.0203125 0.0546875
