3 0.38671875 0.4921875 0.0234375 0.040625
3 0.47187500000000004 0.44140625 0.025 0.035937500000000004
3 0.2671875 0.56640625 0.028125 0.0390625
3 0.42734375 0.36562500000000003 0.0234375 0.03125
3 0.38671875 0.30546875 0.0234375 0.026562500000000003
3 0.44453125000000004 0.26484375 0.0171875 0.026562500000000003
3 0.40625 0.0890625 0.015625 0.015625
3 0.3875 0.07890625000000001 0.0125 0.0171875
3 0.3328125 0.10625000000000001 0.0125 0.015625
3 0.40078125000000003 0.0625 0.0171875 0.018750000000000003
3 0.384375 0.04296875 0.0125 0.0203125
3 0.37734375000000003 0.0125 0.010937500000000001 0.0125
4 0.34296875000000004 0.02734375 0.010937500000000001 0.0140625
4 0.4 0.11328125 0.015625 0.0234375
4 0.41015625 0.20703125 0.0171875 0.0328125
3 0.36171875000000003 0.1859375 0.0171875 0.018750000000000003
3 0.3671875 0.17265625 0.015625 0.0171875
4 0.36640625000000004 0.13515625 0.0171875 0.026562500000000003
5 0.28515625 0.3328125 0.029687500000000002 0.05
4 0.43671875000000004 0.44765625000000003 0.026562500000000003 0.045312500000000006
4 0.43828125 0.6640625 0.0328125 0.065625
4 0.31328125 0.6960937500000001 0.0328125 0.060937500000000006
4 0.47187500000000004 0.8796875000000001 0.034375 0.08125
3 0.234375 0.9765625 0.043750000000000004 0.043750000000000004
8 0.4921875 0.5765625 0.059375000000000004 0.15625
4 0.4265625 0.28750000000000003 0.021875000000000002 0.03125
3 0.26796875000000003 0.23750000000000002 0.0171875 0.025
9 0.36562500000000003 0.08750000000000001 0.00625 0.018750000000000003
0 0.36640625000000004 0.08515625 0.010937500000000001 0.0171875
3 0.7265625 0.27187500000000003 0.05625 0.028125
