3 0.42812500000000003 0.9320312500000001 0.125 0.0578125
4 0.45546875000000003 0.8578125000000001 0.1203125 0.065625
3 0.6960937500000001 0.6156250000000001 0.0546875 0.109375
3 0.70625 0.49296875 0.05 0.11093750000000001
3 0.23671875 0.52109375 0.1265625 0.0546875
3 0.240625 0.46328125000000003 0.12812500000000002 0.0546875
3 0.39375000000000004 0.4859375 0.059375000000000004 0.109375
4 0.48203125 0.45156250000000003 0.1203125 0.046875
3 0.7078125000000001 0.35781250000000003 0.05625 0.115625
3 0.4859375 0.29609375 0.1125 0.0578125
3 0.22109375 0.30546875 0.1203125 0.0578125
3 0.21484375 0.24609375 0.11406250000000001 0.045312500000000006
3 0.3828125 0.24609375 0.059375000000000004 0.1046875
3 0.19062500000000002 0.1078125 0.134375 0.0625
3 0.4765625 0.1609375 0.115625 0.0625
3 0.48125 0.09921875000000001 0.1125 0.0578125
3 0.47578125000000004 0.03828125 0.1265625 0.060937500000000006
3 0.7132812500000001 0.09140625000000001 0.0546875 0.11093750000000001
3 0.7078125000000001 0.21406250000000002 0.053125000000000006 0.12187500000000001
