0 0.025781250000000002 0.43125 0.010937500000000001 0.028125
0 0.047656250000000004 0.44140625 0.0078125 0.026562500000000003
0 0.05625 0.43984375000000003 0.009375000000000001 0.026562500000000003
0 0.04453125 0.49296875 0.010937500000000001 0.026562500000000003
0 0.037500000000000006 0.60703125 0.0125 0.0203125
1 0.0328125 0.61484375 0.0125 0.0140625
0 0.06171875 0.675 0.010937500000000001 0.028125
0 0.049218750000000006 0.73984375 0.010937500000000001 0.029687500000000002
0 0.022656250000000003 0.8171875000000001 0.010937500000000001 0.028125
0 0.58359375 0.7054687500000001 0.010937500000000001 0.029687500000000002
3 0.45937500000000003 0.8523437500000001 0.043750000000000004 0.08281250000000001
0 0.55625 0.49140625000000004 0.009375000000000001 0.026562500000000003
4 0.44296875 0.7234375000000001 0.0421875 0.07500000000000001
4 0.51484375 0.70703125 0.0390625 0.0703125
4 0.51875 0.62890625 0.037500000000000006 0.06406250000000001
4 0.5203125000000001 0.53359375 0.037500000000000006 0.0734375
4 0.49921875000000004 0.45937500000000003 0.045312500000000006 0.0625
0 0.5234375 0.45625000000000004 0.0125 0.03125
3 0.46406250000000004 0.40703125 0.05 0.0484375
3 0.4140625 0.30000000000000004 0.065625 0.043750000000000004
0 0.45390625 0.26328125 0.010937500000000001 0.0234375
5 0.37265625 0.24531250000000002 0.045312500000000006 0.06875
5 0.33906250000000004 0.18515625000000002 0.053125000000000006 0.06406250000000001
