3 0.35390625000000003 0.11953125 0.0546875 0.0703125
4 0.41484375 0.11171875 0.060937500000000006 0.06406250000000001
5 0.34296875000000004 0.1859375 0.0671875 0.08750000000000001
4 0.26406250000000003 0.24140625000000002 0.0625 0.07968750000000001
4 0.35000000000000003 0.30546875 0.065625 0.0703125
3 0.9085937500000001 0.17109375000000002 0.0703125 0.0578125
4 0.8546875 0.0890625 0.07500000000000001 0.06875
4 0.8851562500000001 0.12578125 0.0703125 0.060937500000000006
5 0.7390625000000001 0.34921875 0.16875 0.1390625
5 0.56875 0.5015625 0.1375 0.12187500000000001
3 0.053125000000000006 0.82578125 0.07187500000000001 0.060937500000000006
3 0.08359375000000001 0.790625 0.0765625 0.06875
3 0.13593750000000002 0.7171875000000001 0.07187500000000001 0.06875
3 0.15937500000000002 0.6734375 0.059375000000000004 0.05625
4 0.22265625 0.61328125 0.0765625 0.0703125
3 0.2515625 0.58125 0.07187500000000001 0.0625
3 0.27890625 0.546875 0.0703125 0.0625
9 0.37109375 0.47265625 0.029687500000000002 0.029687500000000002
9 0.39296875000000003 0.4578125 0.026562500000000003 0.040625
9 0.42109375000000004 0.42265625 0.0171875 0.0328125
4 0.6726562500000001 0.22265625 0.0390625 0.0765625
4 0.62890625 0.25546875 0.0390625 0.0765625
4 0.58515625 0.30234375 0.0390625 0.08281250000000001
4 0.54140625 0.34765625 0.0390625 0.0703125
4 0.44843750000000004 0.421875 0.037500000000000006 0.08125
3 0.496875 0.37890625 0.037500000000000006 0.0765625
4 0.234375 0.33828125000000003 0.065625 0.0734375
4 0.24765625000000002 0.40625 0.0671875 0.078125
4 0.15156250000000002 0.42734375 0.0625 0.07968750000000001
4 0.04296875 0.584375 0.060937500000000006 0.07500000000000001
8 0.10390625 0.5984375000000001 0.1640625 0.1875
