3 0.03515625 0.10078125 0.035937500000000004 0.0328125
3 0.09921875000000001 0.27890625 0.0578125 0.0546875
3 0.0703125 0.24375000000000002 0.053125000000000006 0.043750000000000004
3 0.15703125 0.384375 0.0734375 0.065625
4 0.20078125000000002 0.4296875 0.07968750000000001 0.084375
3 0.30703125000000003 0.6000000000000001 0.11093750000000001 0.096875
3 0.2859375 0.75 0.109375 0.134375
2 0.40390625 0.48750000000000004 0.029687500000000002 0.046875
2 0.5453125 0.6257812500000001 0.028125 0.0421875
9 0.16171875000000002 0.25859375 0.0234375 0.0328125
0 0.4578125 0.6609375000000001 0.028125 0.08125
9 0.47421875 0.6726562500000001 0.035937500000000004 0.0671875
0 0.2765625 0.9359375000000001 0.028125 0.09375
0 0.31562500000000004 0.92109375 0.03125 0.1015625
1 0.309375 0.890625 0.0125 0.03125
6 0.14375000000000002 0.73359375 0.09062500000000001 0.1015625
2 0.08828125 0.15000000000000002 0.026562500000000003 0.021875000000000002
9 0.07265625 0.36796875 0.0484375 0.029687500000000002
