0 0.04453125 0.35625 0.010937500000000001 0.025
0 0.06171875 0.33203125 0.010937500000000001 0.0234375
0 0.1203125 0.31484375000000003 0.0125 0.026562500000000003
0 0.21171875 0.17578125 0.010937500000000001 0.0203125
0 0.19140625 0.18515625000000002 0.010937500000000001 0.0203125
0 0.18671875000000002 0.18359375 0.010937500000000001 0.0234375
0 0.1859375 0.26640625 0.00625 0.0203125
0 0.19140625 0.2671875 0.010937500000000001 0.021875000000000002
0 0.19765625 0.29453125 0.010937500000000001 0.0234375
0 0.19140625 0.2921875 0.010937500000000001 0.028125
0 0.31562500000000004 0.11875000000000001 0.0125 0.021875000000000002
0 0.3375 0.09531250000000001 0.009375000000000001 0.015625
0 0.35625 0.09062500000000001 0.00625 0.015625
0 0.38828125 0.09375 0.010937500000000001 0.015625
0 0.40625 0.065625 0.00625 0.015625
0 0.41953125 0.08125 0.0078125 0.015625
0 0.36562500000000003 0.13046875 0.00625 0.0203125
3 0.50234375 0.13593750000000002 0.0484375 0.025
3 0.584375 0.0625 0.037500000000000006 0.021875000000000002
3 0.5867187500000001 0.8210937500000001 0.0765625 0.1078125
