7 0.035937500000000004 0.09921875000000001 0.034375 0.051562500000000004
7 0.1015625 0.134375 0.037500000000000006 0.0625
1 0.025 0.06640625 0.018750000000000003 0.029687500000000002
0 0.059375000000000004 0.018750000000000003 0.0125 0.028125
6 0.053125000000000006 0.04296875 0.025 0.029687500000000002
3 0.09609375 0.029687500000000002 0.0484375 0.05
7 0.12812500000000002 0.046875 0.034375 0.059375000000000004
7 0.1640625 0.059375000000000004 0.03125 0.053125000000000006
7 0.19843750000000002 0.06406250000000001 0.034375 0.05
0 0.2 0.03828125 0.0125 0.026562500000000003
0 0.21015625000000002 0.04609375 0.0140625 0.035937500000000004
0 0.20390625 0.02890625 0.010937500000000001 0.035937500000000004
0 0.20234375000000002 0.02421875 0.0171875 0.0390625
1 0.05625 0.134375 0.015625 0.043750000000000004
9 0.057031250000000006 0.14375000000000002 0.026562500000000003 0.043750000000000004
9 0.14296875 0.13046875 0.0203125 0.0390625
9 0.17343750000000002 0.16484375 0.018750000000000003 0.0390625
9 0.16953125000000002 0.1296875 0.0234375 0.037500000000000006
1 0.14296875 0.1265625 0.0171875 0.040625
1 0.16718750000000002 0.12187500000000001 0.018750000000000003 0.040625
1 0.171875 0.15625 0.015625 0.040625
1 0.13593750000000002 0.31015625 0.025 0.060937500000000006
1 0.01953125 0.34296875000000004 0.029687500000000002 0.051562500000000004
1 0.11484375000000001 0.45546875000000003 0.029687500000000002 0.0578125
9 0.1375 0.31875000000000003 0.040625 0.046875
9 0.018750000000000003 0.36015625 0.028125 0.051562500000000004
9 0.11875000000000001 0.465625 0.040625 0.059375000000000004
0 0.35234375 0.7984375 0.0421875 0.1
0 0.45625000000000004 0.753125 0.037500000000000006 0.096875
0 0.5984375000000001 0.75703125 0.053125000000000006 0.07968750000000001
0 0.38593750000000004 0.83125 0.03125 0.06875
0 0.434375 0.8453125 0.040625 0.10312500000000001
0 0.3484375 0.9304687500000001 0.05 0.1015625
0 0.446875 0.9398437500000001 0.037500000000000006 0.1078125
1 0.47968750000000004 0.89453125 0.025 0.0484375
0 0.49140625000000004 0.91796875 0.0328125 0.0890625
0 0.47734375 0.884375 0.0390625 0.1
0 0.478125 0.8539062500000001 0.037500000000000006 0.1015625
0 0.49921875000000004 0.8984375 0.035937500000000004 0.1
0 0.5078125 0.8796875000000001 0.037500000000000006 0.10625000000000001
0 0.5078125 0.87109375 0.040625 0.1203125
0 0.55078125 0.90234375 0.045312500000000006 0.1015625
0 0.54921875 0.8453125 0.045312500000000006 0.1
0 0.5890625 0.8671875 0.046875 0.09062500000000001
1 0.57421875 0.9234375 0.060937500000000006 0.09062500000000001
1 0.571875 0.93515625 0.028125 0.0546875
9 0.56953125 0.9453125 0.06406250000000001 0.096875
1 0.51875 0.58046875 0.040625 0.0578125
0 0.52265625 0.515625 0.035937500000000004 0.07500000000000001
0 0.44843750000000004 0.50703125 0.03125 0.0734375
6 0.46953125 0.48984375 0.1265625 0.0859375
9 0.43203125000000003 0.3953125 0.0703125 0.037500000000000006
7 0.20703125 0.8796875000000001 0.1546875 0.12812500000000002
7 0.203125 0.7875000000000001 0.15625 0.109375
7 0.20703125 0.7046875 0.1546875 0.10625000000000001
9 0.18984375 0.6703125000000001 0.09531250000000001 0.05
6 0.20859375000000002 0.6453125000000001 0.11093750000000001 0.0625
6 0.20390625 0.61484375 0.1234375 0.06406250000000001
7 0.22031250000000002 0.56953125 0.1375 0.0890625
6 0.23203125000000002 0.5046875000000001 0.1484375 0.09062500000000001
7 0.2171875 0.44609375 0.12187500000000001 0.07968750000000001
7 0.2421875 0.38671875 0.10312500000000001 0.0765625
0 0.265625 0.45 0.021875000000000002 0.059375000000000004
6 0.24453125 0.3359375 0.11093750000000001 0.07500000000000001
7 0.24375000000000002 0.3015625 0.084375 0.06875
7 0.25546875 0.26406250000000003 0.0921875 0.059375000000000004
7 0.26015625000000003 0.22734375 0.1078125 0.045312500000000006
7 0.26015625000000003 0.21953125 0.0921875 0.0578125
7 0.26406250000000003 0.2015625 0.09062500000000001 0.05625
7 0.26406250000000003 0.1875 0.09375 0.05
7 0.25390625 0.178125 0.0859375 0.053125000000000006
0 0.209375 0.16015625 0.018750000000000003 0.0484375
0 0.23515625 0.1390625 0.0140625 0.046875
7 0.25234375000000003 0.12890625 0.0703125 0.0484375
0 0.278125 0.14296875 0.018750000000000003 0.035937500000000004
0 0.2625 0.1484375 0.015625 0.03125
1 0.24609375 0.15234375 0.0171875 0.029687500000000002
7 0.26406250000000003 0.15234375 0.06875 0.0390625
0 0.22421875000000002 0.06875 0.0203125 0.046875
