4 0.35390625000000003 0.13203125000000002 0.045312500000000006 0.08281250000000001
4 0.27890625 0.1421875 0.045312500000000006 0.09062500000000001
4 0.26796875000000003 0.29296875 0.0546875 0.1171875
3 0.35000000000000003 0.26171875 0.05 0.09843750000000001
3 0.26953125 0.43203125000000003 0.0484375 0.1015625
4 0.35625 0.41640625000000003 0.05625 0.1234375
0 0.6234375000000001 0.0171875 0.015625 0.03125
0 0.6273437500000001 0.03515625 0.010937500000000001 0.029687500000000002
0 0.6351562500000001 0.03515625 0.010937500000000001 0.026562500000000003
0 0.64453125 0.060937500000000006 0.010937500000000001 0.03125
0 0.6507812500000001 0.07578125000000001 0.010937500000000001 0.0328125
0 0.6578125 0.06953125 0.015625 0.035937500000000004
0 0.6726562500000001 0.07265625 0.010937500000000001 0.029687500000000002
0 0.634375 0.08359375000000001 0.015625 0.0328125
0 0.6218750000000001 0.10312500000000001 0.009375000000000001 0.03125
0 0.61875 0.08828125 0.0125 0.0328125
0 0.65234375 0.1453125 0.0171875 0.03125
0 0.66171875 0.12265625000000001 0.0171875 0.0328125
0 0.671875 0.11953125 0.015625 0.035937500000000004
0 0.68359375 0.1125 0.0171875 0.034375
0 0.69296875 0.12578125 0.010937500000000001 0.029687500000000002
0 0.67734375 0.13125 0.0140625 0.03125
0 0.68359375 0.13203125000000002 0.0171875 0.026562500000000003
0 0.665625 0.15000000000000002 0.0125 0.03125
0 0.6953125 0.16015625 0.015625 0.0328125
0 0.63828125 0.21328125 0.0171875 0.029687500000000002
0 0.66015625 0.1765625 0.0140625 0.028125
0 0.6781250000000001 0.19062500000000002 0.015625 0.028125
0 0.5632812500000001 0.28515625 0.010937500000000001 0.0421875
0 0.6609375000000001 0.26875 0.015625 0.028125
0 0.6843750000000001 0.265625 0.018750000000000003 0.03125
0 0.6898437500000001 0.3015625 0.010937500000000001 0.034375
0 0.64375 0.3140625 0.0125 0.028125
0 0.65546875 0.3125 0.0171875 0.028125
0 0.6578125 0.33203125 0.0125 0.0328125
0 0.671875 0.33046875000000003 0.0125 0.029687500000000002
0 0.7000000000000001 0.33046875000000003 0.015625 0.035937500000000004
1 0.69453125 0.325 0.0171875 0.018750000000000003
0 0.6687500000000001 0.38984375000000004 0.018750000000000003 0.035937500000000004
0 0.7273437500000001 0.403125 0.0171875 0.034375
0 0.6179687500000001 0.45156250000000003 0.0171875 0.034375
0 0.6468750000000001 0.45625000000000004 0.015625 0.034375
1 0.5859375 0.46796875000000004 0.025 0.029687500000000002
1 0.553125 0.509375 0.021875000000000002 0.028125
1 0.5484375 0.55234375 0.015625 0.0171875
0 0.56484375 0.540625 0.0171875 0.028125
0 0.59140625 0.52734375 0.0171875 0.0328125
0 0.5906250000000001 0.55859375 0.021875000000000002 0.029687500000000002
0 0.515625 0.5703125 0.015625 0.03125
0 0.5234375 0.58984375 0.018750000000000003 0.029687500000000002
0 0.5140625 0.61328125 0.015625 0.026562500000000003
0 0.5234375 0.6421875 0.0125 0.034375
0 0.5085937500000001 0.671875 0.010937500000000001 0.028125
0 0.5453125 0.68125 0.0125 0.028125
0 0.6078125000000001 0.628125 0.015625 0.034375
0 0.5578125 0.65390625 0.015625 0.029687500000000002
0 0.5578125 0.6703125000000001 0.015625 0.028125
0 0.58984375 0.6640625 0.0171875 0.028125
0 0.58984375 0.6734375 0.0171875 0.037500000000000006
0 0.55078125 0.7125 0.0171875 0.03125
0 0.55625 0.70078125 0.0125 0.029687500000000002
1 0.5945312500000001 0.74921875 0.0140625 0.0171875
0 0.7445312500000001 0.6429687500000001 0.0171875 0.029687500000000002
0 0.64609375 0.70859375 0.0203125 0.0328125
0 0.665625 0.7078125000000001 0.015625 0.03125
0 0.63828125 0.8046875 0.0171875 0.028125
0 0.6734375 0.81796875 0.015625 0.029687500000000002
0 0.6937500000000001 0.815625 0.018750000000000003 0.028125
0 0.71796875 0.8289062500000001 0.0171875 0.0203125
0 0.73359375 0.82421875 0.0203125 0.026562500000000003
0 0.7328125000000001 0.8484375000000001 0.015625 0.025
0 0.7601562500000001 0.8601562500000001 0.026562500000000003 0.029687500000000002
0 0.8203125 0.81171875 0.021875000000000002 0.026562500000000003
0 0.93515625 0.82578125 0.026562500000000003 0.029687500000000002
0 0.946875 0.8109375000000001 0.021875000000000002 0.025
