3 0.57578125 0.6843750000000001 0.09843750000000001 0.05625
3 0.9242187500000001 0.6664062500000001 0.09843750000000001 0.051562500000000004
4 0.60859375 0.759375 0.11406250000000001 0.07187500000000001
3 0.3046875 0.909375 0.1 0.07187500000000001
3 0.5796875 0.79609375 0.10312500000000001 0.0578125
3 0.7445312500000001 0.8093750000000001 0.11093750000000001 0.078125
3 0.67734375 0.8304687500000001 0.08281250000000001 0.06406250000000001
3 0.640625 0.9226562500000001 0.10625000000000001 0.0578125
3 0.775 0.95078125 0.146875 0.09843750000000001
3 0.8054687500000001 0.90625 0.13593750000000002 0.09375
3 0.23671875 0.13515625 0.0421875 0.0546875
3 0.2734375 0.13125 0.037500000000000006 0.046875
3 0.525 0.09921875000000001 0.065625 0.035937500000000004
3 0.5140625 0.060937500000000006 0.065625 0.037500000000000006
3 0.6062500000000001 0.05390625 0.0625 0.0390625
3 0.67109375 0.1171875 0.060937500000000006 0.03125
3 0.6820312500000001 0.09453125000000001 0.06406250000000001 0.0421875
3 0.42265625 0.026562500000000003 0.06406250000000001 0.034375
4 0.3875 0.037500000000000006 0.0625 0.043750000000000004
4 0.27890625 0.8546875 0.0921875 0.053125000000000006
4 0.18671875000000002 0.6781250000000001 0.08281250000000001 0.043750000000000004
4 0.19687500000000002 0.6062500000000001 0.096875 0.05625
3 0.18671875000000002 0.6453125000000001 0.08281250000000001 0.043750000000000004
3 0.17890625000000002 0.5554687500000001 0.08281250000000001 0.0484375
3 0.15937500000000002 0.51953125 0.08750000000000001 0.0421875
3 0.13203125000000002 0.371875 0.0421875 0.059375000000000004
3 0.09296875 0.29609375 0.045312500000000006 0.06406250000000001
3 0.07187500000000001 0.25625000000000003 0.028125 0.040625
3 0.055468750000000004 0.34921875 0.0765625 0.0421875
3 0.0484375 0.22578125000000002 0.053125000000000006 0.035937500000000004
3 0.0328125 0.215625 0.059375000000000004 0.037500000000000006
