3 0.21328125 0.115625 0.0703125 0.15000000000000002
9 0.29140625000000003 0.21250000000000002 0.0484375 0.05625
9 0.30234375 0.31484375000000003 0.07968750000000001 0.045312500000000006
9 0.3875 0.30625 0.059375000000000004 0.053125000000000006
9 0.29296875 0.53359375 0.0484375 0.0734375
7 0.36562500000000003 0.55625 0.10312500000000001 0.07500000000000001
9 0.36015625 0.5125000000000001 0.0703125 0.03125
3 0.22578125000000002 0.41796875 0.0890625 0.1765625
3 0.41718750000000004 0.415625 0.1 0.15937500000000002
6 0.26015625000000003 0.72265625 0.0421875 0.1078125
3 0.421875 0.7406250000000001 0.10312500000000001 0.19062500000000002
3 0.58359375 0.56953125 0.0921875 0.1796875
9 0.3328125 0.8453125 0.09062500000000001 0.05
9 0.7890625 0.7265625 0.0625 0.07187500000000001
9 0.8757812500000001 0.875 0.035937500000000004 0.084375
9 0.7578125 0.6351562500000001 0.078125 0.0421875
2 0.77109375 0.59921875 0.0578125 0.0234375
9 0.7578125 0.5796875 0.06875 0.037500000000000006
9 0.7625000000000001 0.5476562500000001 0.059375000000000004 0.0421875
9 0.7210937500000001 0.5593750000000001 0.0546875 0.03125
9 0.82734375 0.54453125 0.029687500000000002 0.06406250000000001
2 0.7507812500000001 0.5171875 0.0703125 0.021875000000000002
2 0.74375 0.50703125 0.065625 0.0234375
9 0.7406250000000001 0.48984375 0.07500000000000001 0.035937500000000004
9 0.7375 0.45937500000000003 0.0625 0.040625
9 0.7171875000000001 0.44140625 0.078125 0.029687500000000002
9 0.7117187500000001 0.4109375 0.07968750000000001 0.034375
9 0.734375 0.37109375 0.059375000000000004 0.045312500000000006
9 0.7156250000000001 0.35000000000000003 0.07187500000000001 0.043750000000000004
9 0.7296875 0.32109375 0.0625 0.0328125
9 0.7195312500000001 0.30625 0.0578125 0.034375
9 0.7046875 0.284375 0.06875 0.034375
9 0.7953125000000001 0.30312500000000003 0.03125 0.040625
4 0.3953125 0.13515625 0.078125 0.1546875
