4 0.41015625 0.765625 0.1078125 0.13125
3 0.46640625 0.8015625000000001 0.07968750000000001 0.096875
3 0.51484375 0.8390625 0.0921875 0.109375
5 0.5640625 0.8953125000000001 0.153125 0.19062500000000002
3 0.61875 0.921875 0.10312500000000001 0.1125
3 0.68359375 0.94453125 0.0921875 0.1078125
3 0.73828125 0.9703125 0.0703125 0.05625
3 0.9015625 0.9765625 0.0625 0.043750000000000004
3 0.8757812500000001 0.72578125 0.0546875 0.13593750000000002
0 0.8765625 0.61640625 0.021875000000000002 0.0171875
3 0.68359375 0.56484375 0.1265625 0.060937500000000006
3 0.66796875 0.50390625 0.1015625 0.0484375
3 0.66171875 0.4453125 0.11406250000000001 0.053125000000000006
4 0.6578125 0.38515625000000003 0.115625 0.0484375
8 0.85859375 0.42421875000000003 0.0546875 0.1203125
3 0.82421875 0.2015625 0.060937500000000006 0.115625
3 0.7367187500000001 0.07734375 0.11093750000000001 0.1078125
3 0.31015625 0.60078125 0.11406250000000001 0.0734375
3 0.32656250000000003 0.6625000000000001 0.109375 0.07500000000000001
