3 0.69140625 0.42734375 0.0390625 0.0390625
8 0.53359375 0.11328125 0.060937500000000006 0.0765625
8 0.5734375 0.17890625000000002 0.059375000000000004 0.0765625
0 0.65546875 0.2328125 0.010937500000000001 0.015625
0 0.5437500000000001 0.07578125000000001 0.009375000000000001 0.0171875
0 0.58203125 0.09453125000000001 0.0078125 0.0171875
0 0.9867187500000001 0.6195312500000001 0.010937500000000001 0.0203125
0 0.98984375 0.5796875 0.010937500000000001 0.021875000000000002
0 0.9828125000000001 0.69921875 0.0125 0.026562500000000003
3 0.96484375 0.64765625 0.0421875 0.035937500000000004
3 0.93359375 0.60546875 0.0421875 0.035937500000000004
3 0.9085937500000001 0.5703125 0.0390625 0.034375
3 0.884375 0.5359375000000001 0.040625 0.037500000000000006
3 0.8546875 0.49531250000000004 0.037500000000000006 0.034375
3 0.83203125 0.46484375 0.029687500000000002 0.026562500000000003
3 0.81015625 0.43515625 0.0328125 0.0328125
3 0.7859375000000001 0.39921875 0.034375 0.029687500000000002
3 0.7640625000000001 0.36875 0.034375 0.03125
3 0.84296875 0.43671875000000004 0.035937500000000004 0.035937500000000004
0 0.83359375 0.43671875000000004 0.010937500000000001 0.0234375
