0 0.4 0.36562500000000003 0.0125 0.03125
0 0.51796875 0.37890625 0.0234375 0.0390625
0 0.5625 0.38906250000000003 0.021875000000000002 0.040625
0 0.68359375 0.40937500000000004 0.0203125 0.03125
0 0.7289062500000001 0.38515625000000003 0.0234375 0.0328125
0 0.7117187500000001 0.37421875000000004 0.0171875 0.029687500000000002
0 0.753125 0.39296875000000003 0.018750000000000003 0.029687500000000002
0 0.765625 0.37812500000000004 0.0125 0.03125
0 0.40390625 0.35781250000000003 0.0203125 0.03125
0 0.6828125 0.39609375 0.018750000000000003 0.0203125
0 0.8695312500000001 0.42578125 0.0203125 0.0328125
0 0.853125 0.4140625 0.021875000000000002 0.037500000000000006
0 0.67890625 0.27265625 0.0171875 0.0390625
