0 0.07187500000000001 0.86484375 0.059375000000000004 0.0328125
9 0.32890625 0.71796875 0.026562500000000003 0.051562500000000004
9 0.22031250000000002 0.7421875 0.05 0.078125
9 0.25703125 0.73046875 0.035937500000000004 0.0734375
9 0.290625 0.7210937500000001 0.05 0.0671875
9 0.30546875 0.87265625 0.0546875 0.06406250000000001
9 0.33984375 0.88203125 0.06406250000000001 0.0890625
9 0.3953125 0.87421875 0.053125000000000006 0.08281250000000001
9 0.4234375 0.9476562500000001 0.037500000000000006 0.0859375
9 0.6125 0.9812500000000001 0.028125 0.037500000000000006
9 0.7921875 0.9773437500000001 0.03125 0.045312500000000006
9 0.8546875 0.9593750000000001 0.034375 0.07500000000000001
9 0.7937500000000001 0.9109375000000001 0.028125 0.078125
9 0.553125 0.66953125 0.05 0.060937500000000006
9 0.6609375000000001 0.6140625000000001 0.0625 0.043750000000000004
