3 0.25234375000000003 0.61484375 0.13593750000000002 0.13593750000000002
3 0.9070312500000001 0.8773437500000001 0.1296875 0.22031250000000002
3 0.728125 0.42265625 0.15937500000000002 0.1015625
1 0.8968750000000001 0.5867187500000001 0.028125 0.0578125
2 0.8914062500000001 0.59765625 0.06406250000000001 0.026562500000000003
9 0.9242187500000001 0.38125000000000003 0.060937500000000006 0.03125
1 0.93359375 0.36953125000000003 0.0234375 0.0328125
3 0.51015625 0.15156250000000002 0.0421875 0.065625
3 0.4546875 0.1265625 0.043750000000000004 0.059375000000000004
3 0.37812500000000004 0.12734375 0.037500000000000006 0.060937500000000006
3 0.58125 0.13593750000000002 0.046875 0.065625
3 0.56875 0.0734375 0.037500000000000006 0.05
3 0.5140625 0.08203125 0.037500000000000006 0.0578125
3 0.44843750000000004 0.060937500000000006 0.037500000000000006 0.053125000000000006
3 0.38984375000000004 0.05234375 0.0390625 0.0546875
3 0.5625 0.02421875 0.037500000000000006 0.045312500000000006
0 0.06171875 0.25859375 0.0203125 0.035937500000000004
0 0.1765625 0.259375 0.021875000000000002 0.043750000000000004
1 0.14609375 0.21640625000000002 0.0171875 0.026562500000000003
1 0.37734375000000003 0.22578125000000002 0.0203125 0.029687500000000002
1 0.278125 0.19687500000000002 0.018750000000000003 0.040625
9 0.37734375000000003 0.2421875 0.0171875 0.025
9 0.14765625000000002 0.23359375000000002 0.0171875 0.029687500000000002
9 0.278125 0.20546875 0.015625 0.026562500000000003
1 0.2890625 0.2703125 0.021875000000000002 0.046875
9 0.2859375 0.278125 0.025 0.025
