9 0.815625 0.9390625 0.07500000000000001 0.046875
2 0.74140625 0.93125 0.0546875 0.037500000000000006
9 0.9773437500000001 0.9578125000000001 0.045312500000000006 0.046875
9 0.7289062500000001 0.9476562500000001 0.0484375 0.0421875
3 0.8453125 0.79296875 0.15937500000000002 0.0703125
0 0.88671875 0.7765625 0.0171875 0.053125000000000006
0 0.79453125 0.7625000000000001 0.0203125 0.046875
6 0.7765625 0.79296875 0.084375 0.0671875
4 0.16640625 0.921875 0.0859375 0.09062500000000001
3 0.07421875 0.940625 0.07968750000000001 0.096875
0 0.1296875 0.88203125 0.028125 0.051562500000000004
0 0.06953125 0.88671875 0.0234375 0.0390625
0 0.08515625 0.8914062500000001 0.0140625 0.0421875
4 0.109375 0.7859375000000001 0.0625 0.06875
0 0.25625000000000003 0.66015625 0.015625 0.0421875
0 0.2765625 0.6570312500000001 0.015625 0.0421875
4 0.325 0.6734375 0.05625 0.0625
5 0.37265625 0.6734375 0.06406250000000001 0.0625
4 0.45234375000000004 0.67578125 0.0890625 0.060937500000000006
0 0.60078125 0.8375 0.0140625 0.043750000000000004
0 0.5484375 0.7671875 0.015625 0.05
0 0.54140625 0.75546875 0.0140625 0.051562500000000004
0 0.56484375 0.7507812500000001 0.0203125 0.045312500000000006
0 0.6023437500000001 0.7578125 0.0171875 0.043750000000000004
0 0.6921875000000001 0.7210937500000001 0.018750000000000003 0.051562500000000004
0 0.7601562500000001 0.7390625000000001 0.0140625 0.046875
0 0.73984375 0.6804687500000001 0.010937500000000001 0.045312500000000006
0 0.6421875 0.7039062500000001 0.021875000000000002 0.035937500000000004
0 0.62421875 0.7109375 0.0140625 0.040625
0 0.66953125 0.7039062500000001 0.010937500000000001 0.0390625
0 0.76484375 0.6265625 0.0140625 0.037500000000000006
0 0.7765625 0.6078125000000001 0.0125 0.034375
0 0.790625 0.60546875 0.0125 0.0328125
0 0.8140625 0.59140625 0.0125 0.029687500000000002
0 0.8578125000000001 0.5632812500000001 0.015625 0.035937500000000004
0 0.8851562500000001 0.565625 0.0140625 0.034375
0 0.84921875 0.603125 0.0140625 0.034375
0 0.8382812500000001 0.6078125000000001 0.010937500000000001 0.037500000000000006
0 0.853125 0.6179687500000001 0.009375000000000001 0.0328125
0 0.7406250000000001 0.59375 0.009375000000000001 0.034375
0 0.7328125000000001 0.59140625 0.0125 0.035937500000000004
0 0.73046875 0.58203125 0.010937500000000001 0.035937500000000004
0 0.7718750000000001 0.59140625 0.0125 0.0328125
0 0.7171875000000001 0.6921875000000001 0.021875000000000002 0.043750000000000004
0 0.80390625 0.61484375 0.0078125 0.0203125
0 0.7914062500000001 0.6195312500000001 0.0140625 0.035937500000000004
0 0.78046875 0.63828125 0.010937500000000001 0.0390625
0 0.76953125 0.63828125 0.0140625 0.0390625
0 0.8265625000000001 0.6101562500000001 0.0125 0.0390625
0 0.8304687500000001 0.57734375 0.0171875 0.045312500000000006
0 0.86640625 0.5703125 0.010937500000000001 0.03125
0 0.8484375000000001 0.58046875 0.0125 0.0328125
0 0.7578125 0.6078125000000001 0.0125 0.037500000000000006
0 0.84296875 0.62265625 0.0140625 0.0328125
4 0.9164062500000001 0.6171875 0.1046875 0.043750000000000004
4 0.94921875 0.58203125 0.0765625 0.0390625
4 0.9125000000000001 0.57265625 0.06875 0.0421875
4 0.9617187500000001 0.5398437500000001 0.0546875 0.045312500000000006
4 0.984375 0.5234375 0.028125 0.037500000000000006
4 0.7914062500000001 0.51875 0.06406250000000001 0.034375
4 0.74609375 0.565625 0.0921875 0.040625
3 0.9421875000000001 0.49765625 0.05625 0.0390625
3 0.83515625 0.48125 0.0734375 0.028125
3 0.7078125000000001 0.47187500000000004 0.078125 0.03125
3 0.6890625 0.42734375 0.05625 0.0234375
8 0.86640625 0.44609375 0.17343750000000002 0.0578125
3 0.8671875 0.5140625 0.040625 0.034375
5 0.8015625000000001 0.5046875000000001 0.08750000000000001 0.05
3 0.7015625000000001 0.509375 0.05 0.037500000000000006
3 0.4 0.34296875000000004 0.040625 0.0203125
0 0.765625 0.44843750000000004 0.0125 0.028125
2 0.76328125 0.453125 0.0203125 0.015625
