3 0.13046875 0.3171875 0.2546875 0.13125
3 0.23125 0.27968750000000003 0.234375 0.115625
3 0.3203125 0.21640625000000002 0.246875 0.1046875
3 0.40234375 0.16953125000000002 0.2109375 0.1171875
3 0.47890625000000003 0.14375000000000002 0.2015625 0.1
3 0.8484375000000001 0.29140625000000003 0.253125 0.1171875
3 0.7781250000000001 0.453125 0.30625 0.153125
3 0.70234375 0.52890625 0.3140625 0.1640625
3 0.6570312500000001 0.640625 0.35468750000000004 0.184375
3 0.40937500000000004 0.8609375 0.34687500000000004 0.21875
