1 0.44375000000000003 0.13593750000000002 0.03125 0.040625
0 0.39296875000000003 0.05625 0.026562500000000003 0.059375000000000004
0 0.3671875 0.0703125 0.028125 0.05
0 0.37343750000000003 0.08203125 0.018750000000000003 0.035937500000000004
0 0.30078125 0.11015625000000001 0.0203125 0.060937500000000006
1 0.31171875000000004 0.10078125 0.0140625 0.029687500000000002
1 0.3484375 0.1078125 0.034375 0.043750000000000004
1 0.38125000000000003 0.11015625000000001 0.021875000000000002 0.035937500000000004
1 0.240625 0.23750000000000002 0.028125 0.037500000000000006
1 0.25625000000000003 0.22265625 0.021875000000000002 0.0390625
0 0.22890625 0.21796875000000002 0.0203125 0.035937500000000004
0 0.22578125000000002 0.1875 0.029687500000000002 0.06875
0 0.203125 0.20234375000000002 0.025 0.060937500000000006
0 0.24375000000000002 0.37734375000000003 0.034375 0.0703125
0 0.11406250000000001 0.35234375 0.040625 0.0703125
2 0.11875000000000001 0.34453125 0.08750000000000001 0.0390625
2 0.2484375 0.37031250000000004 0.09375 0.043750000000000004
