3 0.33203125 0.8984375 0.1171875 0.109375
3 0.30781250000000004 0.8140625 0.08750000000000001 0.10312500000000001
3 0.27421875 0.71875 0.045312500000000006 0.084375
0 0.6625000000000001 0.79296875 0.025 0.0765625
2 0.8093750000000001 0.9476562500000001 0.053125000000000006 0.06406250000000001
9 0.55625 0.9281250000000001 0.05625 0.06875
9 0.434375 0.84375 0.05 0.078125
0 0.64609375 0.8875000000000001 0.029687500000000002 0.08750000000000001
0 0.56484375 0.8734375000000001 0.0171875 0.0625
0 0.56953125 0.89765625 0.0234375 0.045312500000000006
0 0.5890625 0.8367187500000001 0.03125 0.07968750000000001
9 0.5242187500000001 0.875 0.035937500000000004 0.05625
9 0.4859375 0.8250000000000001 0.040625 0.0625
0 0.37734375000000003 0.81640625 0.0328125 0.0765625
0 0.34375 0.775 0.03125 0.059375000000000004
1 0.38984375000000004 0.78125 0.029687500000000002 0.0625
1 0.6023437500000001 0.8601562500000001 0.0203125 0.0328125
1 0.6195312500000001 0.85859375 0.026562500000000003 0.0390625
9 0.5109375 0.8343750000000001 0.040625 0.065625
2 0.46171875 0.790625 0.0390625 0.034375
0 0.45078125 0.7718750000000001 0.0234375 0.046875
0 0.6976562500000001 0.775 0.0234375 0.053125000000000006
0 0.56171875 0.8109375000000001 0.029687500000000002 0.07187500000000001
0 0.52890625 0.80625 0.026562500000000003 0.065625
0 0.32421875 0.628125 0.0171875 0.034375
0 0.30312500000000003 0.63046875 0.018750000000000003 0.0234375
0 0.50234375 0.6531250000000001 0.0171875 0.040625
2 0.41875 0.6531250000000001 0.034375 0.025
