8 0.34453125 0.978125 0.0703125 0.043750000000000004
8 0.7890625 0.8984375 0.13125 0.203125
8 0.73828125 0.8421875000000001 0.09843750000000001 0.15000000000000002
8 0.6843750000000001 0.80234375 0.08750000000000001 0.1296875
8 0.6140625000000001 0.775 0.1 0.13125
8 0.5640625 0.7523437500000001 0.09375 0.1265625
8 0.51015625 0.7140625 0.09531250000000001 0.125
8 0.44296875 0.8453125 0.09843750000000001 0.134375
8 0.49375 0.8796875000000001 0.096875 0.140625
8 0.5625 0.89375 0.10312500000000001 0.14375000000000002
1 0.032031250000000004 0.22812500000000002 0.0140625 0.015625
1 0.02890625 0.26796875000000003 0.0140625 0.0140625
5 0.31328125 0.14375000000000002 0.1171875 0.05625
5 0.26953125 0.16640625 0.1234375 0.0734375
5 0.21875 0.17578125 0.10312500000000001 0.0671875
5 0.1421875 0.17265625 0.08125 0.0671875
5 0.23515625 0.21640625000000002 0.1046875 0.06406250000000001
5 0.48671875000000003 0.36562500000000003 0.1203125 0.06875
5 0.84296875 0.29296875 0.0765625 0.1046875
5 0.60859375 0.284375 0.0921875 0.0625
