3 0.9578125000000001 0.5242187500000001 0.034375 0.0578125
3 0.8992187500000001 0.46718750000000003 0.035937500000000004 0.040625
3 0.94140625 0.65234375 0.0390625 0.06406250000000001
3 0.9304687500000001 0.030468750000000003 0.0171875 0.0203125
3 0.91953125 0.08984375 0.0203125 0.0234375
8 0.8984375 0.20078125000000002 0.028125 0.0546875
8 0.8546875 0.403125 0.065625 0.14375000000000002
4 0.8210937500000001 0.56484375 0.0484375 0.06406250000000001
4 0.75 0.8484375000000001 0.10312500000000001 0.06875
0 0.5593750000000001 0.9437500000000001 0.015625 0.03125
0 0.5437500000000001 0.94296875 0.015625 0.0328125
0 0.640625 0.7351562500000001 0.015625 0.035937500000000004
0 0.6570312500000001 0.6234375000000001 0.010937500000000001 0.028125
0 0.7078125000000001 0.69140625 0.0125 0.029687500000000002
0 0.7953125000000001 0.35234375 0.009375000000000001 0.0203125
0 0.7875000000000001 0.353125 0.00625 0.025
0 0.815625 0.35625 0.009375000000000001 0.025
0 0.80078125 0.34609375000000003 0.010937500000000001 0.0234375
