0 0.28359375000000003 0.7140625 0.0484375 0.09062500000000001
0 0.23593750000000002 0.6023437500000001 0.037500000000000006 0.0703125
0 0.25546875 0.54140625 0.0390625 0.0859375
0 0.0328125 0.38515625000000003 0.05 0.0703125
0 0.12578125 0.36875 0.0546875 0.06875
0 0.203125 0.3515625 0.05 0.065625
0 0.278125 0.33203125 0.040625 0.0703125
0 0.3453125 0.31640625 0.043750000000000004 0.0734375
0 0.44765625000000003 0.31640625 0.045312500000000006 0.0890625
0 0.5398437500000001 0.3203125 0.0390625 0.078125
0 0.603125 0.3203125 0.040625 0.06875
0 0.6882812500000001 0.3203125 0.0390625 0.07187500000000001
0 0.76171875 0.32421875 0.035937500000000004 0.0703125
0 0.83125 0.32421875 0.037500000000000006 0.0671875
0 0.91796875 0.3640625 0.0546875 0.096875
0 0.6984375 0.09375 0.040625 0.059375000000000004
0 0.95234375 0.32343750000000004 0.0390625 0.078125
0 0.8656250000000001 0.24609375 0.05625 0.0703125
0 0.7835937500000001 0.25 0.051562500000000004 0.065625
0 0.6953125 0.2390625 0.046875 0.059375000000000004
0 0.7601562500000001 0.22187500000000002 0.0390625 0.07187500000000001
0 0.6726562500000001 0.21250000000000002 0.045312500000000006 0.0625
0 0.71015625 0.1875 0.0484375 0.06875
0 0.6335937500000001 0.27421875 0.035937500000000004 0.0578125
0 0.6234375000000001 0.23828125 0.043750000000000004 0.0671875
0 0.596875 0.20546875 0.037500000000000006 0.0734375
0 0.54609375 0.27890625 0.0484375 0.045312500000000006
0 0.5359375000000001 0.23828125 0.043750000000000004 0.060937500000000006
0 0.5085937500000001 0.21328125 0.0390625 0.0671875
0 0.52109375 0.16484375 0.0421875 0.0578125
0 0.42734375 0.27421875 0.029687500000000002 0.045312500000000006
0 0.42578125 0.24140625000000002 0.0421875 0.0546875
0 0.40625 0.21015625000000002 0.05 0.0734375
0 0.34375 0.2625 0.037500000000000006 0.05
0 0.32265625000000003 0.2390625 0.0390625 0.053125000000000006
0 0.32656250000000003 0.20546875 0.034375 0.045312500000000006
0 0.25703125 0.20468750000000002 0.0328125 0.040625
0 0.24609375 0.25859375 0.0328125 0.051562500000000004
0 0.27187500000000003 0.28359375000000003 0.03125 0.045312500000000006
0 0.16953125000000002 0.30781250000000004 0.0421875 0.05
0 0.1796875 0.26640625 0.040625 0.045312500000000006
0 0.18671875000000002 0.21796875000000002 0.035937500000000004 0.0546875
0 0.09453125000000001 0.3203125 0.0421875 0.053125000000000006
0 0.08828125 0.24531250000000002 0.0328125 0.065625
0 0.09921875000000001 0.17734375000000002 0.0328125 0.0578125
