4 0.1859375 0.65625 0.021875000000000002 0.040625
4 0.10312500000000001 0.7234375000000001 0.059375000000000004 0.03125
4 0.31640625 0.6265625 0.0234375 0.037500000000000006
4 0.32343750000000004 0.45078125 0.015625 0.0203125
4 0.24140625000000002 0.42031250000000003 0.0171875 0.018750000000000003
4 0.32343750000000004 0.40703125 0.015625 0.0171875
8 0.29375 0.234375 0.015625 0.025
8 0.37343750000000003 0.240625 0.015625 0.040625
8 0.29531250000000003 0.42421875000000003 0.021875000000000002 0.051562500000000004
8 0.4578125 0.5437500000000001 0.03125 0.078125
3 0.28984375 0.49843750000000003 0.0171875 0.025
3 0.32109375 0.48984375 0.0203125 0.026562500000000003
3 0.3765625 0.36484375 0.015625 0.0171875
3 0.35703125 0.25390625 0.010937500000000001 0.0140625
3 0.30703125000000003 0.37031250000000004 0.010937500000000001 0.015625
3 0.25 0.3796875 0.015625 0.0125
3 0.2625 0.3359375 0.009375000000000001 0.015625
3 0.28046875 0.31328125 0.0140625 0.0140625
8 0.43593750000000003 0.37812500000000004 0.021875000000000002 0.05
