4 0.7992187500000001 0.49296875 0.13593750000000002 0.11093750000000001
4 0.7937500000000001 0.37343750000000003 0.13125 0.096875
4 0.75546875 0.19687500000000002 0.09843750000000001 0.08125
3 0.58046875 0.284375 0.0859375 0.07187500000000001
4 0.47109375000000003 0.58046875 0.11406250000000001 0.1046875
4 0.42578125 0.65 0.1078125 0.10625000000000001
4 0.38203125000000004 0.71875 0.11406250000000001 0.1125
4 0.34453125 0.8328125000000001 0.1265625 0.13125
8 0.109375 0.51171875 0.16875 0.2234375
4 0.045312500000000006 0.60859375 0.07187500000000001 0.1171875
8 0.278125 0.26015625000000003 0.265625 0.1796875
8 0.53671875 0.14609375 0.23593750000000002 0.1609375
4 0.7117187500000001 0.08828125 0.08281250000000001 0.0734375
5 0.83359375 0.03515625 0.1296875 0.0703125
0 0.12187500000000001 0.27578125000000003 0.028125 0.0328125
0 0.30078125 0.64609375 0.0234375 0.029687500000000002
0 0.2859375 0.66171875 0.028125 0.035937500000000004
0 0.21406250000000002 0.48515625 0.028125 0.0390625
0 0.19765625 0.496875 0.0328125 0.034375
0 0.22578125000000002 0.57578125 0.0328125 0.0421875
0 0.41250000000000003 0.2078125 0.018750000000000003 0.03125
0 0.6726562500000001 0.03359375 0.010937500000000001 0.029687500000000002
0 0.6796875 0.03828125 0.015625 0.029687500000000002
0 0.7015625000000001 0.03359375 0.018750000000000003 0.035937500000000004
0 0.696875 0.032031250000000004 0.021875000000000002 0.035937500000000004
0 0.69453125 0.028125 0.0171875 0.037500000000000006
