3 0.6937500000000001 0.5609375 0.234375 0.178125
3 0.7890625 0.3484375 0.19062500000000002 0.1625
0 0.7718750000000001 0.4265625 0.053125000000000006 0.0625
3 0.8914062500000001 0.22109375 0.2078125 0.1640625
3 0.925 0.15546875000000002 0.15000000000000002 0.15156250000000002
0 0.37578125 0.05 0.0234375 0.046875
0 0.1203125 0.26640625 0.021875000000000002 0.035937500000000004
0 0.109375 0.696875 0.034375 0.037500000000000006
0 0.38125000000000003 0.6109375 0.025 0.040625
0 0.14609375 0.0578125 0.0203125 0.040625
0 0.41640625000000003 0.171875 0.0390625 0.03125
0 0.43359375 0.7453125 0.035937500000000004 0.046875
0 0.41171875 0.72578125 0.0203125 0.0328125
0 0.33906250000000004 0.82421875 0.037500000000000006 0.0546875
0 0.6578125 0.9070312500000001 0.053125000000000006 0.035937500000000004
0 0.6453125000000001 0.8734375000000001 0.043750000000000004 0.028125
1 0.0765625 0.16796875 0.028125 0.035937500000000004
1 0.3296875 0.70625 0.034375 0.043750000000000004
1 0.34609375000000003 0.696875 0.0328125 0.040625
2 0.0765625 0.17265625 0.037500000000000006 0.0546875
0 0.09843750000000001 0.31171875000000004 0.021875000000000002 0.035937500000000004
0 0.11328125 0.325 0.0140625 0.028125
0 0.18125000000000002 0.66796875 0.03125 0.0390625
0 0.22968750000000002 0.04609375 0.021875000000000002 0.045312500000000006
2 0.41640625000000003 0.18359375 0.0546875 0.045312500000000006
