3 0.26406250000000003 0.8523437500000001 0.18125000000000002 0.2921875
0 0.20859375000000002 0.08203125 0.029687500000000002 0.0765625
3 0.39921875 0.09375 0.08281250000000001 0.125
3 0.2890625 0.09453125000000001 0.09375 0.11093750000000001
3 0.3609375 0.25390625 0.09375 0.17343750000000002
3 0.31171875000000004 0.521875 0.1421875 0.275
3 0.15703125 0.44296875 0.1203125 0.24531250000000002
0 0.27968750000000003 0.23359375000000002 0.037500000000000006 0.11093750000000001
4 0.4765625 0.40625 0.134375 0.28125
3 0.75 0.140625 0.125 0.171875
0 0.86484375 0.1765625 0.0390625 0.06875
2 0.6023437500000001 0.15546875000000002 0.0390625 0.0421875
1 0.60703125 0.13125 0.0328125 0.037500000000000006
