0 0.08125 0.3453125 0.034375 0.05
0 0.04453125 0.328125 0.0328125 0.053125000000000006
0 0.11484375000000001 0.328125 0.0328125 0.05
0 0.19687500000000002 0.3046875 0.028125 0.05625
0 0.25859375 0.25390625 0.0203125 0.0578125
0 0.32109375 0.20078125000000002 0.0234375 0.0578125
0 0.26171875 0.21328125 0.0234375 0.0484375
0 0.2421875 0.10703125000000001 0.018750000000000003 0.045312500000000006
0 0.2515625 0.06953125 0.0125 0.045312500000000006
0 0.26328125 0.06953125 0.0140625 0.045312500000000006
0 0.27890625 0.08125 0.0171875 0.046875
0 0.30000000000000004 0.07421875 0.015625 0.035937500000000004
0 0.33359375 0.08281250000000001 0.0171875 0.040625
0 0.48515625 0.3359375 0.0390625 0.0625
9 0.515625 0.30390625000000004 0.034375 0.0578125
3 0.58984375 0.5125000000000001 0.1265625 0.125
0 0.79453125 0.12265625000000001 0.0234375 0.0390625
0 0.41171875 0.0484375 0.0140625 0.037500000000000006
0 0.42734375 0.049218750000000006 0.0171875 0.0421875
0 0.43828125 0.04609375 0.0140625 0.0421875
0 0.81953125 0.76328125 0.0578125 0.0765625
0 0.7562500000000001 0.8617187500000001 0.046875 0.0859375
2 0.7781250000000001 0.87421875 0.046875 0.09843750000000001
9 0.0765625 0.946875 0.11875000000000001 0.078125
1 0.0765625 0.93515625 0.05 0.0703125
0 0.15703125 0.659375 0.0390625 0.06875
