0 0.46640625 0.35703125 0.0765625 0.11093750000000001
0 0.671875 0.3375 0.07187500000000001 0.1
0 0.48203125 0.4234375 0.0703125 0.09062500000000001
0 0.30234375 0.49609375 0.0703125 0.09531250000000001
0 0.859375 0.284375 0.043750000000000004 0.078125
0 0.42734375 0.70234375 0.11093750000000001 0.1265625
0 0.4609375 0.80078125 0.08750000000000001 0.1234375
0 0.58046875 0.93515625 0.08281250000000001 0.1234375
0 0.7507812500000001 0.7679687500000001 0.0921875 0.11406250000000001
0 0.92109375 0.6664062500000001 0.0734375 0.1234375
0 0.9460937500000001 0.30390625000000004 0.0578125 0.11093750000000001
0 0.97265625 0.32890625 0.0421875 0.1203125
0 0.92890625 0.42031250000000003 0.06406250000000001 0.11875000000000001
0 0.7445312500000001 0.51796875 0.0765625 0.1203125
0 0.5328125 0.5906250000000001 0.05625 0.125
1 0.33046875000000003 0.54296875 0.0703125 0.0859375
1 0.37343750000000003 0.6039062500000001 0.11875000000000001 0.0890625
2 0.1640625 0.8015625000000001 0.10312500000000001 0.17500000000000002
