5 0.16484375 0.6023437500000001 0.06406250000000001 0.13593750000000002
3 0.21875 0.5875 0.037500000000000006 0.053125000000000006
3 0.29140625000000003 0.52109375 0.029687500000000002 0.0484375
5 0.1046875 0.9656250000000001 0.065625 0.0625
3 0.19609375 0.09531250000000001 0.0234375 0.028125
4 0.3765625 0.1421875 0.025 0.040625
8 0.31875000000000003 0.18906250000000002 0.028125 0.059375000000000004
3 0.16953125000000002 0.15156250000000002 0.0234375 0.025
3 0.26796875000000003 0.4 0.026562500000000003 0.043750000000000004
5 0.37031250000000004 0.31171875000000004 0.037500000000000006 0.0859375
8 0.62421875 0.35234375 0.060937500000000006 0.11093750000000001
3 0.56875 0.22265625 0.028125 0.035937500000000004
5 0.55859375 0.11406250000000001 0.035937500000000004 0.053125000000000006
