4 0.80625 0.58359375 0.05625 0.08281250000000001
4 0.92109375 0.15546875000000002 0.026562500000000003 0.026562500000000003
3 0.91796875 0.41484375 0.035937500000000004 0.051562500000000004
3 0.828125 0.48515625 0.053125000000000006 0.0703125
3 0.7765625 0.45546875000000003 0.059375000000000004 0.0578125
3 0.8601562500000001 0.8984375 0.0921875 0.140625
3 0.93515625 0.2546875 0.0390625 0.037500000000000006
3 0.9085937500000001 0.19765625 0.0203125 0.0234375
3 0.86640625 0.23359375000000002 0.029687500000000002 0.0328125
4 0.7890625 0.078125 0.037500000000000006 0.0125
4 0.6953125 0.1390625 0.05 0.018750000000000003
4 0.71015625 0.15781250000000002 0.0484375 0.021875000000000002
4 0.7132812500000001 0.12421875 0.0421875 0.0203125
4 0.6890625 0.12421875 0.040625 0.0328125
4 0.8054687500000001 0.06171875 0.035937500000000004 0.0203125
0 0.29609375 0.73984375 0.0328125 0.051562500000000004
4 0.8500000000000001 0.32109375 0.043750000000000004 0.0578125
3 0.86484375 0.2015625 0.026562500000000003 0.025
3 0.8757812500000001 0.18203125 0.026562500000000003 0.0328125
3 0.8875000000000001 0.153125 0.018750000000000003 0.015625
8 0.81640625 0.19765625 0.051562500000000004 0.06406250000000001
3 0.9578125000000001 0.14140625 0.021875000000000002 0.0234375
