3 0.30781250000000004 0.5375 0.015625 0.0125
0 0.30000000000000004 0.53515625 0.003125 0.010937500000000001
0 0.37578125 0.58515625 0.0078125 0.0234375
0 0.384375 0.5921875 0.009375000000000001 0.028125
7 0.3609375 0.59609375 0.021875000000000002 0.026562500000000003
3 0.37734375000000003 0.6078125000000001 0.029687500000000002 0.025
3 0.38359375 0.6171875 0.035937500000000004 0.03125
3 0.4140625 0.6429687500000001 0.040625 0.0328125
3 0.28046875 0.7109375 0.051562500000000004 0.043750000000000004
4 0.07968750000000001 0.921875 0.109375 0.134375
9 0.33046875000000003 0.6921875000000001 0.029687500000000002 0.037500000000000006
9 0.4625 0.7109375 0.021875000000000002 0.03125
0 0.7468750000000001 0.8984375 0.021875000000000002 0.078125
0 0.66796875 0.91015625 0.0390625 0.0859375
0 0.59296875 0.8796875000000001 0.035937500000000004 0.07187500000000001
0 0.28984375 0.86328125 0.035937500000000004 0.08281250000000001
1 0.4625 0.7015625000000001 0.018750000000000003 0.040625
0 0.571875 0.7156250000000001 0.009375000000000001 0.025
0 0.56015625 0.7039062500000001 0.0140625 0.045312500000000006
1 0.33828125000000003 0.6921875000000001 0.0140625 0.05
3 0.6625000000000001 0.74609375 0.15625 0.0546875
3 0.3375 0.56796875 0.018750000000000003 0.0171875
