3 0.043750000000000004 0.5906250000000001 0.08750000000000001 0.1625
1 0.14765625000000002 0.078125 0.0171875 0.040625
2 0.1484375 0.0921875 0.021875000000000002 0.043750000000000004
0 0.31171875000000004 0.41875 0.0171875 0.053125000000000006
1 0.3828125 0.6609375000000001 0.034375 0.037500000000000006
2 0.37812500000000004 0.6742187500000001 0.028125 0.051562500000000004
0 0.60859375 0.025 0.029687500000000002 0.046875
0 0.6570312500000001 0.1609375 0.029687500000000002 0.053125000000000006
0 0.6453125000000001 0.2546875 0.037500000000000006 0.053125000000000006
0 0.6953125 0.2625 0.025 0.059375000000000004
4 0.58984375 0.37031250000000004 0.15156250000000002 0.078125
3 0.61328125 0.43984375000000003 0.18281250000000002 0.0734375
3 0.6296875000000001 0.5140625 0.19687500000000002 0.09062500000000001
3 0.665625 0.58359375 0.1875 0.0734375
3 0.70625 0.65 0.17500000000000002 0.08125
4 0.7453125 0.7265625 0.215625 0.078125
3 0.78671875 0.8328125000000001 0.2390625 0.09062500000000001
4 0.4609375 0.07500000000000001 0.146875 0.078125
4 0.43828125 0.026562500000000003 0.13593750000000002 0.053125000000000006
