0 0.1046875 0.4375 0.0125 0.037500000000000006
0 0.17109375000000002 0.4703125 0.0203125 0.040625
6 0.26953125 0.46718750000000003 0.0390625 0.03125
1 0.45625000000000004 0.56484375 0.018750000000000003 0.029687500000000002
3 0.11953125 0.6781250000000001 0.1265625 0.07187500000000001
4 0.1078125 0.65625 0.109375 0.0625
4 0.09765625 0.6351562500000001 0.1046875 0.0578125
5 0.22031250000000002 0.75546875 0.19375 0.09531250000000001
9 0.22578125000000002 0.90234375 0.0484375 0.0390625
1 0.44765625000000003 0.7890625 0.026562500000000003 0.03125
6 0.4609375 0.8054687500000001 0.05625 0.060937500000000006
3 0.6117187500000001 0.83125 0.0890625 0.078125
9 0.721875 0.775 0.034375 0.037500000000000006
9 0.70078125 0.69140625 0.0390625 0.026562500000000003
9 0.78125 0.6648437500000001 0.03125 0.0328125
9 0.90390625 0.76171875 0.029687500000000002 0.0484375
3 0.7367187500000001 0.8210937500000001 0.1078125 0.0765625
