3 0.6625000000000001 0.75 0.08125 0.178125
3 0.56015625 0.3046875 0.0546875 0.12812500000000002
3 0.49296875 0.56875 0.0765625 0.1375
3 0.46015625000000004 0.73359375 0.0921875 0.17343750000000002
4 0.17109375000000002 0.321875 0.1328125 0.078125
0 0.246875 0.3328125 0.021875000000000002 0.0625
3 0.13984375000000002 0.1125 0.0703125 0.07187500000000001
3 0.078125 0.19140625 0.07187500000000001 0.0765625
3 0.178125 0.06406250000000001 0.05 0.0625
3 0.053125000000000006 0.078125 0.07187500000000001 0.0625
4 0.05234375 0.025 0.051562500000000004 0.046875
0 0.26015625000000003 0.43125 0.026562500000000003 0.059375000000000004
0 0.23828125 0.4390625 0.0203125 0.059375000000000004
0 0.06015625 0.41953125 0.026562500000000003 0.051562500000000004
0 0.12265625000000001 0.40156250000000004 0.0203125 0.034375
0 0.19921875 0.8171875000000001 0.0390625 0.0625
0 0.15156250000000002 0.41171875 0.018750000000000003 0.035937500000000004
9 0.06953125 0.46406250000000004 0.0578125 0.037500000000000006
3 0.1453125 0.446875 0.16875 0.09062500000000001
0 0.0234375 0.45937500000000003 0.025 0.0625
0 0.13046875 0.8406250000000001 0.0390625 0.059375000000000004
0 0.17343750000000002 0.83359375 0.025 0.045312500000000006
0 0.17500000000000002 0.875 0.03125 0.053125000000000006
0 0.171875 0.85859375 0.040625 0.0546875
0 0.2328125 0.940625 0.03125 0.078125
0 0.13046875 0.9703125 0.0328125 0.05
0 0.1453125 0.95859375 0.028125 0.060937500000000006
0 0.14296875 0.9382812500000001 0.0390625 0.0546875
0 0.20546875 0.9203125000000001 0.0203125 0.07187500000000001
0 0.18828125 0.9375 0.0421875 0.0625
