3 0.76171875 0.41875 0.1015625 0.06875
3 0.55390625 0.43046875 0.11406250000000001 0.0921875
3 0.52578125 0.2625 0.1046875 0.10312500000000001
3 0.3609375 0.73984375 0.125 0.1171875
3 0.125 0.6023437500000001 0.13125 0.1078125
3 0.45937500000000003 0.91171875 0.1375 0.1296875
3 0.7054687500000001 0.33515625000000004 0.1171875 0.0859375
4 0.7171875000000001 0.17734375000000002 0.109375 0.1328125
4 0.84921875 0.153125 0.09843750000000001 0.084375
4 0.62265625 0.07578125000000001 0.0890625 0.1015625
8 0.21328125 0.19687500000000002 0.2171875 0.1625
0 0.9796875 0.053125000000000006 0.015625 0.03125
0 0.628125 0.6351562500000001 0.025 0.029687500000000002
0 0.60078125 0.640625 0.029687500000000002 0.028125
0 0.31796875 0.06640625 0.026562500000000003 0.0328125
0 0.30859375 0.1265625 0.029687500000000002 0.037500000000000006
0 0.23671875 0.9 0.0421875 0.021875000000000002
0 0.24296875 0.91953125 0.029687500000000002 0.0203125
