3 0.19843750000000002 0.75390625 0.059375000000000004 0.08281250000000001
5 0.84296875 0.9539062500000001 0.0703125 0.0890625
3 0.915625 0.9265625000000001 0.05625 0.08125
4 0.62421875 0.5921875 0.060937500000000006 0.08125
4 0.66796875 0.57265625 0.060937500000000006 0.08281250000000001
3 0.5710937500000001 0.60859375 0.060937500000000006 0.07968750000000001
3 0.81171875 0.321875 0.06406250000000001 0.07187500000000001
3 0.8359375 0.20703125 0.07187500000000001 0.0671875
3 0.9539062500000001 0.2671875 0.06406250000000001 0.07187500000000001
3 0.890625 0.29453125 0.05625 0.0578125
4 0.56953125 0.35781250000000003 0.0859375 0.043750000000000004
4 0.5421875 0.309375 0.08125 0.046875
4 0.50390625 0.2546875 0.0921875 0.046875
4 0.4765625 0.209375 0.078125 0.043750000000000004
4 0.42109375000000004 0.1125 0.0859375 0.043750000000000004
3 0.45 0.16640625 0.08125 0.045312500000000006
9 0.42265625 0.08515625 0.0390625 0.026562500000000003
9 0.39921875 0.0546875 0.0390625 0.028125
9 0.38984375000000004 0.02734375 0.0328125 0.0328125
5 0.42109375000000004 0.3921875 0.1296875 0.1875
5 0.3125 0.20390625 0.109375 0.1421875
5 0.70703125 0.15859375 0.1484375 0.15781250000000002
