3 0.6960937500000001 0.94453125 0.2171875 0.09531250000000001
3 0.7359375 0.8757812500000001 0.20625000000000002 0.0921875
3 0.7125 0.8359375 0.20625000000000002 0.078125
3 0.7046875 0.7921875 0.17500000000000002 0.078125
3 0.7093750000000001 0.753125 0.184375 0.065625
3 0.734375 0.7234375000000001 0.1375 0.065625
0 0.6570312500000001 0.7093750000000001 0.026562500000000003 0.065625
0 0.63984375 0.70078125 0.0234375 0.06406250000000001
0 0.6843750000000001 0.68359375 0.018750000000000003 0.060937500000000006
0 0.67890625 0.6796875 0.026562500000000003 0.065625
0 0.65 0.67890625 0.028125 0.060937500000000006
7 0.7195312500000001 0.66171875 0.09531250000000001 0.060937500000000006
7 0.7210937500000001 0.65546875 0.0765625 0.060937500000000006
3 0.7578125 0.63828125 0.13125 0.060937500000000006
3 0.759375 0.6125 0.153125 0.05625
6 0.73828125 0.5859375 0.0734375 0.053125000000000006
6 0.80625 0.5476562500000001 0.065625 0.0421875
1 0.915625 0.675 0.028125 0.043750000000000004
6 0.915625 0.6703125000000001 0.040625 0.08750000000000001
0 0.8132812500000001 0.5203125000000001 0.0203125 0.046875
0 0.7984375 0.51171875 0.015625 0.0484375
0 0.73203125 0.56015625 0.0140625 0.035937500000000004
2 0.73828125 0.56015625 0.035937500000000004 0.0234375
9 0.71796875 0.5710937500000001 0.0140625 0.045312500000000006
9 0.7359375 0.5734375 0.040625 0.025
9 0.7468750000000001 0.51015625 0.046875 0.029687500000000002
6 0.7679687500000001 0.48984375 0.0703125 0.035937500000000004
6 0.7585937500000001 0.47734375 0.060937500000000006 0.0328125
6 0.8625 0.46875 0.05625 0.03125
1 0.690625 0.47421875 0.021875000000000002 0.029687500000000002
0 0.6890625 0.46796875000000004 0.0125 0.029687500000000002
1 0.64453125 0.44296875 0.0140625 0.029687500000000002
1 0.6414062500000001 0.43828125 0.0171875 0.026562500000000003
0 0.728125 0.4546875 0.009375000000000001 0.028125
0 0.73828125 0.45703125 0.0171875 0.0328125
0 0.7367187500000001 0.45 0.010937500000000001 0.03125
0 0.7429687500000001 0.45703125 0.0171875 0.035937500000000004
0 0.75703125 0.46718750000000003 0.0140625 0.03125
0 0.7578125 0.46328125000000003 0.015625 0.029687500000000002
0 0.76953125 0.4625 0.0171875 0.034375
3 0.9265625000000001 0.43671875000000004 0.05 0.045312500000000006
3 0.9343750000000001 0.40859375000000003 0.043750000000000004 0.045312500000000006
3 0.9265625000000001 0.38125000000000003 0.046875 0.043750000000000004
3 0.9281250000000001 0.3359375 0.040625 0.034375
3 0.92734375 0.28359375000000003 0.0328125 0.029687500000000002
3 0.95859375 0.2625 0.035937500000000004 0.034375
3 0.91328125 0.24921875000000002 0.029687500000000002 0.0328125
3 0.9500000000000001 0.1953125 0.025 0.018750000000000003
1 0.9460937500000001 0.1171875 0.0078125 0.009375000000000001
9 0.94453125 0.1203125 0.0078125 0.009375000000000001
0 0.1546875 0.44609375 0.018750000000000003 0.0328125
0 0.46953125 0.40625 0.010937500000000001 0.025
0 0.46171875 0.403125 0.0140625 0.03125
