3 0.05 0.9359375000000001 0.053125000000000006 0.025
3 0.17500000000000002 0.9398437500000001 0.05 0.0203125
3 0.1796875 0.8453125 0.05 0.025
3 0.17578125 0.7796875000000001 0.045312500000000006 0.025
3 0.1796875 0.75546875 0.053125000000000006 0.0234375
3 0.19140625 0.7109375 0.045312500000000006 0.025
3 0.17500000000000002 0.6703125000000001 0.05 0.025
3 0.17421875 0.64765625 0.0484375 0.0234375
3 0.17109375000000002 0.62421875 0.051562500000000004 0.0234375
0 0.15937500000000002 0.45156250000000003 0.00625 0.0125
3 0.21875 0.04609375 0.037500000000000006 0.0203125
3 0.21796875000000002 0.06171875 0.0390625 0.0203125
3 0.21953125 0.10859375 0.0390625 0.0203125
3 0.21875 0.12421875 0.037500000000000006 0.0203125
3 0.22265625 0.14453125 0.0390625 0.0234375
3 0.42109375000000004 0.2671875 0.045312500000000006 0.025
5 0.48203125 0.2625 0.0546875 0.025
3 0.53671875 0.3171875 0.0390625 0.025
3 0.5453125 0.049218750000000006 0.037500000000000006 0.026562500000000003
3 0.55234375 0.09062500000000001 0.0390625 0.025
3 0.55390625 0.10859375 0.035937500000000004 0.029687500000000002
3 0.5640625 0.1234375 0.037500000000000006 0.025
3 0.6117187500000001 0.25546875 0.035937500000000004 0.0171875
3 0.52890625 0.37734375000000003 0.045312500000000006 0.0234375
3 0.5359375000000001 0.40234375 0.05 0.0234375
3 0.540625 0.42265625 0.046875 0.0203125
3 0.54140625 0.44765625000000003 0.0484375 0.026562500000000003
3 0.553125 0.4890625 0.05 0.021875000000000002
3 0.553125 0.51015625 0.053125000000000006 0.0234375
3 0.5578125 0.5328125 0.05 0.025
3 0.5593750000000001 0.55078125 0.037500000000000006 0.0203125
3 0.5625 0.5750000000000001 0.05 0.025
9 0.59609375 0.6046875 0.0171875 0.009375000000000001
4 0.56875 0.6195312500000001 0.05 0.0234375
4 0.5640625 0.64765625 0.040625 0.0234375
4 0.5734375 0.6734375 0.046875 0.025
3 0.5906250000000001 0.775 0.05 0.025
4 0.6015625 0.87890625 0.05 0.026562500000000003
3 0.6125 0.971875 0.059375000000000004 0.028125
9 0.5945312500000001 0.91953125 0.0203125 0.010937500000000001
9 0.6171875 0.91953125 0.018750000000000003 0.010937500000000001
4 0.8765625 0.034375 0.040625 0.025
3 0.8921875 0.06640625 0.046875 0.0203125
3 0.8968750000000001 0.08203125 0.043750000000000004 0.0203125
3 0.940625 0.24296875 0.05 0.0234375
3 0.93515625 0.44453125000000004 0.0484375 0.0328125
3 0.95625 0.496875 0.05 0.025
3 0.9671875000000001 0.55 0.05 0.028125
