3 0.33515625000000004 0.7757812500000001 0.1640625 0.0671875
3 0.54921875 0.6117187500000001 0.09531250000000001 0.0703125
3 0.6843750000000001 0.5265625 0.078125 0.065625
3 0.4609375 0.7015625000000001 0.140625 0.06875
3 0.4609375 0.6570312500000001 0.1375 0.0578125
3 0.4421875 0.5750000000000001 0.09062500000000001 0.065625
3 0.5164062500000001 0.5328125 0.0859375 0.053125000000000006
3 0.58046875 0.496875 0.0703125 0.040625
3 0.5867187500000001 0.5453125 0.0765625 0.059375000000000004
3 0.640625 0.5046875000000001 0.07187500000000001 0.053125000000000006
3 0.70234375 0.46328125000000003 0.0671875 0.051562500000000004
3 0.6296875000000001 0.45625000000000004 0.059375000000000004 0.040625
3 0.34687500000000004 0.534375 0.09375 0.046875
3 0.36796875 0.50546875 0.1078125 0.0484375
3 0.41015625 0.48828125 0.1015625 0.0421875
3 0.48046875 0.45546875000000003 0.1015625 0.035937500000000004
3 0.5078125 0.44062500000000004 0.08750000000000001 0.037500000000000006
3 0.5593750000000001 0.4109375 0.09375 0.034375
3 0.5875 0.39765625000000004 0.08750000000000001 0.0328125
3 0.6078125000000001 0.38593750000000004 0.07187500000000001 0.037500000000000006
3 0.7835937500000001 0.4109375 0.0421875 0.037500000000000006
3 0.67734375 0.43125 0.0546875 0.037500000000000006
3 0.7453125 0.4390625 0.053125000000000006 0.043750000000000004
6 0.6140625000000001 0.6195312500000001 0.05625 0.045312500000000006
6 0.32890625 0.6726562500000001 0.0765625 0.0328125
0 0.2859375 0.6664062500000001 0.025 0.0484375
0 0.21484375 0.7679687500000001 0.026562500000000003 0.0546875
0 0.209375 0.7265625 0.021875000000000002 0.05
0 0.10546875 0.76328125 0.0328125 0.0578125
0 0.055468750000000004 0.6765625000000001 0.026562500000000003 0.05
0 0.22578125000000002 0.8835937500000001 0.051562500000000004 0.06406250000000001
0 0.078125 0.8695312500000001 0.043750000000000004 0.06406250000000001
0 0.8765625 0.84140625 0.025 0.060937500000000006
9 0.2234375 0.8171875000000001 0.06875 0.043750000000000004
2 0.11953125 0.6687500000000001 0.045312500000000006 0.037500000000000006
2 0.45546875000000003 0.5171875 0.0328125 0.025
0 0.20703125 0.6359375 0.026562500000000003 0.05
1 0.109375 0.6578125 0.034375 0.05
1 0.45390625 0.50625 0.026562500000000003 0.037500000000000006
0 0.0171875 0.65 0.021875000000000002 0.046875
