5 0.46015625000000004 0.85703125 0.0734375 0.13593750000000002
3 0.3828125 0.78828125 0.043750000000000004 0.0578125
3 0.2421875 0.8773437500000001 0.037500000000000006 0.051562500000000004
3 0.26796875000000003 0.64609375 0.0390625 0.0390625
5 0.18671875000000002 0.5125000000000001 0.045312500000000006 0.065625
3 0.22968750000000002 0.52578125 0.028125 0.035937500000000004
9 0.30078125 0.48828125 0.0203125 0.026562500000000003
1 0.30234375 0.48359375000000004 0.0171875 0.0140625
3 0.26406250000000003 0.29531250000000003 0.025 0.018750000000000003
3 0.06953125 0.29531250000000003 0.0234375 0.018750000000000003
3 0.11328125 0.28125 0.0203125 0.015625
3 0.08828125 0.26171875 0.0203125 0.0171875
3 0.06015625 0.24531250000000002 0.0171875 0.018750000000000003
8 0.140625 0.29453125 0.028125 0.0328125
