3 0.09296875 0.8226562500000001 0.0703125 0.1265625
3 0.20234375000000002 0.8093750000000001 0.0703125 0.1125
3 0.27734375 0.82578125 0.0734375 0.11093750000000001
3 0.35625 0.8265625000000001 0.059375000000000004 0.1
4 0.421875 0.83203125 0.05 0.09531250000000001
4 0.4765625 0.83515625 0.043750000000000004 0.09531250000000001
4 0.9148437500000001 0.84296875 0.1203125 0.0921875
3 0.4765625 0.571875 0.115625 0.043750000000000004
3 0.62421875 0.56875 0.11093750000000001 0.046875
5 0.290625 0.56640625 0.15625 0.0546875
3 0.7664062500000001 0.56953125 0.1203125 0.051562500000000004
3 0.8367187500000001 0.821875 0.0859375 0.1
3 0.759375 0.8187500000000001 0.06875 0.10625000000000001
4 0.68515625 0.8226562500000001 0.045312500000000006 0.09843750000000001
3 0.6171875 0.8203125 0.06875 0.125
3 0.54140625 0.821875 0.060937500000000006 0.10312500000000001
3 0.12421875 0.57421875 0.1171875 0.045312500000000006
