3 0.6218750000000001 0.24296875 0.15625 0.0890625
0 0.6390625000000001 0.46406250000000004 0.028125 0.053125000000000006
0 0.384375 0.2390625 0.021875000000000002 0.053125000000000006
3 0.47500000000000003 0.8734375000000001 0.08125 0.184375
3 0.3828125 0.8093750000000001 0.08750000000000001 0.1875
0 0.58046875 0.46796875000000004 0.026562500000000003 0.045312500000000006
0 0.6015625 0.45234375000000004 0.021875000000000002 0.045312500000000006
1 0.41015625 0.26640625 0.0234375 0.045312500000000006
1 0.465625 0.26015625000000003 0.021875000000000002 0.0421875
1 0.43125 0.17343750000000002 0.03125 0.040625
1 0.31796875 0.7429687500000001 0.026562500000000003 0.0390625
2 0.3171875 0.7468750000000001 0.021875000000000002 0.06875
2 0.46484375 0.275 0.0171875 0.059375000000000004
2 0.40937500000000004 0.27968750000000003 0.015625 0.05625
2 0.42812500000000003 0.19062500000000002 0.015625 0.053125000000000006
4 0.47578125000000004 0.030468750000000003 0.0671875 0.060937500000000006
4 0.23046875 0.13671875 0.0703125 0.1234375
