3 0.059375000000000004 0.25234375000000003 0.03125 0.026562500000000003
3 0.4546875 0.87109375 0.0625 0.07968750000000001
3 0.8367187500000001 0.87421875 0.11406250000000001 0.0546875
3 0.875 0.74375 0.10312500000000001 0.043750000000000004
3 0.51484375 0.51875 0.0421875 0.040625
3 0.44843750000000004 0.4609375 0.028125 0.043750000000000004
4 0.8265625000000001 0.8390625 0.109375 0.05
4 0.8054687500000001 0.8046875 0.09843750000000001 0.053125000000000006
4 0.6609375000000001 0.8421875000000001 0.06875 0.084375
5 0.6820312500000001 0.8968750000000001 0.2234375 0.115625
0 0.38125000000000003 0.946875 0.018750000000000003 0.046875
4 0.7671875 0.74921875 0.12187500000000001 0.0546875
4 0.9015625 0.7601562500000001 0.115625 0.060937500000000006
4 0.86875 0.721875 0.11875000000000001 0.053125000000000006
3 0.875 0.7445312500000001 0.1 0.0484375
3 0.7890625 0.775 0.08750000000000001 0.040625
5 0.4765625 0.40625 0.05 0.06875
0 0.515625 0.4625 0.0125 0.025
0 0.534375 0.45937500000000003 0.009375000000000001 0.028125
0 0.5515625000000001 0.4921875 0.00625 0.015625
0 0.56171875 0.48984375 0.0078125 0.026562500000000003
0 0.5671875000000001 0.49140625000000004 0.009375000000000001 0.0171875
3 0.44843750000000004 0.36875 0.021875000000000002 0.028125
3 0.43046875 0.32656250000000003 0.0234375 0.018750000000000003
4 0.0234375 0.3453125 0.046875 0.043750000000000004
3 0.009375000000000001 0.21015625000000002 0.018750000000000003 0.0140625
3 0.034375 0.18359375 0.015625 0.0140625
3 0.04453125 0.17265625 0.0140625 0.0140625
3 0.04453125 0.21796875000000002 0.0234375 0.0203125
3 0.0546875 0.20468750000000002 0.021875000000000002 0.025
3 0.09375 0.20625000000000002 0.018750000000000003 0.018750000000000003
3 0.1265625 0.2015625 0.018750000000000003 0.015625
8 0.07734375 0.21796875000000002 0.0234375 0.0328125
5 0.13203125000000002 0.17890625000000002 0.0234375 0.029687500000000002
