9 0.16015625 0.9031250000000001 0.0578125 0.05
3 0.3640625 0.8210937500000001 0.08125 0.0703125
4 0.41328125000000004 0.76953125 0.0703125 0.08281250000000001
4 0.4453125 0.734375 0.065625 0.065625
1 0.44296875 0.6804687500000001 0.0203125 0.0390625
2 0.44140625 0.68515625 0.0390625 0.029687500000000002
4 0.60546875 0.8773437500000001 0.13593750000000002 0.0734375
5 0.6273437500000001 0.7835937500000001 0.2078125 0.11093750000000001
3 0.7117187500000001 0.7015625000000001 0.1421875 0.07500000000000001
3 0.37421875000000004 0.565625 0.0546875 0.03125
3 0.47968750000000004 0.53046875 0.05 0.035937500000000004
