4 0.7765625 0.7171875000000001 0.134375 0.1
3 0.7312500000000001 0.2171875 0.0625 0.09062500000000001
3 0.9085937500000001 0.31171875000000004 0.1265625 0.0578125
3 0.9296875 0.26171875 0.115625 0.0578125
3 0.9343750000000001 0.20546875 0.13125 0.0484375
3 0.9343750000000001 0.09062500000000001 0.10625000000000001 0.05
6 0.7390625000000001 0.33203125 0.034375 0.060937500000000006
9 0.6687500000000001 0.3515625 0.034375 0.05
9 0.8828125 0.8171875000000001 0.05 0.0625
9 0.890625 0.7546875000000001 0.028125 0.06875
9 0.8984375 0.6953125 0.025 0.05
