0 0.022656250000000003 0.67578125 0.0140625 0.0328125
0 0.039843750000000004 0.6531250000000001 0.0234375 0.037500000000000006
0 0.055468750000000004 0.62421875 0.0171875 0.029687500000000002
0 0.026562500000000003 0.74609375 0.015625 0.0328125
0 0.07500000000000001 0.7835937500000001 0.018750000000000003 0.0421875
0 0.0390625 0.8539062500000001 0.021875000000000002 0.045312500000000006
0 0.25546875 0.7429687500000001 0.0234375 0.0328125
0 0.16875 0.7640625000000001 0.015625 0.03125
0 0.1296875 0.8171875000000001 0.025 0.03125
0 0.15937500000000002 0.8125 0.021875000000000002 0.040625
0 0.2234375 0.79609375 0.018750000000000003 0.0328125
0 0.19687500000000002 0.815625 0.021875000000000002 0.037500000000000006
0 0.20234375000000002 0.80625 0.0171875 0.034375
0 0.06015625 0.8640625000000001 0.0171875 0.034375
0 0.0765625 0.87109375 0.015625 0.0390625
0 0.08750000000000001 0.86875 0.015625 0.025
0 0.14375000000000002 0.846875 0.018750000000000003 0.034375
0 0.13671875 0.85859375 0.0234375 0.0421875
0 0.1421875 0.9484375 0.015625 0.034375
0 0.13593750000000002 0.9632812500000001 0.015625 0.026562500000000003
0 0.22265625 0.8757812500000001 0.0234375 0.0328125
0 0.88984375 0.8054687500000001 0.0234375 0.0390625
0 0.6765625000000001 0.7835937500000001 0.025 0.029687500000000002
0 0.81640625 0.69296875 0.026562500000000003 0.0390625
0 0.51796875 0.74921875 0.0328125 0.029687500000000002
0 0.525 0.7609375 0.028125 0.03125
0 0.38203125000000004 0.7234375000000001 0.0234375 0.034375
0 0.40390625 0.728125 0.0203125 0.03125
0 0.27890625 0.36015625 0.0171875 0.029687500000000002
0 0.4703125 0.3765625 0.0125 0.03125
0 0.47109375000000003 0.403125 0.0140625 0.034375
0 0.5125000000000001 0.37812500000000004 0.0125 0.03125
0 0.5578125 0.41171875 0.0125 0.035937500000000004
0 0.6023437500000001 0.4109375 0.0171875 0.028125
0 0.6062500000000001 0.39921875 0.015625 0.029687500000000002
0 0.6671875 0.43203125000000003 0.015625 0.0390625
0 0.6195312500000001 0.43359375 0.0140625 0.0328125
0 0.6117187500000001 0.46406250000000004 0.0203125 0.03125
0 0.59765625 0.47265625 0.0140625 0.029687500000000002
0 0.6296875000000001 0.4546875 0.015625 0.034375
0 0.6507812500000001 0.478125 0.0203125 0.034375
0 0.6453125000000001 0.4578125 0.015625 0.03125
0 0.6453125000000001 0.43593750000000003 0.015625 0.034375
0 0.64609375 0.434375 0.0234375 0.034375
0 0.6671875 0.453125 0.015625 0.040625
0 0.67109375 0.48359375000000004 0.0234375 0.0390625
0 0.60078125 0.5375 0.0234375 0.03125
0 0.60703125 0.5484375 0.0171875 0.034375
0 0.6890625 0.4609375 0.021875000000000002 0.040625
0 0.69921875 0.45078125 0.0234375 0.0328125
0 0.71796875 0.4578125 0.0234375 0.034375
0 0.7000000000000001 0.48671875000000003 0.015625 0.035937500000000004
0 0.7109375 0.48203125 0.021875000000000002 0.0328125
0 0.71796875 0.515625 0.0234375 0.03125
0 0.7203125 0.52734375 0.018750000000000003 0.0328125
0 0.76953125 0.503125 0.0171875 0.028125
0 0.79296875 0.5015625 0.0171875 0.034375
0 0.765625 0.55390625 0.021875000000000002 0.0390625
0 0.77734375 0.5484375 0.026562500000000003 0.03125
0 0.78671875 0.584375 0.0234375 0.037500000000000006
0 0.796875 0.6179687500000001 0.015625 0.0390625
0 0.9500000000000001 0.66796875 0.021875000000000002 0.029687500000000002
0 0.9851562500000001 0.6585937500000001 0.0234375 0.035937500000000004
