3 0.93671875 0.17578125 0.0921875 0.0921875
0 0.56875 0.96640625 0.028125 0.0421875
0 0.59140625 0.9453125 0.026562500000000003 0.046875
0 0.16953125000000002 0.9171875 0.026562500000000003 0.040625
0 0.19140625 0.71875 0.0234375 0.040625
0 0.20703125 0.7054687500000001 0.0203125 0.0390625
0 0.30078125 0.026562500000000003 0.0171875 0.03125
0 0.3125 0.028125 0.015625 0.018750000000000003
0 0.33906250000000004 0.03828125 0.009375000000000001 0.029687500000000002
0 0.33906250000000004 0.034375 0.015625 0.037500000000000006
0 0.44296875 0.06875 0.010937500000000001 0.021875000000000002
0 0.46484375 0.08984375 0.0171875 0.0203125
0 0.26796875000000003 0.434375 0.0171875 0.046875
0 0.31093750000000003 0.39140625 0.015625 0.026562500000000003
0 0.27968750000000003 0.07187500000000001 0.021875000000000002 0.018750000000000003
0 0.32421875 0.14296875 0.010937500000000001 0.0328125
0 0.33359375 0.14296875 0.010937500000000001 0.026562500000000003
1 0.58359375 0.23046875 0.0171875 0.0203125
0 0.56171875 0.4109375 0.026562500000000003 0.028125
0 0.48671875000000003 0.15625 0.0171875 0.021875000000000002
0 0.18046875 0.8304687500000001 0.0234375 0.0421875
0 0.1875 0.8203125 0.015625 0.043750000000000004
