5 0.060937500000000006 0.91171875 0.07187500000000001 0.0578125
5 0.13671875 0.9320312500000001 0.0546875 0.0703125
5 0.16875 0.9437500000000001 0.05 0.06875
4 0.1875 0.96875 0.021875000000000002 0.03125
5 0.22421875000000002 0.96015625 0.0484375 0.0734375
4 0.1296875 0.853125 0.043750000000000004 0.025
5 0.14921875 0.83359375 0.0703125 0.0484375
5 0.21406250000000002 0.7921875 0.043750000000000004 0.065625
5 0.24765625000000002 0.80859375 0.035937500000000004 0.0578125
5 0.2734375 0.81640625 0.037500000000000006 0.0578125
5 0.3046875 0.8210937500000001 0.037500000000000006 0.0546875
5 0.3328125 0.82578125 0.040625 0.051562500000000004
5 0.35546875 0.8343750000000001 0.0390625 0.06875
5 0.1859375 0.60859375 0.05625 0.0328125
5 0.203125 0.6000000000000001 0.053125000000000006 0.037500000000000006
5 0.1046875 0.62421875 0.05 0.035937500000000004
5 0.078125 0.71015625 0.065625 0.035937500000000004
5 0.08359375000000001 0.7015625000000001 0.06406250000000001 0.043750000000000004
5 0.09453125000000001 0.6890625 0.0671875 0.040625
5 0.22890625 0.6859375000000001 0.051562500000000004 0.046875
5 0.25078125 0.6984375 0.0421875 0.046875
5 0.509375 0.5875 0.034375 0.037500000000000006
3 0.5796875 0.58359375 0.015625 0.0171875
5 0.61328125 0.6078125000000001 0.060937500000000006 0.034375
5 0.6492187500000001 0.5953125 0.026562500000000003 0.037500000000000006
5 0.6890625 0.6000000000000001 0.021875000000000002 0.040625
5 0.7109375 0.6000000000000001 0.021875000000000002 0.040625
3 0.7289062500000001 0.6039062500000001 0.0140625 0.0203125
3 0.6507812500000001 0.5703125 0.026562500000000003 0.0125
3 0.8031250000000001 0.5875 0.021875000000000002 0.015625
3 0.8914062500000001 0.6046875 0.0328125 0.018750000000000003
3 0.6781250000000001 0.571875 0.028125 0.0125
5 0.52578125 0.06640625 0.0140625 0.0171875
5 0.5796875 0.037500000000000006 0.009375000000000001 0.0125
