3 0.42109375000000004 0.8656250000000001 0.0921875 0.184375
3 0.28828125 0.81640625 0.0765625 0.1046875
3 0.16796875 0.8617187500000001 0.0890625 0.1390625
9 0.55234375 0.5 0.0703125 0.046875
2 0.534375 0.65390625 0.059375000000000004 0.0390625
9 0.51328125 0.2390625 0.051562500000000004 0.037500000000000006
4 0.3609375 0.47734375 0.08125 0.1390625
3 0.26171875 0.2265625 0.060937500000000006 0.09062500000000001
3 0.2859375 0.140625 0.059375000000000004 0.078125
3 0.44843750000000004 0.20078125000000002 0.07187500000000001 0.0890625
1 0.584375 0.584375 0.028125 0.037500000000000006
9 0.3046875 0.6203125 0.065625 0.053125000000000006
0 0.43203125000000003 0.70234375 0.0203125 0.0484375
0 0.45234375000000004 0.7054687500000001 0.0203125 0.0328125
0 0.4765625 0.6984375 0.028125 0.05625
0 0.1859375 0.546875 0.028125 0.05625
0 0.11875000000000001 0.55 0.03125 0.053125000000000006
1 0.240625 0.50546875 0.037500000000000006 0.0484375
9 0.23515625 0.51015625 0.0484375 0.06406250000000001
4 0.5140625 0.1390625 0.109375 0.07187500000000001
3 0.5015625 0.10625000000000001 0.125 0.065625
0 0.01015625 0.115625 0.0171875 0.05
0 0.0171875 0.10390625 0.018750000000000003 0.045312500000000006
