3 0.690625 0.02890625 0.059375000000000004 0.029687500000000002
3 0.6937500000000001 0.0625 0.053125000000000006 0.025
3 0.70234375 0.09375 0.0578125 0.025
4 0.7054687500000001 0.13203125000000002 0.060937500000000006 0.0328125
3 0.8796875000000001 0.0328125 0.059375000000000004 0.028125
3 0.8757812500000001 0.07421875 0.06406250000000001 0.0328125
3 0.7835937500000001 0.5171875 0.026562500000000003 0.065625
3 0.81953125 0.5046875000000001 0.0328125 0.065625
3 0.7890625 0.696875 0.037500000000000006 0.065625
3 0.8921875 0.79453125 0.03125 0.0546875
3 0.79296875 0.8812500000000001 0.026562500000000003 0.065625
3 0.8914062500000001 0.87265625 0.026562500000000003 0.0671875
3 0.7976562500000001 0.95234375 0.029687500000000002 0.0671875
3 0.89375 0.9476562500000001 0.03125 0.0734375
