3 0.33906250000000004 0.39375000000000004 0.13125 0.10625000000000001
3 0.1203125 0.25546875 0.13125 0.1046875
3 0.28046875 0.1265625 0.0734375 0.09375
3 0.47578125000000004 0.16484375 0.0671875 0.0890625
3 0.39453125 0.05234375 0.0546875 0.1015625
0 0.06015625 0.1609375 0.0171875 0.037500000000000006
0 0.2015625 0.057031250000000006 0.009375000000000001 0.035937500000000004
9 0.2390625 0.0625 0.018750000000000003 0.034375
1 0.2390625 0.053125000000000006 0.009375000000000001 0.015625
0 0.72265625 0.20468750000000002 0.010937500000000001 0.028125
9 0.7820312500000001 0.18125000000000002 0.026562500000000003 0.025
0 0.9476562500000001 0.265625 0.010937500000000001 0.025
0 0.9617187500000001 0.2703125 0.0078125 0.021875000000000002
0 0.971875 0.27109375 0.00625 0.0203125
