6 0.11484375000000001 0.353125 0.0484375 0.07187500000000001
0 0.08671875000000001 0.35000000000000003 0.026562500000000003 0.034375
4 0.27968750000000003 0.0671875 0.059375000000000004 0.13125
2 0.18671875000000002 0.07500000000000001 0.0484375 0.025
0 0.17343750000000002 0.06640625 0.018750000000000003 0.0171875
5 0.225 0.20468750000000002 0.06875 0.18125000000000002
5 0.23515625 0.37734375000000003 0.0703125 0.16718750000000002
3 0.503125 0.08281250000000001 0.05625 0.109375
3 0.51796875 0.21015625000000002 0.0546875 0.11406250000000001
3 0.51015625 0.36171875000000003 0.0546875 0.1265625
3 0.5234375 0.6359375 0.059375000000000004 0.134375
9 0.46015625000000004 0.6195312500000001 0.0203125 0.051562500000000004
9 0.02109375 0.84921875 0.0328125 0.0546875
3 0.11875000000000001 0.7914062500000001 0.05625 0.1453125
3 0.32890625 0.90625 0.0546875 0.140625
