3 0.32656250000000003 0.9125000000000001 0.115625 0.16875
3 0.73359375 0.92890625 0.09843750000000001 0.1390625
0 0.29375 0.06171875 0.018750000000000003 0.045312500000000006
0 0.29765625 0.1421875 0.0203125 0.046875
0 0.38046875 0.115625 0.0140625 0.043750000000000004
0 0.43281250000000004 0.1296875 0.015625 0.043750000000000004
0 0.44140625 0.18828125 0.0171875 0.0484375
2 0.30859375 0.171875 0.045312500000000006 0.028125
2 0.3171875 0.19296875000000002 0.046875 0.0328125
0 0.48750000000000004 0.47500000000000003 0.028125 0.065625
0 0.49921875000000004 0.46718750000000003 0.0234375 0.0625
0 0.53125 0.47421875 0.025 0.06406250000000001
3 0.8601562500000001 0.8640625000000001 0.1703125 0.13125
3 0.8328125000000001 0.70703125 0.17500000000000002 0.1078125
2 0.93671875 0.34375 0.0328125 0.037500000000000006
1 0.93515625 0.32890625 0.0234375 0.0421875
3 0.7312500000000001 0.5609375 0.140625 0.08750000000000001
3 0.6953125 0.509375 0.153125 0.08125
3 0.6875 0.44140625 0.140625 0.08281250000000001
3 0.63984375 0.36875 0.1234375 0.078125
3 0.6195312500000001 0.321875 0.1203125 0.065625
3 0.5875 0.2703125 0.1125 0.065625
3 0.553125 0.23046875 0.109375 0.0578125
3 0.5203125000000001 0.19843750000000002 0.1125 0.05625
3 0.496875 0.1609375 0.115625 0.05625
3 0.76953125 0.35546875 0.09843750000000001 0.07968750000000001
3 0.69140625 0.265625 0.0890625 0.07187500000000001
3 0.6468750000000001 0.203125 0.08125 0.05625
3 0.6171875 0.1296875 0.09062500000000001 0.078125
