3 0.58515625 0.90625 0.1484375 0.07500000000000001
3 0.7828125 0.9390625 0.153125 0.06875
2 0.61640625 0.8453125 0.0546875 0.025
2 0.7601562500000001 0.8609375 0.060937500000000006 0.028125
2 0.05 0.353125 0.021875000000000002 0.037500000000000006
6 0.015625 0.16718750000000002 0.03125 0.059375000000000004
0 0.11484375000000001 0.69296875 0.026562500000000003 0.0203125
1 0.628125 0.8445312500000001 0.025 0.0203125
1 0.7718750000000001 0.8609375 0.028125 0.028125
1 0.049218750000000006 0.3484375 0.0171875 0.021875000000000002
