9 0.15000000000000002 0.415625 0.037500000000000006 0.021875000000000002
3 0.15859375 0.4703125 0.1234375 0.05625
3 0.33906250000000004 0.55234375 0.12187500000000001 0.060937500000000006
3 0.41015625 0.6640625 0.1390625 0.06875
4 0.48281250000000003 0.93359375 0.10625000000000001 0.1296875
3 0.5453125 0.9148437500000001 0.1125 0.1046875
3 0.659375 0.89375 0.12187500000000001 0.134375
3 0.75 0.88671875 0.1125 0.1328125
3 0.8250000000000001 0.8796875000000001 0.1125 0.11875000000000001
3 0.8875000000000001 0.85859375 0.1 0.1203125
