4 0.34609375000000003 0.07890625000000001 0.1203125 0.1390625
0 0.07187500000000001 0.6960937500000001 0.05 0.0484375
0 0.0921875 0.625 0.043750000000000004 0.046875
0 0.1046875 0.6109375 0.043750000000000004 0.053125000000000006
0 0.17109375000000002 0.6781250000000001 0.0484375 0.059375000000000004
0 0.27968750000000003 0.90390625 0.05 0.0421875
0 0.27968750000000003 0.92890625 0.053125000000000006 0.035937500000000004
0 0.29531250000000003 0.96640625 0.046875 0.0421875
0 0.95859375 0.5390625 0.0171875 0.046875
0 0.9859375 0.55859375 0.018750000000000003 0.0484375
0 0.9031250000000001 0.33359375 0.028125 0.0484375
3 0.6890625 0.37890625 0.1375 0.15781250000000002
4 0.56484375 0.41953125 0.1421875 0.17343750000000002
0 0.7898437500000001 0.13593750000000002 0.0203125 0.046875
0 0.7835937500000001 0.15078125 0.0171875 0.045312500000000006
0 0.7976562500000001 0.14453125 0.0203125 0.0421875
0 0.8171875000000001 0.21015625000000002 0.034375 0.0484375
0 0.8093750000000001 0.2328125 0.021875000000000002 0.03125
0 0.8304687500000001 0.19921875 0.0171875 0.0328125
