4 0.92578125 0.7953125000000001 0.1484375 0.240625
0 0.6570312500000001 0.5578125 0.0546875 0.115625
0 0.6984375 0.7671875 0.06875 0.13125
3 0.08359375000000001 0.43125 0.1265625 0.12812500000000002
3 0.29609375 0.53515625 0.1421875 0.1703125
3 0.1421875 0.32578125 0.13125 0.1203125
3 0.3828125 0.2828125 0.08750000000000001 0.10312500000000001
3 0.49843750000000003 0.284375 0.09375 0.1125
3 0.1859375 0.2421875 0.096875 0.09062500000000001
4 0.2609375 0.11171875 0.06875 0.0859375
3 0.41718750000000004 0.19687500000000002 0.08125 0.09062500000000001
3 0.7765625 0.43125 0.125 0.140625
3 0.7664062500000001 0.33359375 0.1203125 0.11093750000000001
3 0.7328125000000001 0.2546875 0.10312500000000001 0.08125
3 0.7117187500000001 0.20234375000000002 0.09843750000000001 0.0859375
3 0.509375 0.20703125 0.09062500000000001 0.0890625
3 0.5203125000000001 0.15546875000000002 0.084375 0.06406250000000001
3 0.42109375000000004 0.14375000000000002 0.0703125 0.05625
3 0.43203125000000003 0.10390625 0.060937500000000006 0.0578125
3 0.44921875 0.078125 0.06406250000000001 0.0625
3 0.69296875 0.1484375 0.0859375 0.07500000000000001
3 0.68359375 0.09140625000000001 0.0765625 0.0703125
3 0.6570312500000001 0.05 0.0703125 0.05625
3 0.43828125 0.026562500000000003 0.0546875 0.05
3 0.503125 0.017968750000000002 0.059375000000000004 0.0328125
