3 0.86328125 0.48046875 0.035937500000000004 0.0390625
3 0.88671875 0.41718750000000004 0.0203125 0.03125
4 0.68359375 0.6609375000000001 0.0546875 0.028125
3 0.5734375 0.6484375 0.05 0.028125
4 0.65546875 0.8289062500000001 0.029687500000000002 0.0578125
4 0.8812500000000001 0.890625 0.021875000000000002 0.05625
3 0.56875 0.8609375 0.05625 0.025
3 0.8640625000000001 0.8289062500000001 0.018750000000000003 0.0546875
3 0.853125 0.89453125 0.028125 0.06406250000000001
3 0.8484375000000001 0.5281250000000001 0.043750000000000004 0.025
3 0.82578125 0.63203125 0.0421875 0.0328125
3 0.890625 0.57421875 0.040625 0.0328125
3 0.8375 0.5867187500000001 0.037500000000000006 0.0328125
5 0.9734375000000001 0.22968750000000002 0.05 0.021875000000000002
5 0.96875 0.06953125 0.037500000000000006 0.0140625
3 0.9734375000000001 0.04453125 0.025 0.0203125
3 0.9148437500000001 0.009375000000000001 0.0328125 0.0125
3 0.98046875 0.02109375 0.0171875 0.0203125
3 0.890625 0.37734375000000003 0.018750000000000003 0.029687500000000002
3 0.7625000000000001 0.50390625 0.03125 0.0203125
6 0.86875 0.41718750000000004 0.0125 0.025
5 0.8718750000000001 0.45156250000000003 0.040625 0.043750000000000004
5 0.925 0.56640625 0.037500000000000006 0.0890625
4 0.81015625 0.30390625000000004 0.010937500000000001 0.0203125
