9 0.47578125000000004 0.8914062500000001 0.06406250000000001 0.0390625
3 0.34375 0.8992187500000001 0.115625 0.0859375
3 0.0703125 0.7515625 0.08750000000000001 0.08125
3 0.0703125 0.453125 0.10625000000000001 0.07500000000000001
3 0.29609375 0.4265625 0.1046875 0.07500000000000001
3 0.1640625 0.36640625000000004 0.10312500000000001 0.0734375
9 0.25859375 0.29531250000000003 0.0390625 0.028125
9 0.30078125 0.3171875 0.0234375 0.040625
3 0.74765625 0.75546875 0.1203125 0.0859375
5 0.56171875 0.6687500000000001 0.1078125 0.109375
3 0.9359375000000001 0.625 0.08750000000000001 0.10625000000000001
