3 0.90390625 0.9031250000000001 0.1796875 0.09062500000000001
4 0.18984375 0.52890625 0.0578125 0.045312500000000006
4 0.27968750000000003 0.46875 0.043750000000000004 0.03125
0 0.6125 0.59140625 0.015625 0.035937500000000004
0 0.6453125000000001 0.46328125000000003 0.015625 0.0328125
0 0.6140625000000001 0.4390625 0.0125 0.028125
3 0.47578125000000004 0.35781250000000003 0.0203125 0.015625
3 0.34921875 0.34921875 0.026562500000000003 0.0171875
3 0.6015625 0.290625 0.015625 0.0125
3 0.525 0.27890625 0.0125 0.010937500000000001
3 0.5632812500000001 0.26953125 0.010937500000000001 0.010937500000000001
3 0.5750000000000001 0.2625 0.0125 0.009375000000000001
