3 0.41171875 0.5828125000000001 0.0328125 0.018750000000000003
3 0.5242187500000001 0.46406250000000004 0.0171875 0.025
3 0.5203125000000001 0.30390625000000004 0.0125 0.0203125
5 0.5734375 0.30078125 0.037500000000000006 0.0171875
0 0.5085937500000001 0.54921875 0.010937500000000001 0.0140625
0 0.51953125 0.5546875 0.010937500000000001 0.015625
0 0.48671875000000003 0.5421875 0.004687500000000001 0.0125
0 0.46875 0.5375 0.009375000000000001 0.0125
0 0.4609375 0.52578125 0.00625 0.010937500000000001
0 0.49296875 0.53046875 0.0078125 0.0078125
0 0.48125 0.53515625 0.00625 0.010937500000000001
0 0.5359375000000001 0.55078125 0.00625 0.0078125
0 0.328125 0.5015625 0.00625 0.0125
0 0.43828125 0.51796875 0.004687500000000001 0.010937500000000001
0 0.22031250000000002 0.42812500000000003 0.00625 0.009375000000000001
0 0.21953125 0.325 0.0078125 0.0125
0 0.23515625 0.3171875 0.004687500000000001 0.0125
0 0.1921875 0.246875 0.00625 0.009375000000000001
0 0.19687500000000002 0.246875 0.00625 0.009375000000000001
8 0.14140625 0.23750000000000002 0.0203125 0.015625
