1 0.53828125 0.50390625 0.0140625 0.0140625
1 0.5437500000000001 0.46328125000000003 0.0125 0.0203125
1 0.62890625 0.3203125 0.0078125 0.0125
1 0.63828125 0.29765625 0.0078125 0.0171875
1 0.665625 0.284375 0.009375000000000001 0.015625
1 0.734375 0.0734375 0.00625 0.009375000000000001
1 0.7375 0.05078125 0.00625 0.010937500000000001
1 0.73984375 0.02421875 0.004687500000000001 0.010937500000000001
9 0.6296875000000001 0.3296875 0.009375000000000001 0.015625
9 0.6375000000000001 0.30859375 0.009375000000000001 0.0140625
9 0.6664062500000001 0.29296875 0.010937500000000001 0.0140625
9 0.54296875 0.4765625 0.0140625 0.018750000000000003
9 0.53828125 0.5203125000000001 0.010937500000000001 0.025
9 0.7328125000000001 0.08203125 0.00625 0.010937500000000001
9 0.7367187500000001 0.05625 0.0078125 0.009375000000000001
9 0.73984375 0.03359375 0.004687500000000001 0.0078125
1 0.9750000000000001 0.253125 0.009375000000000001 0.0125
1 0.97421875 0.26171875 0.0078125 0.0171875
0 0.9695312500000001 0.22734375 0.010937500000000001 0.026562500000000003
0 0.99609375 0.25390625 0.0078125 0.0171875
0 0.9945312500000001 0.246875 0.0078125 0.018750000000000003
3 0.9070312500000001 0.11484375000000001 0.0203125 0.0203125
3 0.9328125 0.24453125 0.028125 0.0234375
4 0.8851562500000001 0.209375 0.026562500000000003 0.028125
3 0.88046875 0.15625 0.0234375 0.021875000000000002
3 0.8718750000000001 0.00703125 0.015625 0.010937500000000001
0 0.9382812500000001 0.03828125 0.004687500000000001 0.0140625
