3 0.2015625 0.21875 0.12187500000000001 0.153125
3 0.6015625 0.340625 0.18125000000000002 0.06875
3 0.35390625000000003 0.3875 0.1796875 0.1
3 0.13671875 0.5867187500000001 0.0859375 0.18281250000000002
3 0.27890625 0.74609375 0.08281250000000001 0.18281250000000002
4 0.47890625000000003 0.70859375 0.0765625 0.22968750000000002
0 0.18281250000000002 0.02421875 0.021875000000000002 0.0484375
0 0.21796875000000002 0.06875 0.026562500000000003 0.040625
0 0.359375 0.096875 0.025 0.034375
1 0.29140625000000003 0.1421875 0.026562500000000003 0.037500000000000006
9 0.28750000000000003 0.1609375 0.059375000000000004 0.037500000000000006
9 0.51171875 0.23046875 0.0578125 0.035937500000000004
9 0.48671875000000003 0.259375 0.0578125 0.037500000000000006
0 0.41718750000000004 0.2 0.040625 0.043750000000000004
0 0.5984375000000001 0.2234375 0.028125 0.046875
0 0.6390625000000001 0.23750000000000002 0.040625 0.034375
0 0.66328125 0.18125000000000002 0.029687500000000002 0.040625
0 0.6843750000000001 0.18828125 0.03125 0.035937500000000004
5 0.56484375 0.16015625 0.19843750000000002 0.0765625
0 0.9750000000000001 0.24921875000000002 0.034375 0.035937500000000004
0 0.5875 0.40859375000000003 0.028125 0.035937500000000004
0 0.51015625 0.42265625 0.029687500000000002 0.045312500000000006
0 0.28828125 0.5140625 0.0234375 0.03125
0 0.28359375000000003 0.4859375 0.026562500000000003 0.03125
1 0.2671875 0.48125 0.021875000000000002 0.021875000000000002
1 0.38515625000000003 0.44375000000000003 0.026562500000000003 0.03125
9 0.38515625000000003 0.46015625000000004 0.0484375 0.0484375
