3 0.15859375 0.46953125 0.026562500000000003 0.0140625
5 0.2734375 0.4078125 0.028125 0.015625
8 0.35625 0.35000000000000003 0.028125 0.025
3 0.1265625 0.38203125000000004 0.015625 0.0140625
3 0.15234375 0.37890625 0.010937500000000001 0.0140625
3 0.1390625 0.3828125 0.009375000000000001 0.0125
3 0.16562500000000002 0.37734375000000003 0.021875000000000002 0.0203125
3 0.79296875 0.2921875 0.0234375 0.0125
5 0.7984375 0.28671875 0.025 0.0140625
5 0.36640625000000004 0.66953125 0.029687500000000002 0.035937500000000004
3 0.38828125 0.65390625 0.0171875 0.0203125
5 0.84140625 0.184375 0.026562500000000003 0.015625
5 0.859375 0.22187500000000002 0.028125 0.0125
