3 0.15156250000000002 0.09843750000000001 0.1625 0.065625
3 0.22421875000000002 0.28359375000000003 0.1796875 0.07968750000000001
6 0.18046875 0.5242187500000001 0.1203125 0.0703125
6 0.328125 0.55859375 0.096875 0.0734375
6 0.45 0.43593750000000003 0.12187500000000001 0.0625
3 0.60078125 0.13125 0.1640625 0.078125
3 0.7117187500000001 0.29140625000000003 0.1796875 0.08281250000000001
4 0.66171875 0.8375 0.0890625 0.17500000000000002
3 0.8203125 0.971875 0.08125 0.05625
1 0.87421875 0.70234375 0.0421875 0.0234375
2 0.6953125 0.7171875000000001 0.043750000000000004 0.0625
9 0.87421875 0.7015625000000001 0.0390625 0.065625
9 0.6015625 0.5710937500000001 0.08125 0.045312500000000006
9 0.4 0.8773437500000001 0.040625 0.0859375
9 0.31015625 0.8656250000000001 0.0328125 0.07500000000000001
9 0.15859375 0.89375 0.0703125 0.053125000000000006
9 0.23125 0.86875 0.037500000000000006 0.065625
9 0.27734375 0.88984375 0.0203125 0.0703125
0 0.28984375 0.9593750000000001 0.026562500000000003 0.028125
1 0.46015625000000004 0.9320312500000001 0.029687500000000002 0.035937500000000004
0 0.1953125 0.81640625 0.028125 0.0234375
1 0.6023437500000001 0.578125 0.0328125 0.03125
1 0.7039062500000001 0.7132812500000001 0.035937500000000004 0.0328125
0 0.89765625 0.5046875000000001 0.0390625 0.025
0 0.6492187500000001 0.65625 0.029687500000000002 0.021875000000000002
0 0.6125 0.70078125 0.021875000000000002 0.0234375
0 0.5859375 0.75546875 0.028125 0.0328125
