3 0.2078125 0.5281250000000001 0.19375 0.08125
3 0.45 0.37343750000000003 0.15937500000000002 0.065625
4 0.41015625 0.32656250000000003 0.1234375 0.06875
3 0.47968750000000004 0.3125 0.125 0.05625
4 0.46015625000000004 0.28203125 0.11406250000000001 0.051562500000000004
4 0.49843750000000003 0.2328125 0.12187500000000001 0.059375000000000004
4 0.7078125000000001 0.125 0.10312500000000001 0.046875
3 0.80078125 0.035937500000000004 0.0671875 0.03125
3 0.64765625 0.7140625 0.2265625 0.10312500000000001
3 0.7578125 0.55 0.178125 0.084375
4 0.7757812500000001 0.4765625 0.18281250000000002 0.08125
