9 0.09921875000000001 0.6195312500000001 0.0203125 0.0078125
1 0.09843750000000001 0.6195312500000001 0.009375000000000001 0.0078125
3 0.028125 0.34375 0.034375 0.0625
3 0.04453125 0.209375 0.0328125 0.05
3 0.05078125 0.15156250000000002 0.029687500000000002 0.046875
4 0.1375 0.13203125000000002 0.021875000000000002 0.045312500000000006
3 0.14140625 0.06953125 0.026562500000000003 0.045312500000000006
3 0.06171875 0.040625 0.026562500000000003 0.043750000000000004
3 0.0546875 0.09375 0.028125 0.046875
3 0.22031250000000002 0.10312500000000001 0.053125000000000006 0.025
3 0.21875 0.1265625 0.05 0.025
3 0.21953125 0.15625 0.0546875 0.021875000000000002
3 0.21796875000000002 0.20859375000000002 0.0578125 0.0234375
3 0.21328125 0.234375 0.0546875 0.025
9 0.33906250000000004 0.2625 0.00625 0.015625
9 0.26640625 0.29609375 0.0171875 0.0078125
2 0.37812500000000004 0.2578125 0.00625 0.0125
2 0.39453125 0.2578125 0.010937500000000001 0.0125
2 0.40546875000000004 0.2578125 0.0078125 0.0125
2 0.42500000000000004 0.2578125 0.00625 0.0125
2 0.50703125 0.25546875 0.0078125 0.0140625
2 0.5515625000000001 0.2546875 0.00625 0.015625
2 0.5734375 0.2578125 0.00625 0.015625
9 0.5265625 0.25859375 0.009375000000000001 0.0203125
2 0.4765625 0.2578125 0.00625 0.015625
2 0.4921875 0.2578125 0.00625 0.0125
1 0.6734375 0.58203125 0.009375000000000001 0.0078125
2 0.6687500000000001 0.58203125 0.018750000000000003 0.0078125
1 0.42812500000000003 0.6109375 0.00625 0.003125
9 0.42500000000000004 0.6101562500000001 0.021875000000000002 0.010937500000000001
5 0.71640625 0.6640625 0.15156250000000002 0.046875
3 0.759375 0.9382812500000001 0.034375 0.0765625
3 0.84296875 0.9437500000000001 0.035937500000000004 0.078125
3 0.884375 0.94453125 0.03125 0.06406250000000001
3 0.9632812500000001 0.93125 0.0328125 0.065625
3 0.93671875 0.6984375 0.0671875 0.03125
