3 0.16875 0.359375 0.040625 0.059375000000000004
3 0.12578125 0.1265625 0.0328125 0.040625
3 0.0859375 0.060937500000000006 0.053125000000000006 0.034375
3 0.71640625 0.03359375 0.06406250000000001 0.026562500000000003
3 0.71484375 0.0203125 0.060937500000000006 0.028125
3 0.8132812500000001 0.0171875 0.060937500000000006 0.021875000000000002
0 0.73828125 0.1078125 0.010937500000000001 0.025
0 0.7484375000000001 0.10625000000000001 0.0125 0.025
0 0.84296875 0.35000000000000003 0.0171875 0.03125
0 0.9140625 0.49843750000000003 0.015625 0.03125
0 0.9281250000000001 0.5515625000000001 0.015625 0.034375
0 0.875 0.52109375 0.015625 0.0328125
0 0.884375 0.52265625 0.0125 0.029687500000000002
0 0.8640625000000001 0.35468750000000004 0.015625 0.028125
0 0.7765625 0.1859375 0.015625 0.03125
0 0.759375 0.1484375 0.0125 0.021875000000000002
0 0.8695312500000001 0.29296875 0.010937500000000001 0.029687500000000002
0 0.010937500000000001 0.29609375 0.015625 0.029687500000000002
0 0.025781250000000002 0.07421875 0.010937500000000001 0.026562500000000003
0 0.039843750000000004 0.11015625000000001 0.010937500000000001 0.0203125
0 0.055468750000000004 0.12421875 0.010937500000000001 0.029687500000000002
0 0.06171875 0.11796875000000001 0.010937500000000001 0.026562500000000003
0 0.0921875 0.1328125 0.0125 0.025
0 0.04453125 0.06796875000000001 0.010937500000000001 0.0234375
0 0.03671875 0.0625 0.010937500000000001 0.018750000000000003
0 0.015625 0.0671875 0.0125 0.025
0 0.009375000000000001 0.060937500000000006 0.0125 0.028125
0 0.03671875 0.09531250000000001 0.010937500000000001 0.025
0 0.053125000000000006 0.10625000000000001 0.009375000000000001 0.021875000000000002
0 0.05625 0.09062500000000001 0.009375000000000001 0.025
0 0.07500000000000001 0.11093750000000001 0.0125 0.025
0 0.0671875 0.1015625 0.0125 0.028125
0 0.07187500000000001 0.09062500000000001 0.00625 0.025
0 0.08750000000000001 0.09375 0.009375000000000001 0.018750000000000003
0 0.08828125 0.11171875 0.010937500000000001 0.0203125
0 0.46015625000000004 0.11953125 0.010937500000000001 0.026562500000000003
0 0.3296875 0.1078125 0.009375000000000001 0.025
0 0.296875 0.12265625000000001 0.00625 0.026562500000000003
0 0.72578125 0.060937500000000006 0.010937500000000001 0.025
