0 0.015625 0.54609375 0.03125 0.08281250000000001
0 0.0859375 0.60703125 0.037500000000000006 0.09531250000000001
3 0.20625000000000002 0.06328125 0.07500000000000001 0.1265625
4 0.38125000000000003 0.0546875 0.09375 0.109375
4 0.5593750000000001 0.049218750000000006 0.109375 0.09531250000000001
3 0.71015625 0.037500000000000006 0.1921875 0.07187500000000001
3 0.1953125 0.171875 0.096875 0.109375
3 0.51875 0.153125 0.115625 0.14375000000000002
4 0.4109375 0.1484375 0.125 0.14375000000000002
0 0.28984375 0.23828125 0.0328125 0.0859375
0 0.28515625 0.184375 0.029687500000000002 0.065625
3 0.74921875 0.15546875000000002 0.1421875 0.1296875
3 0.8656250000000001 0.14453125 0.14375000000000002 0.15156250000000002
0 0.8656250000000001 0.2546875 0.040625 0.09375
0 0.84140625 0.25546875 0.045312500000000006 0.08281250000000001
3 0.8109375000000001 0.42734375 0.184375 0.1796875
3 0.7765625 0.628125 0.21875 0.2625
3 0.60078125 0.62890625 0.1703125 0.23593750000000002
3 0.44296875 0.61640625 0.1703125 0.21406250000000002
4 0.29140625000000003 0.62421875 0.1546875 0.2421875
3 0.3828125 0.42812500000000003 0.125 0.17500000000000002
4 0.64609375 0.41953125 0.1640625 0.1640625
0 0.43125 0.48046875 0.028125 0.0578125
0 0.37734375000000003 0.509375 0.026562500000000003 0.08125
0 0.19609375 0.48046875 0.035937500000000004 0.09531250000000001
