3 0.9625 0.7515625 0.043750000000000004 0.040625
8 0.8445312500000001 0.6570312500000001 0.13593750000000002 0.1015625
3 0.6960937500000001 0.61484375 0.0328125 0.035937500000000004
3 0.70703125 0.57578125 0.0328125 0.0328125
3 0.72421875 0.5421875 0.0328125 0.028125
3 0.6578125 0.56796875 0.028125 0.026562500000000003
3 0.6828125 0.546875 0.034375 0.025
3 0.6531250000000001 0.525 0.03125 0.025
3 0.61484375 0.49296875 0.026562500000000003 0.0203125
3 0.84375 0.7421875 0.043750000000000004 0.05
3 0.42031250000000003 0.50234375 0.043750000000000004 0.0203125
3 0.43984375000000003 0.48046875 0.045312500000000006 0.0203125
3 0.61875 0.52578125 0.028125 0.0203125
0 0.52109375 0.65234375 0.010937500000000001 0.0203125
0 0.5296875 0.6492187500000001 0.0125 0.0203125
0 0.54296875 0.7468750000000001 0.0140625 0.025
0 0.5953125 0.63671875 0.0125 0.0234375
0 0.6062500000000001 0.63984375 0.0125 0.0203125
9 0.7609375 0.9320312500000001 0.015625 0.035937500000000004
9 0.815625 0.93125 0.021875000000000002 0.028125
9 0.7117187500000001 0.8343750000000001 0.0171875 0.025
1 0.7125 0.8328125000000001 0.0125 0.018750000000000003
1 0.7601562500000001 0.91953125 0.0140625 0.029687500000000002
1 0.8140625 0.9187500000000001 0.018750000000000003 0.028125
4 0.9578125000000001 0.52109375 0.034375 0.0328125
0 0.9031250000000001 0.5125000000000001 0.00625 0.018750000000000003
