3 0.31171875000000004 0.5 0.060937500000000006 0.08750000000000001
3 0.24140625000000002 0.36328125 0.0546875 0.06406250000000001
3 0.278125 0.125 0.043750000000000004 0.05
3 0.46406250000000004 0.2828125 0.053125000000000006 0.059375000000000004
4 0.53125 0.25625000000000003 0.043750000000000004 0.07187500000000001
4 0.7039062500000001 0.5609375 0.0890625 0.11875000000000001
4 0.546875 0.10234375000000001 0.037500000000000006 0.051562500000000004
3 0.5921875 0.1859375 0.046875 0.0625
3 0.628125 0.37812500000000004 0.059375000000000004 0.07500000000000001
3 0.3515625 0.12578125 0.034375 0.051562500000000004
9 0.20234375000000002 0.18671875000000002 0.026562500000000003 0.035937500000000004
1 0.20234375000000002 0.17890625000000002 0.0171875 0.029687500000000002
0 0.96875 0.2546875 0.0125 0.028125
0 0.9617187500000001 0.25 0.0078125 0.028125
0 0.9695312500000001 0.31562500000000004 0.010937500000000001 0.015625
0 0.978125 0.32343750000000004 0.009375000000000001 0.018750000000000003
0 0.9851562500000001 0.31640625 0.010937500000000001 0.0171875
1 0.8757812500000001 0.1609375 0.0203125 0.021875000000000002
1 0.909375 0.2109375 0.015625 0.025
1 0.89765625 0.21484375 0.010937500000000001 0.010937500000000001
0 0.9171875 0.09921875000000001 0.009375000000000001 0.0234375
0 0.9015625 0.08046875 0.015625 0.0203125
0 0.890625 0.0734375 0.009375000000000001 0.018750000000000003
0 0.7664062500000001 0.1609375 0.010937500000000001 0.028125
1 0.80390625 0.22109375 0.010937500000000001 0.0171875
1 0.7914062500000001 0.17734375000000002 0.0140625 0.0140625
1 0.7484375000000001 0.23750000000000002 0.018750000000000003 0.0125
1 0.75546875 0.23593750000000002 0.010937500000000001 0.015625
0 0.73828125 0.10625000000000001 0.026562500000000003 0.0125
0 0.6898437500000001 0.049218750000000006 0.0078125 0.0203125
0 0.7015625000000001 0.060937500000000006 0.009375000000000001 0.028125
0 0.81015625 0.0234375 0.010937500000000001 0.015625
0 0.84296875 0.08203125 0.010937500000000001 0.0140625
0 0.8578125000000001 0.03828125 0.0125 0.0171875
0 0.7328125000000001 0.06406250000000001 0.00625 0.009375000000000001
0 0.7609375 0.06875 0.00625 0.0125
0 0.71640625 0.034375 0.010937500000000001 0.00625
1 0.74375 0.0171875 0.015625 0.015625
1 0.7609375 0.14375000000000002 0.015625 0.015625
