0 0.18671875000000002 0.640625 0.026562500000000003 0.03125
0 0.29453125 0.5734375 0.0171875 0.037500000000000006
0 0.39765625000000004 0.7039062500000001 0.0171875 0.0390625
0 0.5085937500000001 0.66171875 0.026562500000000003 0.0390625
0 0.51796875 0.70625 0.0234375 0.037500000000000006
0 0.5320312500000001 0.6171875 0.029687500000000002 0.034375
0 0.72265625 0.5546875 0.026562500000000003 0.034375
0 0.40390625 0.6828125 0.0234375 0.03125
0 0.53125 0.6585937500000001 0.021875000000000002 0.0328125
0 0.12187500000000001 0.7156250000000001 0.025 0.037500000000000006
0 0.5421875 0.68515625 0.021875000000000002 0.035937500000000004
0 0.58984375 0.6296875000000001 0.0203125 0.028125
0 0.6875 0.6039062500000001 0.025 0.029687500000000002
0 0.7015625000000001 0.6203125 0.021875000000000002 0.03125
