3 0.7953125000000001 0.48125 0.10312500000000001 0.065625
3 0.696875 0.40156250000000004 0.1375 0.05
3 0.55 0.32890625 0.096875 0.045312500000000006
3 0.46875 0.4390625 0.12812500000000002 0.07187500000000001
3 0.3828125 0.3359375 0.10625000000000001 0.046875
1 0.1953125 0.33359375 0.025 0.0421875
2 0.19921875 0.35000000000000003 0.051562500000000004 0.03125
3 0.278125 0.390625 0.125 0.05625
3 0.28984375 0.44375000000000003 0.11093750000000001 0.059375000000000004
3 0.27265625 0.5046875000000001 0.1546875 0.09062500000000001
3 0.5984375000000001 0.4296875 0.146875 0.0625
3 0.92578125 0.46015625000000004 0.0578125 0.0734375
3 0.6234375000000001 0.57734375 0.18125000000000002 0.0765625
3 0.59375 0.60546875 0.17500000000000002 0.0703125
3 0.55703125 0.63203125 0.18906250000000002 0.0703125
3 0.9328125 0.5281250000000001 0.08125 0.065625
4 0.62421875 0.4859375 0.1765625 0.07187500000000001
4 0.6062500000000001 0.5234375 0.178125 0.08750000000000001
4 0.565625 0.8328125000000001 0.215625 0.115625
2 0.3015625 0.86640625 0.043750000000000004 0.07968750000000001
1 0.8695312500000001 0.47890625000000003 0.0203125 0.0484375
2 0.8601562500000001 0.7859375000000001 0.0390625 0.065625
2 0.88046875 0.49765625 0.0234375 0.0578125
0 0.79609375 0.7765625 0.029687500000000002 0.09375
0 0.8445312500000001 0.7742187500000001 0.029687500000000002 0.1015625
0 0.8328125000000001 0.80234375 0.028125 0.09843750000000001
0 0.8328125000000001 0.86328125 0.03125 0.0890625
0 0.7296875 0.84921875 0.037500000000000006 0.09843750000000001
0 0.87265625 0.884375 0.0328125 0.1
0 0.8015625000000001 0.84296875 0.025 0.09843750000000001
0 0.8234375 0.8914062500000001 0.03125 0.1015625
0 0.39921875 0.6875 0.045312500000000006 0.084375
0 0.5828125000000001 0.91015625 0.025 0.0546875
3 0.25546875 0.20703125 0.0921875 0.045312500000000006
