3 0.09375 0.2 0.043750000000000004 0.025
3 0.09375 0.18671875000000002 0.05 0.0203125
3 0.07734375 0.1609375 0.0421875 0.018750000000000003
4 0.0890625 0.17421875 0.059375000000000004 0.0203125
4 0.07500000000000001 0.14375000000000002 0.05 0.028125
4 0.11406250000000001 0.56796875 0.037500000000000006 0.06406250000000001
0 0.32734375000000004 0.8015625000000001 0.0171875 0.043750000000000004
0 0.28984375 0.6859375000000001 0.0171875 0.034375
0 0.2578125 0.60703125 0.015625 0.035937500000000004
0 0.12421875 0.18828125 0.0078125 0.0234375
