3 0.29531250000000003 0.7507812500000001 0.096875 0.1078125
3 0.73046875 0.8328125000000001 0.24531250000000002 0.09062500000000001
7 0.21171875 0.44843750000000004 0.045312500000000006 0.053125000000000006
3 0.05625 0.36250000000000004 0.046875 0.037500000000000006
5 0.11406250000000001 0.34296875000000004 0.053125000000000006 0.0578125
3 0.08828125 0.20468750000000002 0.0703125 0.021875000000000002
3 0.7578125 0.3671875 0.1125 0.05625
3 0.80078125 0.3453125 0.0765625 0.034375
3 0.62890625 0.31015625 0.0484375 0.0328125
3 0.46796875000000004 0.24765625000000002 0.0546875 0.0234375
3 0.47890625000000003 0.209375 0.0421875 0.021875000000000002
3 0.20234375000000002 0.12265625000000001 0.0203125 0.0140625
5 0.19453125000000002 0.10703125000000001 0.0140625 0.0140625
5 0.01640625 0.17421875 0.0203125 0.026562500000000003
