3 0.22031250000000002 0.225 0.00625 0.00625
3 0.22968750000000002 0.22187500000000002 0.00625 0.00625
3 0.24140625000000002 0.23359375000000002 0.010937500000000001 0.0078125
3 0.2421875 0.19765625 0.009375000000000001 0.004687500000000001
3 0.26171875 0.2015625 0.004687500000000001 0.00625
3 0.27265625 0.20078125000000002 0.004687500000000001 0.004687500000000001
3 0.284375 0.19765625 0.009375000000000001 0.004687500000000001
8 0.278125 0.21406250000000002 0.0125 0.0125
1 0.2078125 0.278125 0.00625 0.009375000000000001
2 0.2078125 0.28203125 0.00625 0.0078125
3 0.2625 0.22890625 0.009375000000000001 0.0078125
3 0.27187500000000003 0.22031250000000002 0.00625 0.00625
3 0.2890625 0.21250000000000002 0.00625 0.00625
3 0.29140625000000003 0.20546875 0.004687500000000001 0.004687500000000001
3 0.27890625 0.20078125000000002 0.004687500000000001 0.004687500000000001
3 0.284375 0.22109375 0.00625 0.0078125
3 0.3015625 0.22109375 0.00625 0.0078125
3 0.29531250000000003 0.22578125000000002 0.00625 0.004687500000000001
3 0.296875 0.21796875000000002 0.00625 0.004687500000000001
4 0.27968750000000003 0.2421875 0.009375000000000001 0.0125
3 0.22812500000000002 0.2578125 0.0125 0.009375000000000001
3 0.21953125 0.23359375000000002 0.010937500000000001 0.0078125
3 0.38203125000000004 0.22578125000000002 0.0171875 0.0078125
0 0.33359375 0.27968750000000003 0.004687500000000001 0.0125
3 0.32265625000000003 0.28203125 0.0171875 0.0140625
3 0.31640625 0.28828125 0.0140625 0.0140625
5 0.33359375 0.2984375 0.0203125 0.018750000000000003
3 0.33828125000000003 0.32421875 0.045312500000000006 0.0171875
3 0.2890625 0.2828125 0.015625 0.0125
3 0.28828125 0.30234375 0.0171875 0.0171875
3 0.32890625 0.33203125 0.0546875 0.0203125
3 0.22421875000000002 0.29609375 0.0171875 0.0171875
3 0.19296875000000002 0.30703125000000003 0.0203125 0.0171875
1 0.21953125 0.35234375 0.004687500000000001 0.0078125
7 0.21953125 0.353125 0.0140625 0.025
3 0.246875 0.39375000000000004 0.025 0.025
0 0.56953125 0.33203125 0.0078125 0.0203125
0 0.603125 0.38906250000000003 0.009375000000000001 0.025
0 0.5453125 0.37265625 0.009375000000000001 0.0203125
0 0.5796875 0.32109375 0.009375000000000001 0.0203125
3 0.509375 0.33984375 0.05625 0.0234375
3 0.4921875 0.3484375 0.028125 0.021875000000000002
3 0.7390625000000001 0.33671875 0.059375000000000004 0.0203125
3 0.74921875 0.34453125 0.0203125 0.0203125
3 0.73203125 0.35781250000000003 0.0546875 0.025
3 0.71015625 0.36484375 0.0578125 0.0234375
3 0.66171875 0.37265625 0.06406250000000001 0.029687500000000002
3 0.6351562500000001 0.36875 0.0546875 0.025
3 0.6820312500000001 0.38984375000000004 0.06406250000000001 0.029687500000000002
3 0.70625 0.40703125 0.06875 0.035937500000000004
3 0.7585937500000001 0.4109375 0.07968750000000001 0.025
3 0.77109375 0.42265625 0.08281250000000001 0.029687500000000002
0 0.796875 0.42734375 0.0125 0.026562500000000003
0 0.8140625 0.434375 0.0125 0.025
0 0.79296875 0.48046875 0.010937500000000001 0.035937500000000004
0 0.7289062500000001 0.4765625 0.0171875 0.040625
0 0.7820312500000001 0.50390625 0.0171875 0.0390625
3 0.76953125 0.47500000000000003 0.0671875 0.040625
0 0.8929687500000001 0.5046875000000001 0.0203125 0.040625
0 0.94453125 0.5085937500000001 0.026562500000000003 0.045312500000000006
0 0.984375 0.5320312500000001 0.015625 0.0390625
0 0.940625 0.56171875 0.015625 0.0484375
3 0.8625 0.54140625 0.13125 0.045312500000000006
2 0.9796875 0.5078125 0.040625 0.025
3 0.45 0.35703125 0.059375000000000004 0.0171875
3 0.39375000000000004 0.36171875000000003 0.034375 0.029687500000000002
3 0.3953125 0.43125 0.034375 0.034375
3 0.40078125000000003 0.49140625000000004 0.045312500000000006 0.045312500000000006
3 0.47109375000000003 0.36484375 0.0578125 0.0203125
3 0.46484375 0.37734375000000003 0.060937500000000006 0.0203125
3 0.46015625000000004 0.38593750000000004 0.0546875 0.025
3 0.45390625 0.39375000000000004 0.0671875 0.028125
3 0.46875 0.3984375 0.06875 0.021875000000000002
3 0.46015625000000004 0.4109375 0.060937500000000006 0.025
3 0.546875 0.39296875000000003 0.03125 0.029687500000000002
3 0.56875 0.42734375 0.05 0.0328125
5 0.4921875 0.42265625 0.115625 0.060937500000000006
3 0.47421875 0.45078125 0.0921875 0.0328125
3 0.48203125 0.46796875000000004 0.0765625 0.0328125
3 0.52578125 0.47578125000000004 0.09843750000000001 0.035937500000000004
3 0.52109375 0.49531250000000004 0.0921875 0.037500000000000006
3 0.546875 0.5125000000000001 0.115625 0.037500000000000006
3 0.5476562500000001 0.5328125 0.1296875 0.040625
3 0.55703125 0.565625 0.1265625 0.05
3 0.453125 0.5953125 0.15000000000000002 0.065625
3 0.5484375 0.6726562500000001 0.078125 0.0765625
3 0.6507812500000001 0.6640625 0.1046875 0.078125
3 0.8148437500000001 0.5906250000000001 0.15781250000000002 0.065625
3 0.7367187500000001 0.65234375 0.09843750000000001 0.0734375
3 0.78828125 0.71796875 0.1921875 0.08281250000000001
3 0.8375 0.64375 0.109375 0.06875
0 0.7312500000000001 0.8609375 0.034375 0.09375
3 0.25625000000000003 0.46875 0.043750000000000004 0.05625
3 0.26796875000000003 0.64765625 0.0703125 0.0921875
3 0.08750000000000001 0.6984375 0.09375 0.115625
