3 0.36015625 0.8695312500000001 0.035937500000000004 0.0703125
3 0.4765625 0.7835937500000001 0.043750000000000004 0.06406250000000001
0 0.6195312500000001 0.9453125 0.0078125 0.025
0 0.6882812500000001 0.88984375 0.0140625 0.026562500000000003
0 0.5953125 0.88046875 0.015625 0.029687500000000002
3 0.46328125000000003 0.6046875 0.029687500000000002 0.043750000000000004
4 0.284375 0.6664062500000001 0.028125 0.045312500000000006
3 0.43671875000000004 0.5171875 0.026562500000000003 0.037500000000000006
3 0.41484375 0.44453125000000004 0.026562500000000003 0.045312500000000006
3 0.45 0.4265625 0.025 0.037500000000000006
3 0.41484375 0.37343750000000003 0.0203125 0.028125
4 0.27890625 0.3765625 0.0234375 0.028125
5 0.40390625 0.28359375000000003 0.026562500000000003 0.0421875
3 0.44296875 0.34765625 0.0234375 0.026562500000000003
3 0.37890625 0.25859375 0.0171875 0.0203125
3 0.43828125 0.2546875 0.0171875 0.025
3 0.33359375 0.22265625 0.0171875 0.0140625
4 0.31015625 0.1953125 0.0171875 0.025
3 0.28359375000000003 0.19062500000000002 0.0171875 0.018750000000000003
3 0.3125 0.15000000000000002 0.015625 0.0125
3 0.34375 0.13203125000000002 0.015625 0.010937500000000001
8 0.40468750000000003 0.12421875 0.021875000000000002 0.0484375
3 0.40468750000000003 0.08359375000000001 0.015625 0.0171875
4 0.40078125000000003 0.057031250000000006 0.010937500000000001 0.0171875
3 0.3828125 0.041406250000000006 0.0125 0.0171875
4 0.42500000000000004 0.026562500000000003 0.0125 0.018750000000000003
3 0.40468750000000003 0.0234375 0.009375000000000001 0.0125
3 0.38359375 0.026562500000000003 0.010937500000000001 0.018750000000000003
3 0.38359375 0.013281250000000001 0.010937500000000001 0.0140625
3 0.403125 0.009375000000000001 0.0125 0.0125
