3 0.8359375 0.8656250000000001 0.078125 0.171875
3 0.90234375 0.16015625 0.0546875 0.11093750000000001
3 0.36562500000000003 0.0625 0.140625 0.065625
3 0.30625 0.3609375 0.153125 0.07500000000000001
3 0.16015625 0.7671875 0.2078125 0.08125
3 0.55234375 0.057031250000000006 0.0921875 0.0921875
3 0.5710937500000001 0.13593750000000002 0.06406250000000001 0.09062500000000001
3 0.46406250000000004 0.5632812500000001 0.08750000000000001 0.15156250000000002
3 0.30234375 0.5671875000000001 0.09843750000000001 0.146875
3 0.1859375 0.6859375000000001 0.19062500000000002 0.07500000000000001
3 0.11406250000000001 0.8445312500000001 0.1875 0.09843750000000001
3 0.32421875 0.30859375 0.1640625 0.0578125
3 0.3296875 0.2625 0.153125 0.0625
4 0.0890625 0.9328125 0.17500000000000002 0.09062500000000001
4 0.37890625 0.1453125 0.15156250000000002 0.07500000000000001
2 0.1421875 0.40234375 0.034375 0.026562500000000003
0 0.4453125 0.23359375000000002 0.028125 0.051562500000000004
0 0.43281250000000004 0.21406250000000002 0.015625 0.03125
3 0.54140625 0.284375 0.0546875 0.125
3 0.4 0.83359375 0.1 0.1484375
0 0.275 0.96015625 0.046875 0.0421875
