5 0.50390625 0.43203125000000003 0.0484375 0.0734375
5 0.515625 0.16484375 0.037500000000000006 0.0703125
5 0.6015625 0.54296875 0.10312500000000001 0.051562500000000004
3 0.81953125 0.7429687500000001 0.07968750000000001 0.0578125
3 0.7289062500000001 0.74765625 0.0390625 0.0734375
3 0.6671875 0.7515625 0.08125 0.043750000000000004
3 0.6726562500000001 0.721875 0.0765625 0.037500000000000006
3 0.80390625 0.65625 0.08281250000000001 0.037500000000000006
3 0.8078125 0.628125 0.08125 0.037500000000000006
3 0.8 0.6039062500000001 0.078125 0.029687500000000002
3 0.78125 0.54609375 0.065625 0.0328125
3 0.7875000000000001 0.5789062500000001 0.078125 0.035937500000000004
3 0.7718750000000001 0.52578125 0.06875 0.029687500000000002
3 0.74921875 0.39921875 0.060937500000000006 0.029687500000000002
3 0.8695312500000001 0.46406250000000004 0.0390625 0.037500000000000006
3 0.8203125 0.3328125 0.03125 0.034375
3 0.73828125 0.36562500000000003 0.060937500000000006 0.028125
3 0.7210937500000001 0.309375 0.0546875 0.025
3 0.79296875 0.2515625 0.026562500000000003 0.025
4 0.7445312500000001 0.41953125 0.0546875 0.0328125
3 0.4546875 0.38671875 0.028125 0.0328125
3 0.26171875 0.80859375 0.0484375 0.0703125
3 0.7328125000000001 0.10859375 0.021875000000000002 0.0234375
3 0.7039062500000001 0.03359375 0.0171875 0.0171875
3 0.6578125 0.07109375 0.028125 0.0203125
3 0.6578125 0.06171875 0.034375 0.0203125
3 0.66015625 0.0578125 0.0390625 0.021875000000000002
3 0.65234375 0.041406250000000006 0.0328125 0.0203125
3 0.6515625 0.03671875 0.037500000000000006 0.0203125
3 0.64453125 0.017968750000000002 0.0328125 0.0203125
0 0.5203125000000001 0.74375 0.0125 0.021875000000000002
0 0.53125 0.7351562500000001 0.015625 0.0234375
0 0.6125 0.7429687500000001 0.009375000000000001 0.0234375
1 0.6015625 0.7390625000000001 0.00625 0.0125
0 0.94453125 0.584375 0.0140625 0.028125
0 0.9453125 0.59609375 0.0125 0.0203125
9 0.9796875 0.74375 0.018750000000000003 0.025
9 0.9750000000000001 0.72265625 0.018750000000000003 0.029687500000000002
9 0.734375 0.8046875 0.046875 0.021875000000000002
9 0.50390625 0.7921875 0.0328125 0.028125
9 0.253125 0.953125 0.018750000000000003 0.034375
1 0.50390625 0.784375 0.0140625 0.021875000000000002
1 0.7367187500000001 0.8 0.0171875 0.021875000000000002
1 0.9203125000000001 0.91171875 0.015625 0.0234375
9 0.91953125 0.9187500000000001 0.0390625 0.028125
0 0.765625 0.1234375 0.009375000000000001 0.018750000000000003
0 0.7109375 0.08671875000000001 0.00625 0.0203125
0 0.47578125000000004 0.35703125 0.010937500000000001 0.0203125
0 0.5046875000000001 0.39140625 0.009375000000000001 0.0171875
8 0.56484375 0.69453125 0.060937500000000006 0.0734375
