3 0.21328125 0.91171875 0.1265625 0.06406250000000001
4 0.19687500000000002 0.8625 0.115625 0.078125
3 0.46953125 0.9070312500000001 0.0734375 0.11093750000000001
3 0.64609375 0.81171875 0.0765625 0.0921875
3 0.48671875000000003 0.7718750000000001 0.08281250000000001 0.10312500000000001
4 0.41484375 0.6687500000000001 0.09843750000000001 0.084375
3 0.18203125 0.7625000000000001 0.1203125 0.065625
3 0.5359375000000001 0.62890625 0.065625 0.0765625
3 0.60703125 0.5828125000000001 0.06406250000000001 0.07187500000000001
3 0.66328125 0.6742187500000001 0.0671875 0.07968750000000001
3 0.15703125 0.72265625 0.1015625 0.0578125
3 0.17500000000000002 0.63203125 0.10312500000000001 0.0546875
4 0.15156250000000002 0.6804687500000001 0.109375 0.0703125
3 0.14921875 0.571875 0.08281250000000001 0.046875
3 0.44921875 0.49296875 0.0546875 0.060937500000000006
3 0.5578125 0.50546875 0.059375000000000004 0.0703125
3 0.509375 0.41875 0.043750000000000004 0.05
3 0.41015625 0.39921875 0.0703125 0.0578125
3 0.44140625 0.30078125 0.045312500000000006 0.0484375
3 0.15234375 0.54140625 0.1046875 0.0421875
3 0.14609375 0.50546875 0.0921875 0.035937500000000004
3 0.13828125 0.48046875 0.09531250000000001 0.029687500000000002
3 0.1203125 0.44765625000000003 0.08750000000000001 0.045312500000000006
3 0.13046875 0.42265625 0.0859375 0.0390625
3 0.1 0.39921875 0.08750000000000001 0.0421875
3 0.08671875000000001 0.37343750000000003 0.0703125 0.040625
3 0.09296875 0.3375 0.08281250000000001 0.040625
3 0.3171875 0.26328125 0.037500000000000006 0.045312500000000006
3 0.40859375000000003 0.2515625 0.0421875 0.040625
3 0.24140625000000002 0.17734375000000002 0.0328125 0.045312500000000006
3 0.284375 0.178125 0.037500000000000006 0.034375
3 0.38359375 0.20703125 0.0421875 0.045312500000000006
3 0.34375 0.13984375000000002 0.034375 0.0328125
3 0.2671875 0.06640625 0.034375 0.0328125
3 0.22421875000000002 0.06953125 0.0328125 0.029687500000000002
3 0.16953125000000002 0.037500000000000006 0.026562500000000003 0.037500000000000006
3 0.21406250000000002 0.02109375 0.021875000000000002 0.026562500000000003
5 0.28984375 0.04296875 0.026562500000000003 0.035937500000000004
3 0.08203125 0.31328125 0.0703125 0.026562500000000003
4 0.09375 0.29140625000000003 0.059375000000000004 0.0328125
4 0.08203125 0.26640625 0.0703125 0.035937500000000004
3 0.07109375 0.23828125 0.060937500000000006 0.0234375
3 0.07187500000000001 0.21406250000000002 0.065625 0.028125
3 0.06171875 0.19687500000000002 0.060937500000000006 0.025
3 0.05 0.17734375000000002 0.07500000000000001 0.026562500000000003
3 0.04296875 0.15234375 0.0671875 0.0328125
3 0.0484375 0.13203125000000002 0.059375000000000004 0.0234375
3 0.03828125 0.11484375000000001 0.060937500000000006 0.029687500000000002
3 0.05 0.09921875000000001 0.065625 0.029687500000000002
3 0.037500000000000006 0.08671875000000001 0.059375000000000004 0.0234375
3 0.0390625 0.07109375 0.059375000000000004 0.0203125
3 0.0421875 0.0578125 0.05625 0.025
3 0.037500000000000006 0.0421875 0.05 0.025
3 0.27265625 0.02890625 0.029687500000000002 0.0328125
3 0.328125 0.11171875 0.043750000000000004 0.0328125
3 0.36562500000000003 0.17343750000000002 0.037500000000000006 0.037500000000000006
3 0.44296875 0.36953125000000003 0.0546875 0.051562500000000004
3 0.47578125000000004 0.35234375 0.0484375 0.051562500000000004
0 0.010937500000000001 0.11953125 0.00625 0.0171875
0 0.3828125 0.04609375 0.009375000000000001 0.0203125
0 0.33906250000000004 0.07109375 0.00625 0.0203125
0 0.540625 0.11484375000000001 0.00625 0.0203125
0 0.5125000000000001 0.19296875000000002 0.009375000000000001 0.0203125
0 0.49843750000000003 0.19687500000000002 0.00625 0.018750000000000003
9 0.12578125 0.20625000000000002 0.026562500000000003 0.015625
0 0.1484375 0.27968750000000003 0.00625 0.025
0 0.3171875 0.36640625000000004 0.015625 0.0328125
3 0.2625 0.39453125 0.043750000000000004 0.0546875
3 0.31015625 0.5421875 0.06406250000000001 0.065625
0 0.3515625 0.21484375 0.009375000000000001 0.0328125
0 0.36484375 0.21484375 0.0078125 0.0234375
3 0.4375 0.041406250000000006 0.03125 0.026562500000000003
3 0.47734375 0.037500000000000006 0.0328125 0.028125
3 0.43828125 0.07578125000000001 0.06406250000000001 0.026562500000000003
3 0.553125 0.029687500000000002 0.03125 0.025
3 0.5906250000000001 0.02890625 0.028125 0.0234375
3 0.6078125000000001 0.10312500000000001 0.037500000000000006 0.037500000000000006
3 0.5140625 0.0078125 0.034375 0.0125
9 0.58515625 0.246875 0.026562500000000003 0.021875000000000002
9 0.53125 0.171875 0.028125 0.018750000000000003
9 0.5046875000000001 0.14921875 0.021875000000000002 0.0140625
9 0.49296875 0.12812500000000002 0.0234375 0.015625
9 0.3671875 0.56171875 0.025 0.0546875
1 0.36562500000000003 0.546875 0.015625 0.028125
0 0.7421875 0.37734375000000003 0.00625 0.026562500000000003
0 0.7546875000000001 0.42812500000000003 0.00625 0.025
0 0.6937500000000001 0.42265625 0.009375000000000001 0.026562500000000003
3 0.6898437500000001 0.353125 0.1046875 0.09375
0 0.7171875000000001 0.2515625 0.00625 0.021875000000000002
3 0.7640625000000001 0.8453125 0.08750000000000001 0.10312500000000001
3 0.7093750000000001 0.7484375000000001 0.078125 0.084375
3 0.8406250000000001 0.5593750000000001 0.07187500000000001 0.059375000000000004
4 0.78828125 0.48828125 0.0578125 0.0734375
0 0.84765625 0.47187500000000004 0.010937500000000001 0.028125
0 0.78828125 0.36953125000000003 0.010937500000000001 0.0234375
0 0.7765625 0.43125 0.009375000000000001 0.025
0 0.775 0.35390625000000003 0.0125 0.029687500000000002
0 0.909375 0.45937500000000003 0.00625 0.025
0 0.8953125000000001 0.453125 0.00625 0.015625
0 0.8921875 0.49609375 0.015625 0.0328125
