3 0.38828125 0.23515625 0.060937500000000006 0.1453125
3 0.7640625000000001 0.30078125 0.05625 0.1296875
3 0.76953125 0.12187500000000001 0.060937500000000006 0.13125
3 0.7757812500000001 0.48281250000000003 0.0578125 0.134375
3 0.08828125 0.96484375 0.1203125 0.060937500000000006
3 0.1046875 0.6421875 0.1375 0.0625
3 0.109375 0.7742187500000001 0.13125 0.0859375
3 0.10390625 0.40937500000000004 0.1421875 0.06875
3 0.09296875 0.31953125000000004 0.1265625 0.060937500000000006
3 0.09375 0.22265625 0.13125 0.060937500000000006
3 0.096875 0.04609375 0.12812500000000002 0.060937500000000006
