3 0.44296875 0.8328125000000001 0.0890625 0.16875
6 0.3609375 0.7421875 0.115625 0.10312500000000001
4 0.3359375 0.68515625 0.125 0.1390625
3 0.2578125 0.6648437500000001 0.13125 0.1421875
3 0.19296875000000002 0.63671875 0.1421875 0.1421875
4 0.10078125 0.61484375 0.11093750000000001 0.1234375
3 0.034375 0.58203125 0.06875 0.0734375
3 0.11406250000000001 0.41328125000000004 0.10625000000000001 0.0921875
3 0.246875 0.35703125 0.09375 0.07968750000000001
3 0.27968750000000003 0.30390625000000004 0.109375 0.06406250000000001
3 0.36796875 0.2625 0.0671875 0.07500000000000001
0 0.47109375000000003 0.27968750000000003 0.0171875 0.037500000000000006
0 0.496875 0.27187500000000003 0.018750000000000003 0.034375
0 0.48203125 0.184375 0.0171875 0.040625
0 0.43828125 0.13515625 0.0171875 0.0328125
5 0.58515625 0.30390625000000004 0.13593750000000002 0.0703125
3 0.5734375 0.21328125 0.1125 0.060937500000000006
3 0.5640625 0.18515625000000002 0.09375 0.045312500000000006
3 0.546875 0.14453125 0.10312500000000001 0.0421875
2 0.56875 0.06953125 0.037500000000000006 0.0203125
3 0.53671875 0.049218750000000006 0.0921875 0.045312500000000006
1 0.86875 0.23671875 0.025 0.0203125
3 0.96484375 0.10312500000000001 0.0578125 0.065625
