4 0.790625 0.30078125 0.12187500000000001 0.0671875
3 0.6125 0.5 0.1875 0.078125
0 0.8421875000000001 0.6125 0.034375 0.07187500000000001
0 0.84296875 0.71796875 0.029687500000000002 0.08281250000000001
0 0.87109375 0.73203125 0.029687500000000002 0.051562500000000004
0 0.246875 0.7578125 0.034375 0.08125
0 0.26796875000000003 0.7484375000000001 0.035937500000000004 0.08125
0 0.11015625000000001 0.6921875000000001 0.0390625 0.08125
0 0.10859375 0.546875 0.0390625 0.06875
2 0.035937500000000004 0.52578125 0.05 0.045312500000000006
