3 0.7992187500000001 0.6937500000000001 0.0390625 0.03125
3 0.7546875000000001 0.6570312500000001 0.028125 0.0203125
3 0.6960937500000001 0.70234375 0.035937500000000004 0.029687500000000002
3 0.7265625 0.72578125 0.040625 0.0328125
3 0.77265625 0.76875 0.051562500000000004 0.040625
3 0.8109375000000001 0.796875 0.05 0.05
3 0.84765625 0.8304687500000001 0.0546875 0.0546875
3 0.89765625 0.86328125 0.08281250000000001 0.060937500000000006
3 0.875 0.7875000000000001 0.059375000000000004 0.046875
3 0.92109375 0.8140625 0.0765625 0.065625
