3 0.055468750000000004 0.34296875000000004 0.0328125 0.0140625
3 0.17421875 0.30703125000000003 0.0390625 0.0171875
5 0.07109375 0.29921875000000003 0.060937500000000006 0.026562500000000003
5 0.043750000000000004 0.37265625 0.059375000000000004 0.026562500000000003
5 0.1375 0.38984375000000004 0.040625 0.0203125
4 0.1078125 0.34609375000000003 0.037500000000000006 0.0171875
4 0.22812500000000002 0.3296875 0.043750000000000004 0.021875000000000002
3 0.22968750000000002 0.31015625 0.037500000000000006 0.0171875
3 0.21796875000000002 0.353125 0.0390625 0.018750000000000003
3 0.16562500000000002 0.35078125000000004 0.040625 0.0171875
3 0.037500000000000006 0.27968750000000003 0.037500000000000006 0.015625
3 0.19609375 0.0125 0.0203125 0.025
3 0.20703125 0.06796875000000001 0.026562500000000003 0.026562500000000003
8 0.30703125000000003 0.029687500000000002 0.0328125 0.040625
8 0.33437500000000003 0.12421875 0.043750000000000004 0.0484375
5 0.371875 0.13593750000000002 0.028125 0.037500000000000006
3 0.27890625 0.1390625 0.026562500000000003 0.03125
3 0.37890625 0.19687500000000002 0.026562500000000003 0.03125
3 0.37890625 0.22968750000000002 0.0234375 0.028125
8 0.371875 0.284375 0.037500000000000006 0.046875
3 0.40625 0.23593750000000002 0.025 0.034375
0 0.40468750000000003 0.28359375000000003 0.00625 0.0078125
0 0.28984375 0.27968750000000003 0.004687500000000001 0.009375000000000001
0 0.29531250000000003 0.28671875 0.00625 0.010937500000000001
0 0.30703125000000003 0.28515625 0.004687500000000001 0.0078125
0 0.2828125 0.29140625000000003 0.00625 0.0140625
0 0.2609375 0.28515625 0.00625 0.0078125
0 0.19687500000000002 0.26171875 0.00625 0.0140625
8 0.246875 0.44140625 0.096875 0.035937500000000004
4 0.2890625 0.42421875000000003 0.043750000000000004 0.0234375
3 0.4109375 0.42109375000000004 0.043750000000000004 0.0171875
8 0.48125 0.25625000000000003 0.053125000000000006 0.046875
4 0.509375 0.38046875 0.043750000000000004 0.029687500000000002
3 0.53671875 0.41875 0.0421875 0.021875000000000002
8 0.446875 0.37734375000000003 0.10625000000000001 0.0671875
8 0.47968750000000004 0.453125 0.05625 0.028125
5 0.49609375 0.43046875 0.0671875 0.0328125
4 0.60703125 0.42421875000000003 0.0390625 0.0203125
4 0.6546875000000001 0.33515625000000004 0.043750000000000004 0.026562500000000003
8 0.70078125 0.3140625 0.1046875 0.046875
4 0.67890625 0.40937500000000004 0.045312500000000006 0.018750000000000003
4 0.64453125 0.45 0.045312500000000006 0.018750000000000003
3 0.6875 0.43359375 0.040625 0.0171875
3 0.70078125 0.47890625000000003 0.045312500000000006 0.0171875
3 0.62890625 0.47578125000000004 0.0390625 0.0171875
5 0.759375 0.45156250000000003 0.10312500000000001 0.034375
4 0.84375 0.43828125 0.046875 0.0171875
4 0.8851562500000001 0.4625 0.045312500000000006 0.021875000000000002
3 0.7703125000000001 0.43203125000000003 0.040625 0.0140625
