3 0.146875 0.55390625 0.028125 0.045312500000000006
3 0.21250000000000002 0.13593750000000002 0.0125 0.0125
3 0.20234375000000002 0.0921875 0.010937500000000001 0.015625
3 0.74921875 0.1640625 0.0171875 0.015625
3 0.734375 0.14375000000000002 0.018750000000000003 0.015625
3 0.1921875 0.13125 0.015625 0.018750000000000003
3 0.19609375 0.08203125 0.010937500000000001 0.0140625
3 0.284375 0.05 0.021875000000000002 0.0125
3 0.25234375000000003 0.02890625 0.010937500000000001 0.010937500000000001
3 0.41640625000000003 0.03828125 0.010937500000000001 0.0140625
3 0.4109375 0.115625 0.025 0.015625
3 0.48203125 0.0421875 0.010937500000000001 0.0125
3 0.49296875 0.03828125 0.0140625 0.0171875
3 0.5085937500000001 0.037500000000000006 0.010937500000000001 0.015625
3 0.5234375 0.037500000000000006 0.0125 0.0125
3 0.7210937500000001 0.13203125000000002 0.0171875 0.0171875
3 0.43828125 0.025781250000000002 0.0171875 0.0140625
3 0.1046875 0.484375 0.021875000000000002 0.040625
8 0.17500000000000002 0.30000000000000004 0.028125 0.05
0 0.10390625 0.44453125000000004 0.010937500000000001 0.0171875
0 0.19765625 0.46796875000000004 0.010937500000000001 0.0203125
9 0.21250000000000002 0.19843750000000002 0.009375000000000001 0.015625
9 0.09765625 0.35781250000000003 0.0140625 0.021875000000000002
