3 0.60546875 0.8289062500000001 0.0546875 0.1296875
3 0.9140625 0.80859375 0.13125 0.0734375
3 0.5796875 0.290625 0.034375 0.078125
3 0.6078125000000001 0.053125000000000006 0.03125 0.0625
3 0.77734375 0.28671875 0.0390625 0.0734375
5 0.6015625 0.13984375000000002 0.059375000000000004 0.1234375
6 0.7875000000000001 0.45156250000000003 0.028125 0.05
9 0.77109375 0.20078125000000002 0.0328125 0.026562500000000003
9 0.77734375 0.22578125000000002 0.0328125 0.0234375
9 0.71640625 0.17109375000000002 0.0171875 0.0328125
9 0.71640625 0.23828125 0.0171875 0.0328125
9 0.71015625 0.30703125000000003 0.0171875 0.0328125
9 0.7765625 0.35703125 0.028125 0.0328125
9 0.71640625 0.553125 0.0171875 0.043750000000000004
9 0.5734375 0.553125 0.021875000000000002 0.053125000000000006
9 0.85859375 0.71875 0.0484375 0.025
9 0.9242187500000001 0.68515625 0.0546875 0.0328125
9 0.8601562500000001 0.515625 0.026562500000000003 0.046875
9 0.503125 0.7093750000000001 0.05 0.021875000000000002
9 0.22812500000000002 0.6890625 0.046875 0.03125
9 0.25078125 0.53671875 0.045312500000000006 0.0203125
2 0.47578125000000004 0.58125 0.0390625 0.021875000000000002
2 0.37265625 0.534375 0.0328125 0.018750000000000003
2 0.509375 0.56953125 0.043750000000000004 0.0203125
2 0.63984375 0.24140625000000002 0.010937500000000001 0.0328125
0 0.75390625 0.140625 0.0140625 0.025
0 0.8203125 0.2015625 0.0125 0.025
0 0.8484375000000001 0.8460937500000001 0.028125 0.026562500000000003
0 0.4703125 0.7296875 0.021875000000000002 0.025
9 0.671875 0.83359375 0.015625 0.0578125
1 0.49296875 0.7054687500000001 0.010937500000000001 0.0234375
1 0.5046875000000001 0.70859375 0.015625 0.0234375
1 0.5734375 0.5484375 0.015625 0.0125
1 0.578125 0.5375 0.015625 0.015625
1 0.47500000000000003 0.57421875 0.018750000000000003 0.0234375
1 0.37109375 0.52890625 0.0171875 0.026562500000000003
1 0.51015625 0.5625 0.0171875 0.025
1 0.6726562500000001 0.8289062500000001 0.0171875 0.0234375
1 0.8640625000000001 0.7171875000000001 0.028125 0.025
1 0.92890625 0.68515625 0.026562500000000003 0.0234375
1 0.71640625 0.5453125 0.0203125 0.025
1 0.77734375 0.353125 0.0234375 0.025
1 0.7109375 0.30390625000000004 0.0125 0.0203125
1 0.71640625 0.234375 0.010937500000000001 0.025
