0 0.03828125 0.47265625 0.010937500000000001 0.0234375
3 0.0484375 0.49609375 0.03125 0.0234375
0 0.06015625 0.47890625000000003 0.004687500000000001 0.0234375
4 0.06953125 0.47109375000000003 0.029687500000000002 0.026562500000000003
0 0.146875 0.34453125 0.009375000000000001 0.0171875
3 0.19062500000000002 0.35703125 0.025 0.0203125
3 0.32109375 0.18906250000000002 0.010937500000000001 0.0125
4 0.27421875 0.25 0.0171875 0.015625
3 0.284375 0.24375000000000002 0.021875000000000002 0.015625
4 0.31093750000000003 0.21640625000000002 0.018750000000000003 0.0140625
0 0.33359375 0.19375 0.004687500000000001 0.0125
3 0.3953125 0.16562500000000002 0.0125 0.009375000000000001
3 0.40468750000000003 0.13828125 0.015625 0.0078125
3 0.40937500000000004 0.14921875 0.015625 0.010937500000000001
3 0.45937500000000003 0.15937500000000002 0.0125 0.009375000000000001
3 0.4421875 0.2921875 0.015625 0.0125
4 0.49843750000000003 0.33437500000000003 0.015625 0.015625
0 0.22968750000000002 0.5875 0.009375000000000001 0.015625
0 0.25234375000000003 0.58359375 0.0078125 0.0203125
0 0.54140625 0.5710937500000001 0.004687500000000001 0.0203125
0 0.5453125 0.5710937500000001 0.00625 0.0203125
3 0.6125 0.48203125 0.043750000000000004 0.026562500000000003
8 0.57421875 0.45234375000000004 0.0546875 0.0390625
8 0.5421875 0.26015625000000003 0.015625 0.010937500000000001
8 0.5234375 0.35703125 0.025 0.035937500000000004
5 0.5242187500000001 0.32109375 0.026562500000000003 0.029687500000000002
3 0.5375 0.31328125 0.0125 0.010937500000000001
5 0.78125 0.45156250000000003 0.028125 0.037500000000000006
