3 0.08281250000000001 0.15937500000000002 0.028125 0.034375
4 0.03671875 0.15234375 0.035937500000000004 0.0421875
4 0.13125 0.14609375 0.03125 0.0421875
3 0.08281250000000001 0.09140625000000001 0.028125 0.0328125
4 0.07734375 0.03359375 0.026562500000000003 0.0234375
0 0.284375 0.8078125 0.015625 0.03125
0 0.0890625 0.6375000000000001 0.015625 0.03125
0 0.08125 0.6312500000000001 0.0125 0.03125
0 0.73828125 0.8250000000000001 0.0171875 0.043750000000000004
0 0.5476562500000001 0.5546875 0.0171875 0.028125
0 0.56796875 0.52890625 0.0140625 0.0328125
0 0.5867187500000001 0.5484375 0.0140625 0.03125
0 0.6023437500000001 0.5398437500000001 0.010937500000000001 0.0328125
0 0.6195312500000001 0.52734375 0.010937500000000001 0.0390625
0 0.6234375000000001 0.56796875 0.0125 0.0328125
0 0.6351562500000001 0.56796875 0.010937500000000001 0.029687500000000002
0 0.4546875 0.43125 0.0125 0.025
0 0.42734375 0.43515625 0.010937500000000001 0.0203125
0 0.415625 0.43515625 0.009375000000000001 0.0203125
5 0.359375 0.64609375 0.059375000000000004 0.1015625
5 0.33906250000000004 0.51484375 0.05 0.0921875
5 0.45234375000000004 0.73828125 0.1015625 0.2109375
3 0.3515625 0.5867187500000001 0.037500000000000006 0.0390625
8 0.3828125 0.47890625000000003 0.05625 0.09531250000000001
5 0.42265625 0.2390625 0.0421875 0.059375000000000004
5 0.37812500000000004 0.10625000000000001 0.028125 0.046875
3 0.32734375000000004 0.1421875 0.0203125 0.018750000000000003
3 0.33828125000000003 0.13359375 0.0203125 0.0203125
4 0.35390625000000003 0.09843750000000001 0.0171875 0.037500000000000006
4 0.35000000000000003 0.1125 0.015625 0.021875000000000002
5 0.3375 0.05390625 0.018750000000000003 0.029687500000000002
5 0.35078125000000004 0.07500000000000001 0.0234375 0.028125
3 0.37734375000000003 0.0734375 0.010937500000000001 0.018750000000000003
3 0.42109375000000004 0.0703125 0.0171875 0.015625
3 0.41484375 0.0578125 0.0140625 0.018750000000000003
4 0.83125 0.45859375 0.078125 0.0921875
3 0.940625 0.56640625 0.059375000000000004 0.060937500000000006
