5 0.24140625000000002 0.9046875000000001 0.2734375 0.11875000000000001
5 0.29140625000000003 0.728125 0.2703125 0.12187500000000001
5 0.31093750000000003 0.6484375 0.275 0.109375
5 0.3125 0.56640625 0.234375 0.1015625
5 0.32343750000000004 0.5078125 0.21250000000000002 0.1
5 0.34921875 0.434375 0.19843750000000002 0.09062500000000001
5 0.39375000000000004 0.3828125 0.203125 0.115625
5 0.7890625 0.5890625 0.240625 0.1
5 0.7406250000000001 0.91171875 0.23125 0.11406250000000001
5 0.77734375 0.66953125 0.22968750000000002 0.1171875
5 0.79453125 0.4609375 0.22968750000000002 0.1125
