0 0.06406250000000001 0.9398437500000001 0.018750000000000003 0.0234375
3 0.028125 0.91953125 0.040625 0.0546875
3 0.014843750000000001 0.82578125 0.029687500000000002 0.0390625
3 0.06406250000000001 0.7546875000000001 0.028125 0.037500000000000006
3 0.09843750000000001 0.70625 0.028125 0.037500000000000006
3 0.04453125 0.6984375 0.026562500000000003 0.028125
4 0.032031250000000004 0.6484375 0.0203125 0.028125
3 0.06171875 0.6484375 0.0234375 0.028125
3 0.09296875 0.6125 0.0171875 0.025
3 0.06015625 0.6117187500000001 0.0171875 0.0203125
3 0.025781250000000002 0.6312500000000001 0.0171875 0.018750000000000003
3 0.04453125 0.5945312500000001 0.0171875 0.0171875
3 0.0203125 0.60703125 0.018750000000000003 0.0203125
3 0.04296875 0.58359375 0.0140625 0.0171875
3 0.0171875 0.5875 0.0125 0.0125
3 0.010937500000000001 0.57578125 0.015625 0.0171875
3 0.03359375 0.5632812500000001 0.0140625 0.0140625
3 0.0054687500000000005 0.55859375 0.010937500000000001 0.010937500000000001
3 0.0328125 0.52890625 0.0125 0.0140625
3 0.0054687500000000005 0.5453125 0.010937500000000001 0.0125
3 0.01640625 0.5296875 0.010937500000000001 0.0125
3 0.01015625 0.51875 0.0078125 0.009375000000000001
3 0.00625 0.5085937500000001 0.009375000000000001 0.0078125
3 0.004687500000000001 0.5015625 0.009375000000000001 0.009375000000000001
