8 0.12109375 0.94921875 0.1171875 0.09843750000000001
8 0.1046875 0.9148437500000001 0.09375 0.11406250000000001
0 0.13828125 0.86484375 0.0078125 0.026562500000000003
0 0.08125 0.8921875 0.009375000000000001 0.021875000000000002
8 0.19687500000000002 0.8406250000000001 0.10312500000000001 0.1
0 0.19687500000000002 0.8125 0.00625 0.018750000000000003
0 0.23515625 0.7875000000000001 0.004687500000000001 0.0125
0 0.275 0.7664062500000001 0.00625 0.0140625
0 0.24609375 0.7875000000000001 0.004687500000000001 0.0125
0 0.246875 0.77890625 0.00625 0.010937500000000001
9 0.1953125 0.7367187500000001 0.018750000000000003 0.0140625
1 0.19609375 0.7351562500000001 0.010937500000000001 0.010937500000000001
8 0.3515625 0.7468750000000001 0.09062500000000001 0.09375
8 0.4140625 0.68125 0.059375000000000004 0.084375
9 0.49843750000000003 0.95859375 0.009375000000000001 0.0234375
1 0.49765625 0.95703125 0.010937500000000001 0.0140625
4 0.28515625 0.9398437500000001 0.035937500000000004 0.0328125
4 0.5906250000000001 0.8445312500000001 0.028125 0.0484375
4 0.28359375000000003 0.9031250000000001 0.0484375 0.037500000000000006
4 0.37734375000000003 0.8078125 0.0328125 0.037500000000000006
3 0.33828125000000003 0.86328125 0.0328125 0.0328125
3 0.29140625000000003 0.8695312500000001 0.0390625 0.0390625
3 0.32265625000000003 0.81953125 0.0328125 0.035937500000000004
3 0.40390625 0.7625000000000001 0.029687500000000002 0.03125
3 0.44296875 0.6898437500000001 0.026562500000000003 0.029687500000000002
4 0.42500000000000004 0.7265625 0.028125 0.03125
8 0.45234375000000004 0.7296875 0.035937500000000004 0.05
3 0.59609375 0.7093750000000001 0.026562500000000003 0.03125
3 0.92578125 0.9398437500000001 0.0234375 0.0421875
3 0.9296875 0.403125 0.021875000000000002 0.021875000000000002
3 0.9031250000000001 0.35781250000000003 0.015625 0.018750000000000003
3 0.9007812500000001 0.321875 0.010937500000000001 0.015625
3 0.90390625 0.28125 0.0140625 0.015625
8 0.9617187500000001 0.33203125 0.0203125 0.035937500000000004
3 0.82734375 0.0078125 0.010937500000000001 0.009375000000000001
3 0.8656250000000001 0.03671875 0.009375000000000001 0.010937500000000001
4 0.8914062500000001 0.059375000000000004 0.010937500000000001 0.0125
3 0.83125 0.06406250000000001 0.009375000000000001 0.009375000000000001
3 0.83125 0.07890625000000001 0.00625 0.010937500000000001
3 0.84921875 0.0890625 0.0078125 0.009375000000000001
3 0.8328125000000001 0.1 0.009375000000000001 0.009375000000000001
8 0.81015625 0.1046875 0.0171875 0.03125
4 0.88671875 0.15234375 0.010937500000000001 0.0171875
3 0.8757812500000001 0.14375000000000002 0.010937500000000001 0.009375000000000001
3 0.8546875 0.15625 0.009375000000000001 0.0125
3 0.7828125 0.15937500000000002 0.0125 0.0125
4 0.7484375000000001 0.1796875 0.015625 0.0125
4 0.79453125 0.184375 0.0140625 0.0125
8 0.89609375 0.1796875 0.026562500000000003 0.043750000000000004
8 0.8625 0.20390625 0.025 0.0421875
8 0.8460937500000001 0.27187500000000003 0.026562500000000003 0.05
5 0.82578125 0.1953125 0.0171875 0.021875000000000002
3 0.74375 0.22031250000000002 0.015625 0.0125
3 0.765625 0.25546875 0.015625 0.010937500000000001
3 0.8187500000000001 0.26015625000000003 0.0125 0.0140625
3 0.7000000000000001 0.28359375000000003 0.015625 0.0140625
3 0.62890625 0.34296875000000004 0.0203125 0.0140625
3 0.7125 0.30312500000000003 0.015625 0.0125
3 0.78125 0.33125000000000004 0.015625 0.018750000000000003
4 0.84765625 0.33828125000000003 0.010937500000000001 0.0234375
3 0.7039062500000001 0.35781250000000003 0.0171875 0.0125
4 0.6625000000000001 0.42578125 0.021875000000000002 0.0203125
4 0.73984375 0.35625 0.0171875 0.025
8 0.753125 0.38046875 0.018750000000000003 0.0234375
8 0.7976562500000001 0.4 0.0328125 0.0625
4 0.6671875 0.5015625 0.021875000000000002 0.03125
3 0.6078125000000001 0.5164062500000001 0.021875000000000002 0.0203125
