3 0.6359375 0.9375 0.10312500000000001 0.1
3 0.3921875 0.8031250000000001 0.1125 0.046875
4 0.36953125000000003 0.7445312500000001 0.1078125 0.0546875
4 0.29609375 0.6742187500000001 0.1078125 0.0546875
4 0.23203125000000002 0.59140625 0.0703125 0.035937500000000004
3 0.22109375 0.56015625 0.0890625 0.0390625
4 0.05078125 0.415625 0.06406250000000001 0.03125
3 0.134375 0.28125 0.053125000000000006 0.028125
3 0.5085937500000001 0.55078125 0.0546875 0.045312500000000006
3 0.67109375 0.5867187500000001 0.0765625 0.045312500000000006
3 0.609375 0.5421875 0.06875 0.040625
3 0.5554687500000001 0.4921875 0.060937500000000006 0.040625
3 0.50703125 0.45 0.0484375 0.034375
3 0.4609375 0.42578125 0.046875 0.0421875
8 0.63046875 0.45859375 0.1171875 0.1046875
8 0.5320312500000001 0.39296875000000003 0.11406250000000001 0.0921875
8 0.6335937500000001 0.28359375000000003 0.1546875 0.0578125
3 0.79609375 0.30078125 0.0703125 0.029687500000000002
3 0.47890625000000003 0.2921875 0.0671875 0.03125
0 0.34453125 0.22421875000000002 0.0140625 0.0234375
1 0.14609375 0.2328125 0.0078125 0.015625
9 0.14609375 0.24453125 0.0234375 0.010937500000000001
3 0.049218750000000006 0.27734375 0.0421875 0.0234375
3 0.1296875 0.21171875 0.028125 0.0234375
3 0.16015625 0.20859375000000002 0.026562500000000003 0.0234375
3 0.17343750000000002 0.1875 0.028125 0.028125
3 0.10859375 0.1921875 0.0234375 0.028125
3 0.1421875 0.1921875 0.028125 0.025
3 0.09296875 0.17421875 0.0203125 0.0234375
3 0.10703125000000001 0.1640625 0.0328125 0.021875000000000002
3 0.028125 0.09453125000000001 0.03125 0.0140625
3 0.017968750000000002 0.08125 0.0203125 0.0125
