0 0.8445312500000001 0.9382812500000001 0.0390625 0.06406250000000001
0 0.278125 0.6828125 0.021875000000000002 0.0625
3 0.5164062500000001 0.46953125 0.1296875 0.0578125
3 0.82734375 0.4296875 0.1421875 0.059375000000000004
3 0.07890625000000001 0.434375 0.11406250000000001 0.053125000000000006
5 0.209375 0.284375 0.115625 0.07187500000000001
5 0.11796875000000001 0.25859375 0.1015625 0.0484375
0 0.27968750000000003 0.25859375 0.015625 0.029687500000000002
0 0.3203125 0.2703125 0.015625 0.037500000000000006
0 0.31171875000000004 0.25859375 0.0140625 0.029687500000000002
3 0.36640625000000004 0.265625 0.08281250000000001 0.040625
