1 0.045312500000000006 0.6390625000000001 0.028125 0.05625
3 0.74609375 0.92890625 0.27968750000000003 0.1390625
0 0.86875 0.55078125 0.05 0.060937500000000006
0 0.47421875 0.5554687500000001 0.029687500000000002 0.0578125
2 0.44609375 0.5515625000000001 0.0859375 0.07187500000000001
7 0.36640625000000004 0.57734375 0.11406250000000001 0.1703125
1 0.14609375 0.4625 0.0421875 0.053125000000000006
1 0.1171875 0.28515625 0.028125 0.035937500000000004
0 0.0171875 0.3171875 0.028125 0.046875
0 0.11796875000000001 0.24375000000000002 0.026562500000000003 0.053125000000000006
0 0.096875 0.23984375000000002 0.028125 0.051562500000000004
6 0.20625000000000002 0.39296875000000003 0.09375 0.09531250000000001
6 0.184375 0.43671875000000004 0.08125 0.11093750000000001
6 0.16171875000000002 0.30312500000000003 0.051562500000000004 0.09062500000000001
6 0.057031250000000006 0.2828125 0.045312500000000006 0.096875
2 0.671875 0.2484375 0.05625 0.06875
0 0.578125 0.15156250000000002 0.037500000000000006 0.05625
