3 0.7671875 0.51171875 0.209375 0.11406250000000001
3 0.7890625 0.72421875 0.259375 0.15781250000000002
3 0.7992187500000001 0.6234375000000001 0.23593750000000002 0.084375
3 0.7453125 0.41250000000000003 0.153125 0.096875
5 0.44921875 0.7742187500000001 0.4109375 0.26406250000000003
5 0.44296875 0.92578125 0.4421875 0.1484375
3 0.81015625 0.8984375 0.2578125 0.140625
4 0.81015625 0.9617187500000001 0.3171875 0.0765625
0 0.4265625 0.13593750000000002 0.025 0.043750000000000004
0 0.40703125 0.1375 0.0234375 0.053125000000000006
