0 0.9304687500000001 0.49296875 0.0390625 0.08281250000000001
0 0.8250000000000001 0.453125 0.040625 0.09062500000000001
0 0.7890625 0.46953125 0.043750000000000004 0.0890625
0 0.7781250000000001 0.36484375 0.046875 0.1015625
0 0.7453125 0.37812500000000004 0.05 0.09062500000000001
0 0.596875 0.4265625 0.037500000000000006 0.08125
0 0.5359375000000001 0.390625 0.05 0.09062500000000001
0 0.5484375 0.32890625 0.046875 0.08281250000000001
0 0.51015625 0.32421875 0.0546875 0.0859375
0 0.55859375 0.2828125 0.0546875 0.1
0 0.64609375 0.3375 0.0484375 0.09375
0 0.6687500000000001 0.29609375 0.046875 0.0890625
0 0.7046875 0.27968750000000003 0.040625 0.08750000000000001
0 0.6179687500000001 0.2671875 0.0546875 0.10625000000000001
1 0.8718750000000001 0.1453125 0.037500000000000006 0.059375000000000004
2 0.8765625 0.18046875 0.037500000000000006 0.0765625
