7 0.43359375 0.8796875000000001 0.18906250000000002 0.19375
6 0.8132812500000001 0.5078125 0.1296875 0.096875
0 0.8421875000000001 0.29765625 0.034375 0.0734375
0 0.82734375 0.055468750000000004 0.035937500000000004 0.060937500000000006
0 0.8046875 0.06875 0.05 0.065625
9 0.8078125 0.07265625 0.0625 0.0484375
1 0.6796875 0.1078125 0.037500000000000006 0.065625
6 0.7039062500000001 0.11484375000000001 0.1046875 0.0578125
1 0.65234375 0.1875 0.0328125 0.059375000000000004
1 0.6765625000000001 0.22109375 0.03125 0.0484375
9 0.6796875 0.23515625 0.07500000000000001 0.0546875
9 0.6726562500000001 0.18359375 0.11093750000000001 0.0734375
7 0.61484375 0.30625 0.08281250000000001 0.140625
9 0.3671875 0.25703125 0.07500000000000001 0.060937500000000006
1 0.13203125000000002 0.20859375000000002 0.0484375 0.051562500000000004
9 0.1453125 0.2171875 0.09062500000000001 0.05
7 0.08828125 0.26796875000000003 0.1640625 0.1078125
0 0.16015625 0.028125 0.0484375 0.053125000000000006
1 0.22421875000000002 0.0546875 0.0390625 0.05625
9 0.23125 0.0625 0.078125 0.05
9 0.31093750000000003 0.07578125000000001 0.065625 0.0578125
9 0.33359375 0.08984375 0.0578125 0.0578125
9 0.359375 0.10625000000000001 0.0625 0.06875
9 0.38671875 0.06484375 0.0578125 0.060937500000000006
