3 0.8203125 0.59609375 0.043750000000000004 0.0484375
3 0.859375 0.54296875 0.0625 0.0328125
3 0.90390625 0.48125 0.06406250000000001 0.025
5 0.28515625 0.328125 0.0328125 0.053125000000000006
3 0.8421875000000001 0.6734375 0.05 0.043750000000000004
2 0.31171875000000004 0.39453125 0.010937500000000001 0.0171875
2 0.25 0.2890625 0.009375000000000001 0.015625
6 0.25 0.31171875000000004 0.0125 0.0203125
3 0.240625 0.17343750000000002 0.015625 0.018750000000000003
3 0.2171875 0.12265625000000001 0.0125 0.0171875
3 0.17500000000000002 0.09843750000000001 0.015625 0.0125
