3 0.16718750000000002 0.9171875 0.225 0.1
3 0.2515625 0.8609375 0.209375 0.09062500000000001
3 0.3171875 0.80234375 0.21875 0.08281250000000001
2 0.30859375 0.7296875 0.0546875 0.043750000000000004
9 0.25625000000000003 0.6875 0.05 0.043750000000000004
5 0.49062500000000003 0.52109375 0.06875 0.0703125
3 0.434375 0.4390625 0.115625 0.043750000000000004
3 0.44609375 0.40625 0.1046875 0.037500000000000006
4 0.45156250000000003 0.3875 0.096875 0.040625
4 0.44609375 0.37343750000000003 0.1015625 0.040625
3 0.44453125000000004 0.3640625 0.08281250000000001 0.034375
3 0.46484375 0.35468750000000004 0.08281250000000001 0.034375
3 0.525 0.23984375000000002 0.028125 0.026562500000000003
3 0.56171875 0.24921875000000002 0.029687500000000002 0.026562500000000003
4 0.6648437500000001 0.16718750000000002 0.0390625 0.028125
4 0.6664062500000001 0.14140625 0.0328125 0.0171875
3 0.7265625 0.14609375 0.034375 0.010937500000000001
3 0.9437500000000001 0.6195312500000001 0.07187500000000001 0.0671875
3 0.91953125 0.55625 0.060937500000000006 0.05625
1 0.81796875 0.5046875000000001 0.0171875 0.034375
9 0.81796875 0.5164062500000001 0.0171875 0.0328125
3 0.89609375 0.50234375 0.0578125 0.051562500000000004
4 0.8875000000000001 0.453125 0.05 0.046875
3 0.8515625 0.33359375 0.034375 0.029687500000000002
3 0.8390625 0.27968750000000003 0.03125 0.028125
3 0.8171875000000001 0.21640625000000002 0.025 0.0203125
3 0.8093750000000001 0.1859375 0.021875000000000002 0.015625
0 0.83984375 0.1953125 0.004687500000000001 0.018750000000000003
3 0.8054687500000001 0.15546875000000002 0.0390625 0.0140625
1 0.7609375 0.1625 0.00625 0.0125
9 0.7609375 0.16718750000000002 0.018750000000000003 0.0125
3 0.80078125 0.10859375 0.010937500000000001 0.010937500000000001
3 0.8031250000000001 0.11328125 0.0125 0.010937500000000001
3 0.8031250000000001 0.11796875000000001 0.015625 0.0140625
3 0.74375 0.10390625 0.0125 0.010937500000000001
3 0.765625 0.10390625 0.0125 0.010937500000000001
3 0.7718750000000001 0.08750000000000001 0.0125 0.00625
3 0.7921875 0.08515625 0.009375000000000001 0.0078125
3 0.74921875 0.059375000000000004 0.0078125 0.00625
5 0.7523437500000001 0.04296875 0.0078125 0.0078125
5 0.7289062500000001 0.06640625 0.0140625 0.0203125
4 0.7195312500000001 0.10390625 0.0171875 0.0171875
5 0.72265625 0.0921875 0.0140625 0.015625
3 0.8734375000000001 0.10390625 0.028125 0.010937500000000001
3 0.8890625000000001 0.096875 0.028125 0.009375000000000001
4 0.92890625 0.08984375 0.026562500000000003 0.010937500000000001
4 0.9828125000000001 0.08281250000000001 0.025 0.0125
3 0.96796875 0.08125 0.0234375 0.009375000000000001
3 0.9320312500000001 0.0734375 0.0078125 0.00625
4 0.92109375 0.08515625 0.0203125 0.010937500000000001
3 0.96640625 0.078125 0.0203125 0.009375000000000001
3 0.9625 0.0734375 0.018750000000000003 0.009375000000000001
3 0.9578125000000001 0.07187500000000001 0.025 0.009375000000000001
3 0.9460937500000001 0.06640625 0.0171875 0.0078125
3 0.94296875 0.06406250000000001 0.0203125 0.00625
3 0.9359375000000001 0.06171875 0.018750000000000003 0.0078125
3 0.9328125 0.059375000000000004 0.018750000000000003 0.00625
3 0.9148437500000001 0.05234375 0.0203125 0.0078125
3 0.83515625 0.04296875 0.0171875 0.0078125
0 0.3796875 0.26328125 0.0125 0.026562500000000003
3 0.9078125 0.07578125000000001 0.021875000000000002 0.0078125
3 0.90234375 0.07578125000000001 0.0203125 0.0078125
3 0.9 0.07109375 0.021875000000000002 0.010937500000000001
4 0.88203125 0.057031250000000006 0.0234375 0.010937500000000001
5 0.54140625 0.16484375 0.026562500000000003 0.026562500000000003
0 0.8562500000000001 0.1953125 0.00625 0.021875000000000002
