2 0.025781250000000002 0.8703125 0.0328125 0.06875
1 0.025 0.8515625 0.034375 0.053125000000000006
2 0.10859375 0.8609375 0.0390625 0.07187500000000001
1 0.1078125 0.8445312500000001 0.037500000000000006 0.0703125
1 0.4546875 0.921875 0.03125 0.07187500000000001
1 0.40625 0.9476562500000001 0.037500000000000006 0.0921875
2 0.36953125000000003 0.84296875 0.0484375 0.0703125
1 0.34375 0.78828125 0.028125 0.0546875
0 0.240625 0.8796875000000001 0.037500000000000006 0.096875
1 0.278125 0.8703125 0.040625 0.059375000000000004
1 0.17734375000000002 0.8054687500000001 0.035937500000000004 0.060937500000000006
1 0.10078125 0.7390625000000001 0.0328125 0.0625
1 0.14609375 0.7742187500000001 0.026562500000000003 0.06406250000000001
1 0.1296875 0.7625000000000001 0.028125 0.053125000000000006
4 0.9015625 0.296875 0.08750000000000001 0.05625
5 0.3875 0.3453125 0.10312500000000001 0.053125000000000006
0 0.41484375 0.3640625 0.0140625 0.043750000000000004
0 0.43515625 0.3640625 0.0140625 0.053125000000000006
2 0.290625 0.37890625 0.040625 0.0328125
1 0.290625 0.3671875 0.018750000000000003 0.046875
4 0.034375 0.3125 0.05625 0.043750000000000004
5 0.08671875000000001 0.325 0.09843750000000001 0.065625
4 0.7171875000000001 0.5421875 0.1125 0.08750000000000001
4 0.5789062500000001 0.5 0.11093750000000001 0.08750000000000001
