3 0.9070312500000001 0.415625 0.0765625 0.025
3 0.48828125 0.5328125 0.0765625 0.034375
3 0.5234375 0.58515625 0.084375 0.0328125
3 0.5890625 0.57265625 0.09062500000000001 0.035937500000000004
3 0.62890625 0.565625 0.08281250000000001 0.037500000000000006
3 0.659375 0.55859375 0.06875 0.035937500000000004
3 0.7171875000000001 0.59609375 0.07500000000000001 0.0390625
3 0.76328125 0.63828125 0.0765625 0.0421875
3 0.74609375 0.47421875 0.0671875 0.029687500000000002
3 0.9539062500000001 0.49296875 0.0703125 0.0328125
3 0.8953125000000001 0.790625 0.12812500000000002 0.046875
3 0.8375 0.8093750000000001 0.134375 0.05
3 0.7953125000000001 0.83984375 0.134375 0.0484375
3 0.609375 0.90546875 0.125 0.051562500000000004
3 0.5320312500000001 0.75546875 0.0921875 0.0484375
3 0.41015625 0.6335937500000001 0.0890625 0.0421875
3 0.11875000000000001 0.5632812500000001 0.037500000000000006 0.045312500000000006
5 0.07734375 0.55234375 0.0328125 0.0421875
4 0.026562500000000003 0.53515625 0.034375 0.0390625
3 0.8453125 0.55625 0.0625 0.034375
3 0.753125 0.6804687500000001 0.08125 0.0484375
3 0.5421875 0.6125 0.06875 0.034375
5 0.55625 0.69921875 0.134375 0.060937500000000006
5 0.88046875 0.5 0.15781250000000002 0.07187500000000001
5 0.7937500000000001 0.5140625 0.15937500000000002 0.07187500000000001
5 0.62265625 0.49765625 0.15781250000000002 0.0671875
5 0.7289062500000001 0.52578125 0.15781250000000002 0.0859375
3 0.7367187500000001 0.47890625000000003 0.060937500000000006 0.029687500000000002
3 0.7156250000000001 0.4859375 0.065625 0.03125
3 0.7367187500000001 0.8703125 0.1265625 0.05
3 0.540625 0.940625 0.146875 0.053125000000000006
5 0.64609375 0.6078125000000001 0.09843750000000001 0.053125000000000006
5 0.30390625000000004 0.584375 0.1546875 0.084375
9 0.42812500000000003 0.6781250000000001 0.034375 0.025
1 0.43203125000000003 0.6726562500000001 0.0171875 0.0328125
5 0.18984375 0.8070312500000001 0.30781250000000004 0.1203125
