4 0.5296875 0.9343750000000001 0.11875000000000001 0.12812500000000002
3 0.859375 0.7742187500000001 0.171875 0.2390625
0 0.9578125000000001 0.040625 0.040625 0.037500000000000006
1 0.9187500000000001 0.12187500000000001 0.037500000000000006 0.040625
9 0.9070312500000001 0.11484375000000001 0.0703125 0.0765625
0 0.27968750000000003 0.55078125 0.03125 0.0421875
1 0.33359375 0.9484375 0.026562500000000003 0.037500000000000006
1 0.35703125 0.878125 0.035937500000000004 0.05
9 0.36250000000000004 0.87890625 0.065625 0.060937500000000006
9 0.33906250000000004 0.9390625 0.053125000000000006 0.053125000000000006
0 0.12109375 0.9343750000000001 0.035937500000000004 0.053125000000000006
0 0.022656250000000003 0.98046875 0.026562500000000003 0.035937500000000004
0 0.078125 0.9187500000000001 0.03125 0.034375
0 0.05390625 0.9515625000000001 0.0328125 0.040625
