3 0.1 0.7976562500000001 0.09375 0.2109375
3 0.30781250000000004 0.765625 0.07500000000000001 0.19375
3 0.3984375 0.7609375 0.09375 0.21250000000000002
3 0.51015625 0.7546875000000001 0.0921875 0.22812500000000002
3 0.6140625000000001 0.72578125 0.10625000000000001 0.2171875
3 0.70625 0.71875 0.10312500000000001 0.2
3 0.7976562500000001 0.69921875 0.11406250000000001 0.2078125
3 0.8875000000000001 0.6898437500000001 0.10625000000000001 0.2015625
3 0.8210937500000001 0.08281250000000001 0.15781250000000002 0.14375000000000002
3 0.7703125000000001 0.16171875000000002 0.1625 0.1390625
3 0.21484375 0.34609375000000003 0.1765625 0.1484375
3 0.38125000000000003 0.45937500000000003 0.16875 0.17500000000000002
3 0.15859375 0.42421875000000003 0.1796875 0.15781250000000002
3 0.6625000000000001 0.30859375 0.19062500000000002 0.15156250000000002
3 0.70703125 0.23125 0.1484375 0.134375
3 0.5078125 0.20859375000000002 0.140625 0.1328125
3 0.86484375 0.5515625000000001 0.2234375 0.096875
