0 0.18046875 0.8625 0.0484375 0.059375000000000004
1 0.3828125 0.91171875 0.0625 0.07968750000000001
9 0.38593750000000004 0.89765625 0.096875 0.1390625
1 0.13828125 0.496875 0.0234375 0.034375
0 0.15234375 0.49921875000000004 0.0390625 0.045312500000000006
1 0.56484375 0.375 0.0734375 0.07187500000000001
9 0.5578125 0.384375 0.10312500000000001 0.109375
0 0.94453125 0.54453125 0.0921875 0.060937500000000006
0 0.8992187500000001 0.3796875 0.09843750000000001 0.05625
0 0.721875 0.36796875 0.043750000000000004 0.029687500000000002
0 0.7000000000000001 0.33046875000000003 0.06875 0.051562500000000004
0 0.93125 0.29531250000000003 0.07500000000000001 0.05
0 0.9421875000000001 0.22031250000000002 0.08750000000000001 0.05
1 0.9515625000000001 0.215625 0.034375 0.03125
0 0.6890625 0.078125 0.0625 0.046875
0 0.7210937500000001 0.09843750000000001 0.060937500000000006 0.059375000000000004
1 0.8515625 0.065625 0.0625 0.059375000000000004
1 0.83203125 0.09375 0.0328125 0.03125
