0 0.8609375 0.09453125000000001 0.028125 0.0328125
0 0.84140625 0.10312500000000001 0.0203125 0.034375
0 0.81640625 0.10312500000000001 0.0171875 0.025
0 0.784375 0.09453125000000001 0.025 0.029687500000000002
0 0.72421875 0.15156250000000002 0.0234375 0.025
0 0.66796875 0.01640625 0.0328125 0.029687500000000002
0 0.6585937500000001 0.0484375 0.0328125 0.025
0 0.9203125000000001 0.09531250000000001 0.028125 0.025
4 0.72265625 0.41953125 0.15781250000000002 0.0546875
3 0.70625 0.5906250000000001 0.16875 0.078125
3 0.6953125 0.7640625000000001 0.16875 0.06875
3 0.6953125 0.9515625000000001 0.16875 0.07500000000000001
0 0.8054687500000001 0.90625 0.026562500000000003 0.021875000000000002
0 0.8500000000000001 0.93125 0.021875000000000002 0.034375
0 0.875 0.93515625 0.028125 0.0421875
