0 0.045312500000000006 0.015625 0.0125 0.03125
9 0.02421875 0.11484375000000001 0.0234375 0.0328125
9 0.05078125 0.09062500000000001 0.0203125 0.025
9 0.10390625 0.07734375 0.0203125 0.029687500000000002
3 0.140625 0.509375 0.12187500000000001 0.125
3 0.37109375 0.45859375 0.11093750000000001 0.1171875
6 0.534375 0.45859375 0.07187500000000001 0.0484375
0 0.509375 0.4421875 0.009375000000000001 0.037500000000000006
0 0.52734375 0.3796875 0.010937500000000001 0.040625
3 0.6734375 0.36328125 0.15000000000000002 0.0578125
3 0.8148437500000001 0.31796875 0.1453125 0.0703125
9 0.67578125 0.54296875 0.035937500000000004 0.045312500000000006
3 0.340625 0.9234375 0.146875 0.15000000000000002
3 0.140625 0.9390625 0.125 0.12187500000000001
