9 0.18046875 0.5421875 0.06406250000000001 0.037500000000000006
4 0.5085937500000001 0.05859375 0.0703125 0.1171875
9 0.5906250000000001 0.0703125 0.05 0.025
9 0.5906250000000001 0.09062500000000001 0.053125000000000006 0.025
7 0.584375 0.13515625 0.07187500000000001 0.0390625
3 0.6000000000000001 0.20546875 0.059375000000000004 0.11093750000000001
0 0.6781250000000001 0.1640625 0.015625 0.043750000000000004
0 0.62421875 0.46328125000000003 0.0203125 0.0328125
9 0.52890625 0.23828125 0.045312500000000006 0.0328125
9 0.540625 0.26640625 0.046875 0.029687500000000002
9 0.578125 0.46406250000000004 0.043750000000000004 0.025
9 0.5632812500000001 0.47734375 0.0484375 0.0484375
9 0.503125 0.46953125 0.043750000000000004 0.0390625
9 0.49765625 0.52109375 0.0546875 0.0390625
9 0.5085937500000001 0.5554687500000001 0.0390625 0.0234375
9 0.5015625 0.59140625 0.046875 0.0234375
9 0.57421875 0.6609375000000001 0.0484375 0.040625
9 0.56171875 0.6937500000000001 0.0546875 0.034375
9 0.5578125 0.7265625 0.037500000000000006 0.043750000000000004
3 0.465625 0.7429687500000001 0.05 0.13593750000000002
4 0.53125 0.36484375 0.109375 0.1296875
3 0.61640625 0.32890625 0.060937500000000006 0.1203125
3 0.5140625 0.17734375000000002 0.08125 0.0890625
