4 0.234375 0.18906250000000002 0.09375 0.046875
3 0.45859375 0.19296875000000002 0.0921875 0.045312500000000006
3 0.03359375 0.18828125 0.06406250000000001 0.0390625
0 0.596875 0.07500000000000001 0.015625 0.025
0 0.7562500000000001 0.06953125 0.018750000000000003 0.0328125
9 0.8875000000000001 0.16328125000000002 0.037500000000000006 0.0171875
2 0.38984375000000004 0.12265625000000001 0.0328125 0.0203125
2 0.56953125 0.13125 0.0328125 0.015625
2 0.59765625 0.11953125 0.035937500000000004 0.0140625
1 0.384375 0.11484375000000001 0.018750000000000003 0.0203125
1 0.5640625 0.12421875 0.015625 0.0234375
1 0.59609375 0.11484375000000001 0.0140625 0.0203125
