3 0.05390625 0.7835937500000001 0.0671875 0.026562500000000003
3 0.1375 0.7265625 0.05 0.025
3 0.4703125 0.8390625 0.059375000000000004 0.037500000000000006
3 0.5320312500000001 0.8031250000000001 0.0390625 0.034375
3 0.453125 0.7898437500000001 0.043750000000000004 0.0328125
5 0.3515625 0.63203125 0.07187500000000001 0.0484375
5 0.38984375000000004 0.75 0.0546875 0.046875
5 0.3515625 0.7718750000000001 0.09062500000000001 0.078125
3 0.49843750000000003 0.81171875 0.05625 0.045312500000000006
3 0.5593750000000001 0.7890625 0.053125000000000006 0.043750000000000004
3 0.50390625 0.7898437500000001 0.045312500000000006 0.035937500000000004
3 0.48828125 0.75546875 0.060937500000000006 0.0421875
3 0.53125 0.74609375 0.053125000000000006 0.035937500000000004
3 0.5867187500000001 0.74921875 0.0546875 0.0421875
3 0.59609375 0.7250000000000001 0.0546875 0.021875000000000002
3 0.50546875 0.7171875000000001 0.045312500000000006 0.025
3 0.7601562500000001 0.74140625 0.060937500000000006 0.0234375
3 0.7835937500000001 0.74921875 0.0578125 0.026562500000000003
3 0.77265625 0.7796875000000001 0.0546875 0.025
3 0.565625 0.7117187500000001 0.043750000000000004 0.0171875
3 0.5796875 0.71875 0.059375000000000004 0.03125
3 0.6570312500000001 0.9773437500000001 0.08281250000000001 0.035937500000000004
3 0.6335937500000001 0.96484375 0.0734375 0.029687500000000002
3 0.640625 0.9453125 0.07187500000000001 0.03125
3 0.0671875 0.7390625000000001 0.037500000000000006 0.025
3 0.040625 0.7507812500000001 0.037500000000000006 0.029687500000000002
3 0.09921875000000001 0.7351562500000001 0.0390625 0.026562500000000003
3 0.06015625 0.7671875 0.0390625 0.028125
3 0.084375 0.7578125 0.034375 0.025
3 0.01171875 0.7742187500000001 0.0203125 0.035937500000000004
3 0.0125 0.7507812500000001 0.025 0.035937500000000004
8 0.31640625 0.35859375000000004 0.0484375 0.0328125
3 0.16875 0.32656250000000003 0.018750000000000003 0.015625
3 0.1 0.29921875000000003 0.0125 0.010937500000000001
3 0.9304687500000001 0.328125 0.0171875 0.009375000000000001
3 0.88203125 0.3203125 0.0171875 0.009375000000000001
3 0.946875 0.32421875 0.015625 0.010937500000000001
3 0.875 0.31171875000000004 0.018750000000000003 0.0078125
4 0.7171875000000001 0.46718750000000003 0.028125 0.018750000000000003
9 0.88671875 0.30859375 0.0171875 0.010937500000000001
3 0.8328125000000001 0.31171875000000004 0.015625 0.0078125
3 0.859375 0.32343750000000004 0.015625 0.009375000000000001
3 0.7671875 0.30703125000000003 0.015625 0.0078125
3 0.765625 0.3015625 0.015625 0.009375000000000001
3 0.784375 0.29765625 0.018750000000000003 0.010937500000000001
3 0.6859375000000001 0.29531250000000003 0.015625 0.009375000000000001
5 0.7171875000000001 0.2921875 0.028125 0.018750000000000003
5 0.6414062500000001 0.28125 0.026562500000000003 0.0125
5 0.596875 0.26953125 0.021875000000000002 0.0140625
4 0.6625000000000001 0.284375 0.015625 0.009375000000000001
3 0.6195312500000001 0.2734375 0.010937500000000001 0.009375000000000001
