3 0.73203125 0.13515625 0.0328125 0.060937500000000006
3 0.83203125 0.234375 0.0328125 0.053125000000000006
3 0.7328125000000001 0.31562500000000004 0.034375 0.065625
3 0.83203125 0.31093750000000003 0.026562500000000003 0.0625
3 0.7351562500000001 0.38906250000000003 0.0328125 0.065625
3 0.8375 0.38593750000000004 0.034375 0.065625
3 0.84296875 0.46406250000000004 0.0328125 0.0625
3 0.84765625 0.553125 0.029687500000000002 0.065625
3 0.7445312500000001 0.54921875 0.0390625 0.0703125
3 0.74921875 0.6359375 0.0328125 0.065625
