3 0.07578125000000001 0.35390625000000003 0.1265625 0.0734375
3 0.08750000000000001 0.4109375 0.13125 0.06875
3 0.0859375 0.46953125 0.14375000000000002 0.060937500000000006
3 0.1203125 0.521875 0.125 0.06875
3 0.13125 0.5906250000000001 0.1375 0.084375
3 0.15937500000000002 0.6898437500000001 0.134375 0.11093750000000001
3 0.18671875000000002 0.7796875000000001 0.1421875 0.10312500000000001
3 0.2078125 0.86328125 0.1375 0.09843750000000001
3 0.70078125 0.7921875 0.1015625 0.12812500000000002
3 0.77734375 0.775 0.09531250000000001 0.134375
3 0.8460937500000001 0.7601562500000001 0.09531250000000001 0.13593750000000002
3 0.9242187500000001 0.74765625 0.09843750000000001 0.13593750000000002
3 0.37890625 0.6976562500000001 0.13593750000000002 0.07968750000000001
3 0.37109375 0.6328125 0.1234375 0.07500000000000001
3 0.3375 0.5789062500000001 0.1375 0.0765625
3 0.31562500000000004 0.46953125 0.125 0.0765625
3 0.29453125 0.41171875 0.1265625 0.0734375
3 0.27890625 0.36640625000000004 0.1203125 0.0671875
3 0.26171875 0.32421875 0.11406250000000001 0.060937500000000006
