0 0.02109375 0.16718750000000002 0.026562500000000003 0.025
0 0.20703125 0.9890625000000001 0.026562500000000003 0.021875000000000002
1 0.18046875 0.96796875 0.026562500000000003 0.0203125
1 0.1484375 0.4921875 0.028125 0.028125
1 0.35625 0.4921875 0.034375 0.03125
1 0.50234375 0.37343750000000003 0.0234375 0.025
0 0.1421875 0.11484375000000001 0.021875000000000002 0.0234375
0 0.1765625 0.10234375000000001 0.021875000000000002 0.0234375
0 0.31171875000000004 0.32734375000000004 0.0203125 0.0234375
0 0.34296875000000004 0.36796875 0.0328125 0.026562500000000003
1 0.6507812500000001 0.384375 0.026562500000000003 0.028125
0 0.36171875000000003 0.7671875 0.026562500000000003 0.03125
9 0.14609375 0.4921875 0.060937500000000006 0.034375
9 0.35000000000000003 0.49531250000000004 0.059375000000000004 0.040625
9 0.49609375 0.37734375000000003 0.0484375 0.035937500000000004
9 0.64375 0.38671875 0.053125000000000006 0.0390625
9 0.93671875 0.42734375 0.06406250000000001 0.0546875
9 0.9085937500000001 0.446875 0.0546875 0.0625
9 0.8812500000000001 0.45156250000000003 0.043750000000000004 0.0625
9 0.8640625000000001 0.46015625000000004 0.05 0.060937500000000006
3 0.7367187500000001 0.628125 0.1546875 0.10625000000000001
3 0.6898437500000001 0.446875 0.1296875 0.1125
3 0.8539062500000001 0.36484375 0.1546875 0.11093750000000001
3 0.96875 0.30234375 0.0625 0.09531250000000001
9 0.8953125000000001 0.74609375 0.040625 0.06406250000000001
9 0.9171875 0.73828125 0.046875 0.0671875
9 0.93125 0.7265625 0.05 0.065625
9 0.946875 0.71796875 0.046875 0.0703125
