0 0.30781250000000004 0.37031250000000004 0.05 0.065625
3 0.83984375 0.22187500000000002 0.1609375 0.115625
3 0.89765625 0.16015625 0.1390625 0.11093750000000001
3 0.57734375 0.4546875 0.2234375 0.115625
4 0.6671875 0.33125000000000004 0.15937500000000002 0.140625
3 0.13828125 0.1171875 0.17343750000000002 0.0625
1 0.1390625 0.28515625 0.043750000000000004 0.0484375
9 0.153125 0.2984375 0.065625 0.053125000000000006
0 0.33437500000000003 0.2671875 0.03125 0.05625
0 0.37031250000000004 0.22890625 0.034375 0.0390625
2 0.71484375 0.23984375000000002 0.045312500000000006 0.051562500000000004
