0 0.24609375 0.79609375 0.026562500000000003 0.06406250000000001
0 0.2671875 0.7976562500000001 0.018750000000000003 0.051562500000000004
0 0.2859375 0.79609375 0.025 0.0578125
4 0.3453125 0.453125 0.065625 0.078125
2 0.38906250000000003 0.46953125 0.025 0.035937500000000004
5 0.41718750000000004 0.375 0.134375 0.09062500000000001
5 0.41953125 0.34609375000000003 0.1796875 0.09843750000000001
4 0.30078125 0.3328125 0.0484375 0.06875
0 0.27734375 0.43984375000000003 0.0203125 0.051562500000000004
0 0.26640625 0.40234375 0.0234375 0.045312500000000006
2 0.26875 0.40625 0.0125 0.034375
0 0.22968750000000002 0.34218750000000003 0.015625 0.040625
0 0.27265625 0.31640625 0.0140625 0.0390625
4 0.290625 0.27187500000000003 0.043750000000000004 0.05
9 0.3765625 0.259375 0.037500000000000006 0.025
0 0.240625 0.21796875000000002 0.015625 0.0390625
0 0.321875 0.21484375 0.0125 0.0328125
3 0.2734375 0.22578125000000002 0.037500000000000006 0.0390625
3 0.25234375000000003 0.18515625000000002 0.0390625 0.035937500000000004
2 0.01015625 0.24296875 0.010937500000000001 0.029687500000000002
1 0.00625 0.234375 0.0125 0.03125
9 0.03359375 0.057031250000000006 0.010937500000000001 0.0203125
1 0.03359375 0.05 0.010937500000000001 0.0125
3 0.13203125000000002 0.0625 0.029687500000000002 0.028125
0 0.20859375000000002 0.11953125 0.0140625 0.0328125
3 0.28984375 0.13515625 0.0703125 0.0328125
3 0.26328125 0.1234375 0.0578125 0.025
6 0.20859375000000002 0.026562500000000003 0.0171875 0.025
4 0.25703125 0.03828125 0.0671875 0.0328125
