3 0.296875 0.44453125000000004 0.10625000000000001 0.0703125
3 0.30078125 0.546875 0.051562500000000004 0.07187500000000001
3 0.1859375 0.596875 0.115625 0.07500000000000001
3 0.16953125000000002 0.509375 0.11406250000000001 0.078125
3 0.049218750000000006 0.5710937500000001 0.0921875 0.060937500000000006
3 0.11093750000000001 0.70234375 0.06875 0.0765625
3 0.634375 0.25703125 0.043750000000000004 0.0671875
3 0.2703125 0.096875 0.037500000000000006 0.043750000000000004
9 0.44921875 0.10625000000000001 0.045312500000000006 0.025
9 0.49453125000000003 0.09453125000000001 0.045312500000000006 0.026562500000000003
