1 0.5765625 0.08046875 0.0125 0.0078125
0 0.7171875000000001 0.1265625 0.00625 0.009375000000000001
0 0.3171875 0.19062500000000002 0.009375000000000001 0.009375000000000001
0 0.31796875 0.2015625 0.004687500000000001 0.009375000000000001
0 0.30625 0.19765625 0.009375000000000001 0.0140625
4 0.2015625 0.19687500000000002 0.037500000000000006 0.025
4 0.21015625000000002 0.21171875 0.045312500000000006 0.0421875
3 0.22421875000000002 0.22968750000000002 0.0390625 0.034375
5 0.27265625 0.2734375 0.0671875 0.06875
4 0.09453125000000001 0.3296875 0.0484375 0.037500000000000006
3 0.11015625000000001 0.34453125 0.0390625 0.035937500000000004
4 0.1484375 0.371875 0.043750000000000004 0.040625
4 0.41640625000000003 0.45546875000000003 0.0390625 0.0390625
4 0.45546875000000003 0.41640625000000003 0.035937500000000004 0.035937500000000004
4 0.371875 0.49531250000000004 0.043750000000000004 0.040625
8 0.06015625 0.48046875 0.1046875 0.0921875
0 0.13828125 0.5007812500000001 0.0078125 0.0078125
0 0.12734375 0.52265625 0.010937500000000001 0.010937500000000001
8 0.16875 0.60546875 0.084375 0.07968750000000001
8 0.1859375 0.5484375 0.11875000000000001 0.1125
8 0.16484375 0.52734375 0.1265625 0.11093750000000001
5 0.73984375 0.64453125 0.045312500000000006 0.0390625
3 0.76484375 0.6843750000000001 0.0421875 0.037500000000000006
4 0.8382812500000001 0.66015625 0.045312500000000006 0.0390625
4 0.7015625000000001 0.92578125 0.043750000000000004 0.0421875
4 0.8718750000000001 0.7351562500000001 0.034375 0.035937500000000004
3 0.909375 0.7992187500000001 0.043750000000000004 0.045312500000000006
4 0.9796875 0.9359375000000001 0.037500000000000006 0.05
3 0.8109375000000001 0.47890625000000003 0.037500000000000006 0.0390625
3 0.8765625 0.45390625 0.037500000000000006 0.0390625
4 0.89375 0.47421875 0.040625 0.0421875
4 0.91328125 0.4921875 0.0390625 0.040625
5 0.9593750000000001 0.34296875000000004 0.08125 0.09531250000000001
