3 0.065625 0.82421875 0.09375 0.0703125
3 0.39453125 0.64765625 0.060937500000000006 0.035937500000000004
3 0.49609375 0.6234375000000001 0.0484375 0.028125
3 0.6171875 0.59609375 0.040625 0.0328125
3 0.6273437500000001 0.57421875 0.0390625 0.029687500000000002
3 0.76953125 0.56171875 0.035937500000000004 0.0234375
3 0.6843750000000001 0.54296875 0.028125 0.0203125
3 0.7046875 0.5593750000000001 0.037500000000000006 0.025
3 0.52890625 0.59609375 0.045312500000000006 0.0328125
3 0.55234375 0.5750000000000001 0.0390625 0.028125
3 0.17890625000000002 0.5953125 0.0578125 0.025
