3 0.22578125000000002 0.87421875 0.0671875 0.1390625
9 0.0671875 0.7875000000000001 0.025 0.07187500000000001
9 0.1046875 0.7234375000000001 0.021875000000000002 0.06875
1 0.1078125 0.71015625 0.018750000000000003 0.0328125
1 0.0703125 0.76875 0.018750000000000003 0.034375
3 0.23593750000000002 0.60859375 0.065625 0.11406250000000001
3 0.34453125 0.42812500000000003 0.060937500000000006 0.09375
9 0.22031250000000002 0.46015625000000004 0.025 0.0484375
1 0.2234375 0.45546875000000003 0.018750000000000003 0.029687500000000002
3 0.140625 0.27265625 0.053125000000000006 0.09843750000000001
3 0.21250000000000002 0.284375 0.05 0.09062500000000001
3 0.3296875 0.309375 0.059375000000000004 0.09062500000000001
3 0.32421875 0.21796875000000002 0.0671875 0.09531250000000001
5 0.1421875 0.0578125 0.043750000000000004 0.09062500000000001
2 0.06953125 0.27265625 0.010937500000000001 0.0390625
1 0.07109375 0.26328125 0.0171875 0.029687500000000002
