4 0.76171875 0.28203125 0.31093750000000003 0.1296875
4 0.7953125000000001 0.2 0.309375 0.1375
0 0.91953125 0.059375000000000004 0.051562500000000004 0.10625000000000001
0 0.9343750000000001 0.0390625 0.053125000000000006 0.07500000000000001
0 0.8859375 0.057031250000000006 0.059375000000000004 0.11093750000000001
0 0.85546875 0.05234375 0.0578125 0.1015625
0 0.8929687500000001 0.6078125000000001 0.0890625 0.125
0 0.765625 0.9015625 0.09062500000000001 0.12187500000000001
0 0.73984375 0.83984375 0.06406250000000001 0.0890625
1 0.6828125 0.85859375 0.05625 0.0921875
0 0.7312500000000001 0.50234375 0.043750000000000004 0.06406250000000001
0 0.04296875 0.57265625 0.08281250000000001 0.0921875
0 0.52578125 0.59609375 0.1015625 0.1203125
0 0.49921875000000004 0.7859375000000001 0.1203125 0.11875000000000001
0 0.49140625000000004 0.8515625 0.1234375 0.12812500000000002
0 0.478125 0.89609375 0.109375 0.1171875
0 0.34375 0.95234375 0.1 0.09531250000000001
0 0.13593750000000002 0.8445312500000001 0.11875000000000001 0.1203125
1 0.6015625 0.6703125000000001 0.08125 0.13125
1 0.22109375 0.85703125 0.07968750000000001 0.0328125
9 0.62109375 0.67578125 0.1640625 0.09531250000000001
9 0.26406250000000003 0.9437500000000001 0.1875 0.10312500000000001
