0 0.15859375 0.9609375 0.0203125 0.040625
0 0.7937500000000001 0.9203125000000001 0.009375000000000001 0.025
0 0.60546875 0.8734375000000001 0.004687500000000001 0.0125
0 0.59609375 0.8734375000000001 0.004687500000000001 0.0125
0 0.26953125 0.8992187500000001 0.0078125 0.0203125
0 0.26640625 0.8953125000000001 0.0078125 0.025
0 0.9515625000000001 0.96015625 0.015625 0.0421875
3 0.3171875 0.9484375 0.043750000000000004 0.037500000000000006
3 0.31796875 0.9078125 0.026562500000000003 0.021875000000000002
3 0.33437500000000003 0.89453125 0.025 0.0203125
8 0.25234375000000003 0.8734375000000001 0.026562500000000003 0.025
3 0.33906250000000004 0.8656250000000001 0.028125 0.0125
3 0.37812500000000004 0.89453125 0.021875000000000002 0.0203125
3 0.46875 0.8984375 0.025 0.018750000000000003
3 0.42734375 0.8828125 0.0171875 0.015625
3 0.40625 0.875 0.015625 0.0125
3 0.3765625 0.8859375 0.021875000000000002 0.0125
3 0.36640625000000004 0.8773437500000001 0.0171875 0.010937500000000001
3 0.35468750000000004 0.8656250000000001 0.025 0.009375000000000001
3 0.3875 0.8695312500000001 0.015625 0.010937500000000001
3 0.38828125 0.8617187500000001 0.010937500000000001 0.0078125
3 0.41484375 0.85859375 0.010937500000000001 0.0078125
3 0.43359375 0.85859375 0.010937500000000001 0.0078125
3 0.4421875 0.85078125 0.00625 0.0078125
4 0.4546875 0.87421875 0.015625 0.0171875
3 0.4546875 0.86640625 0.0125 0.0078125
3 0.45937500000000003 0.8617187500000001 0.009375000000000001 0.0078125
3 0.45937500000000003 0.8578125000000001 0.009375000000000001 0.009375000000000001
3 0.45546875000000003 0.84921875 0.0078125 0.0078125
3 0.6578125 0.9773437500000001 0.11875000000000001 0.045312500000000006
3 0.63828125 0.96484375 0.1078125 0.0328125
3 0.6328125 0.9617187500000001 0.096875 0.035937500000000004
3 0.63046875 0.9554687500000001 0.1046875 0.035937500000000004
3 0.578125 0.94453125 0.084375 0.0328125
3 0.55703125 0.9164062500000001 0.0703125 0.0234375
3 0.56171875 0.91171875 0.0734375 0.0203125
3 0.6953125 0.9398437500000001 0.084375 0.035937500000000004
3 0.6882812500000001 0.9281250000000001 0.0859375 0.025
3 0.67734375 0.9234375 0.0859375 0.025
3 0.6726562500000001 0.91953125 0.0859375 0.0234375
3 0.6570312500000001 0.915625 0.0765625 0.025
3 0.6453125000000001 0.91171875 0.07187500000000001 0.026562500000000003
3 0.6359375 0.9109375000000001 0.06875 0.028125
3 0.8382812500000001 0.915625 0.0765625 0.025
3 0.8210937500000001 0.9109375000000001 0.06406250000000001 0.025
3 0.80859375 0.9078125 0.0671875 0.018750000000000003
3 0.8031250000000001 0.9078125 0.05 0.025
3 0.51875 0.88671875 0.046875 0.0171875
3 0.56875 0.8835937500000001 0.043750000000000004 0.0171875
3 0.7000000000000001 0.88671875 0.05 0.010937500000000001
3 0.6875 0.8835937500000001 0.043750000000000004 0.0140625
3 0.6828125 0.878125 0.043750000000000004 0.0125
3 0.6734375 0.87890625 0.043750000000000004 0.0140625
3 0.6578125 0.8773437500000001 0.043750000000000004 0.0140625
3 0.665625 0.875 0.043750000000000004 0.0125
3 0.6359375 0.87421875 0.043750000000000004 0.0140625
3 0.6453125000000001 0.87109375 0.043750000000000004 0.0140625
3 0.6234375000000001 0.8695312500000001 0.043750000000000004 0.0140625
3 0.628125 0.8695312500000001 0.043750000000000004 0.0140625
3 0.61875 0.86640625 0.043750000000000004 0.0140625
3 0.6015625 0.86328125 0.043750000000000004 0.0140625
3 0.6015625 0.86328125 0.043750000000000004 0.0140625
3 0.5640625 0.878125 0.043750000000000004 0.0125
3 0.5578125 0.875 0.043750000000000004 0.0125
3 0.553125 0.8703125 0.043750000000000004 0.0125
3 0.546875 0.8695312500000001 0.043750000000000004 0.0140625
3 0.5140625 0.87890625 0.043750000000000004 0.0140625
3 0.5078125 0.8773437500000001 0.043750000000000004 0.0140625
3 0.5078125 0.87421875 0.043750000000000004 0.0140625
3 0.5015625 0.8695312500000001 0.043750000000000004 0.0140625
3 0.525 0.8539062500000001 0.009375000000000001 0.0078125
3 0.5421875 0.8546875 0.009375000000000001 0.009375000000000001
0 0.53515625 0.8539062500000001 0.004687500000000001 0.0078125
