4 0.7625000000000001 0.8460937500000001 0.14375000000000002 0.15156250000000002
0 0.26875 0.9187500000000001 0.037500000000000006 0.040625
0 0.2921875 0.9015625 0.03125 0.040625
0 0.07578125000000001 0.8304687500000001 0.026562500000000003 0.0328125
0 0.07187500000000001 0.72265625 0.03125 0.0390625
0 0.017968750000000002 0.6687500000000001 0.026562500000000003 0.037500000000000006
0 0.018750000000000003 0.8757812500000001 0.03125 0.0390625
0 0.05 0.8453125 0.034375 0.046875
0 0.021875000000000002 0.7664062500000001 0.028125 0.0390625
0 0.42031250000000003 0.7734375 0.028125 0.037500000000000006
0 0.70078125 0.5796875 0.026562500000000003 0.034375
0 0.9148437500000001 0.40703125 0.0171875 0.035937500000000004
0 0.8148437500000001 0.4890625 0.0203125 0.037500000000000006
0 0.7984375 0.46640625 0.0125 0.0390625
0 0.7820312500000001 0.46484375 0.0171875 0.0390625
0 0.74375 0.46171875 0.021875000000000002 0.045312500000000006
0 0.95859375 0.35625 0.0140625 0.043750000000000004
0 0.9851562500000001 0.35859375000000004 0.0171875 0.0328125
0 0.84296875 0.43593750000000003 0.0171875 0.040625
0 0.94140625 0.3609375 0.0171875 0.034375
0 0.3875 0.7523437500000001 0.025 0.0390625
0 0.9851562500000001 0.34140625 0.0171875 0.0328125
0 0.97265625 0.33984375 0.0171875 0.0328125
0 0.88671875 0.42421875000000003 0.0203125 0.035937500000000004
0 0.08828125 0.9515625000000001 0.0203125 0.028125
0 0.02734375 0.8226562500000001 0.026562500000000003 0.0390625
0 0.37343750000000003 0.73359375 0.021875000000000002 0.035937500000000004
0 0.40625 0.75546875 0.018750000000000003 0.0390625
0 0.38828125 0.7093750000000001 0.0171875 0.040625
0 0.017968750000000002 0.83203125 0.0328125 0.0421875
