3 0.028125 0.790625 0.043750000000000004 0.025
3 0.084375 0.775 0.05 0.028125
3 0.14921875 0.76328125 0.051562500000000004 0.026562500000000003
3 0.22031250000000002 0.74765625 0.043750000000000004 0.026562500000000003
3 0.09375 0.8953125000000001 0.037500000000000006 0.053125000000000006
3 0.14921875 0.9593750000000001 0.0328125 0.053125000000000006
3 0.10390625 0.853125 0.0328125 0.05
3 0.14375000000000002 0.89453125 0.037500000000000006 0.0484375
3 0.18671875000000002 0.9546875 0.0328125 0.043750000000000004
3 0.509375 0.6890625 0.05 0.028125
3 0.6125 0.6609375000000001 0.040625 0.028125
3 0.7273437500000001 0.63671875 0.0484375 0.026562500000000003
5 0.78671875 0.6273437500000001 0.06406250000000001 0.035937500000000004
3 0.8539062500000001 0.6117187500000001 0.0484375 0.0234375
3 0.9148437500000001 0.80078125 0.0203125 0.045312500000000006
3 0.9796875 0.87890625 0.028125 0.0484375
0 0.1703125 0.79453125 0.015625 0.010937500000000001
0 0.1703125 0.8 0.015625 0.009375000000000001
0 0.30312500000000003 0.7585937500000001 0.018750000000000003 0.0171875
0 0.46640625 0.7140625 0.010937500000000001 0.0125
0 0.6414062500000001 0.66796875 0.010937500000000001 0.010937500000000001
6 0.9296875 0.65625 0.037500000000000006 0.021875000000000002
3 0.9359375000000001 0.12421875 0.053125000000000006 0.0234375
