3 0.0578125 0.2515625 0.037500000000000006 0.040625
3 0.125 0.45390625 0.05625 0.060937500000000006
3 0.3140625 0.7585937500000001 0.09375 0.07968750000000001
3 0.28359375000000003 0.884375 0.1015625 0.10625000000000001
4 0.22031250000000002 0.603125 0.07500000000000001 0.084375
4 0.03359375 0.31484375000000003 0.0421875 0.0546875
4 0.026562500000000003 0.28203125 0.034375 0.0390625
3 0.09843750000000001 0.41328125000000004 0.05625 0.0578125
3 0.18203125 0.55859375 0.0734375 0.06406250000000001
6 0.15859375 0.8656250000000001 0.0734375 0.09062500000000001
9 0.18984375 0.42500000000000004 0.029687500000000002 0.034375
9 0.09765625 0.54453125 0.051562500000000004 0.035937500000000004
