1 0.9460937500000001 0.8656250000000001 0.0171875 0.015625
1 0.9632812500000001 0.8515625 0.010937500000000001 0.015625
1 0.5789062500000001 0.5421875 0.0140625 0.021875000000000002
4 0.47500000000000003 0.59609375 0.059375000000000004 0.0421875
4 0.45546875000000003 0.61328125 0.0765625 0.0484375
3 0.43671875000000004 0.6390625000000001 0.0703125 0.037500000000000006
5 0.38828125 0.7054687500000001 0.1265625 0.0734375
3 0.21328125 0.5640625 0.0671875 0.040625
3 0.19687500000000002 0.584375 0.059375000000000004 0.037500000000000006
4 0.17421875 0.6335937500000001 0.0703125 0.0421875
8 0.13203125000000002 0.43515625 0.1484375 0.08281250000000001
0 0.115625 0.19687500000000002 0.00625 0.018750000000000003
0 0.12421875 0.1953125 0.004687500000000001 0.018750000000000003
8 0.04453125 0.31093750000000003 0.0859375 0.09375
0 0.0390625 0.34765625 0.00625 0.0171875
3 0.060937500000000006 0.9593750000000001 0.078125 0.053125000000000006
