0 0.6890625 0.8625 0.05 0.08125
9 0.96484375 0.6703125000000001 0.051562500000000004 0.12812500000000002
1 0.9656250000000001 0.69140625 0.043750000000000004 0.051562500000000004
1 0.9640625 0.6492187500000001 0.053125000000000006 0.060937500000000006
0 0.7328125000000001 0.5554687500000001 0.040625 0.09531250000000001
5 0.62109375 0.41718750000000004 0.1328125 0.30625
9 0.9242187500000001 0.140625 0.0328125 0.078125
1 0.92734375 0.125 0.035937500000000004 0.046875
0 0.7195312500000001 0.1265625 0.0328125 0.078125
0 0.6875 0.12890625 0.034375 0.0859375
9 0.58828125 0.11015625000000001 0.051562500000000004 0.08281250000000001
1 0.59921875 0.037500000000000006 0.0328125 0.05
