1 0.8406250000000001 0.02421875 0.028125 0.045312500000000006
1 0.8500000000000001 0.040625 0.034375 0.05
3 0.584375 0.32421875 0.109375 0.0765625
4 0.48125 0.27265625 0.1 0.08281250000000001
3 0.31484375000000003 0.021875000000000002 0.08281250000000001 0.043750000000000004
3 0.36328125 0.045312500000000006 0.09843750000000001 0.07500000000000001
3 0.40468750000000003 0.05 0.10312500000000001 0.0625
3 0.43125 0.08046875 0.09062500000000001 0.0734375
3 0.47421875 0.10625000000000001 0.1046875 0.08125
3 0.5140625 0.11796875000000001 0.078125 0.0859375
3 0.553125 0.14609375 0.09375 0.0859375
