3 0.55625 0.29296875 0.025 0.035937500000000004
3 0.38828125 0.6726562500000001 0.0390625 0.0765625
3 0.30703125000000003 0.7390625000000001 0.045312500000000006 0.08125
3 0.21406250000000002 0.8304687500000001 0.046875 0.0890625
3 0.30234375 0.84921875 0.045312500000000006 0.0890625
3 0.39375000000000004 0.946875 0.043750000000000004 0.10625000000000001
5 0.3875 0.8054687500000001 0.059375000000000004 0.1453125
3 0.11093750000000001 0.93359375 0.046875 0.09843750000000001
9 0.44296875 0.018750000000000003 0.010937500000000001 0.018750000000000003
1 0.4421875 0.01171875 0.00625 0.0140625
