3 0.6625000000000001 0.7953125000000001 0.096875 0.12187500000000001
5 0.6734375 0.44140625 0.09062500000000001 0.1265625
5 0.7820312500000001 0.5867187500000001 0.1265625 0.1703125
7 0.9617187500000001 0.44843750000000004 0.045312500000000006 0.053125000000000006
3 0.80625 0.36250000000000004 0.046875 0.037500000000000006
5 0.8640625000000001 0.34296875000000004 0.053125000000000006 0.0578125
5 0.70625 0.30546875 0.059375000000000004 0.06406250000000001
3 0.64609375 0.22109375 0.029687500000000002 0.026562500000000003
3 0.690625 0.22812500000000002 0.03125 0.028125
3 0.765625 0.209375 0.034375 0.025
3 0.8382812500000001 0.20468750000000002 0.0703125 0.021875000000000002
3 0.6546875000000001 0.1625 0.028125 0.021875000000000002
3 0.68359375 0.18125000000000002 0.029687500000000002 0.03125
3 0.7367187500000001 0.184375 0.026562500000000003 0.018750000000000003
3 0.95234375 0.12265625000000001 0.0203125 0.0140625
5 0.94453125 0.10703125000000001 0.0140625 0.0140625
5 0.7664062500000001 0.17421875 0.0203125 0.026562500000000003
4 0.728125 0.16484375 0.021875000000000002 0.0203125
3 0.7195312500000001 0.14375000000000002 0.0203125 0.015625
3 0.7367187500000001 0.12734375 0.0140625 0.0171875
3 0.7125 0.13203125000000002 0.015625 0.010937500000000001
3 0.7078125000000001 0.1203125 0.015625 0.015625
3 0.7265625 0.1203125 0.0125 0.015625
5 0.6648437500000001 0.0921875 0.0171875 0.021875000000000002
5 0.7156250000000001 0.1015625 0.018750000000000003 0.021875000000000002
5 0.71015625 0.10859375 0.0171875 0.010937500000000001
0 0.69453125 0.11328125 0.0078125 0.010937500000000001
3 0.6453125000000001 0.06406250000000001 0.025 0.0125
3 0.64375 0.078125 0.0125 0.0125
3 0.6531250000000001 0.08281250000000001 0.0125 0.0125
