5 0.9343750000000001 0.059375000000000004 0.05 0.07500000000000001
3 0.8968750000000001 0.0421875 0.03125 0.046875
5 0.584375 0.14375000000000002 0.1 0.08125
5 0.5359375000000001 0.15781250000000002 0.1 0.06875
4 0.6117187500000001 0.25859375 0.035937500000000004 0.045312500000000006
3 0.53515625 0.23828125 0.045312500000000006 0.0328125
3 0.49921875000000004 0.25078125 0.0390625 0.0328125
0 0.46640625 0.30390625000000004 0.0140625 0.0203125
3 0.5265625 0.3203125 0.034375 0.037500000000000006
0 0.41484375 0.46015625000000004 0.0171875 0.0171875
5 0.4 0.47265625 0.037500000000000006 0.045312500000000006
4 0.19609375 0.7156250000000001 0.0421875 0.046875
3 0.14296875 0.7351562500000001 0.035937500000000004 0.0421875
3 0.08750000000000001 0.8093750000000001 0.043750000000000004 0.040625
3 0.09843750000000001 0.8406250000000001 0.05 0.053125000000000006
5 0.7273437500000001 0.3828125 0.08281250000000001 0.10625000000000001
3 0.77734375 0.40625 0.045312500000000006 0.05625
3 0.728125 0.49609375 0.05 0.0671875
5 0.6179687500000001 0.5515625000000001 0.1484375 0.225
5 0.55078125 0.72265625 0.0765625 0.0890625
5 0.60078125 0.70234375 0.1453125 0.1921875
3 0.44843750000000004 0.78828125 0.059375000000000004 0.0734375
5 0.503125 0.8132812500000001 0.07500000000000001 0.0859375
3 0.46328125000000003 0.91171875 0.06406250000000001 0.0859375
