0 0.039843750000000004 0.81796875 0.0203125 0.045312500000000006
0 0.01640625 0.8046875 0.0171875 0.040625
0 0.034375 0.7796875000000001 0.018750000000000003 0.046875
0 0.049218750000000006 0.7765625 0.0171875 0.046875
0 0.13515625 0.6828125 0.0171875 0.040625
0 0.09921875000000001 0.6781250000000001 0.0171875 0.040625
0 0.11875000000000001 0.6328125 0.0125 0.034375
0 0.1375 0.640625 0.015625 0.037500000000000006
0 0.15234375 0.6203125 0.0140625 0.034375
0 0.14140625 0.5921875 0.0140625 0.034375
0 0.15234375 0.5945312500000001 0.010937500000000001 0.035937500000000004
0 0.1625 0.6078125000000001 0.0125 0.040625
0 0.209375 0.51328125 0.0125 0.0328125
0 0.18046875 0.51328125 0.010937500000000001 0.0328125
0 0.17109375000000002 0.51015625 0.010937500000000001 0.0328125
0 0.16875 0.5015625 0.015625 0.037500000000000006
0 0.22031250000000002 0.42265625 0.009375000000000001 0.029687500000000002
0 0.23515625 0.42031250000000003 0.010937500000000001 0.03125
0 0.246875 0.42812500000000003 0.0125 0.025
0 0.25234375000000003 0.41484375 0.010937500000000001 0.029687500000000002
0 0.26640625 0.3984375 0.0078125 0.025
0 0.2609375 0.39453125 0.009375000000000001 0.0234375
0 0.21953125 0.37812500000000004 0.010937500000000001 0.025
0 0.20625000000000002 0.37812500000000004 0.0125 0.025
1 0.16953125000000002 0.37734375000000003 0.010937500000000001 0.0140625
0 0.0546875 0.38671875 0.0125 0.0203125
0 0.11328125 0.35781250000000003 0.010937500000000001 0.025
0 0.13671875 0.3453125 0.010937500000000001 0.025
0 0.14609375 0.3453125 0.010937500000000001 0.025
0 0.15859375 0.34218750000000003 0.010937500000000001 0.025
0 0.19843750000000002 0.3046875 0.009375000000000001 0.025
0 0.33359375 0.1390625 0.004687500000000001 0.018750000000000003
0 0.35703125 0.13671875 0.0078125 0.0171875
0 0.3828125 0.14453125 0.009375000000000001 0.0171875
0 0.7859375000000001 0.3984375 0.015625 0.03125
0 0.80859375 0.3984375 0.0171875 0.025
0 0.82578125 0.38593750000000004 0.010937500000000001 0.025
0 0.8140625 0.38203125000000004 0.015625 0.0234375
0 0.8421875000000001 0.38203125000000004 0.015625 0.0203125
0 0.84296875 0.39375000000000004 0.010937500000000001 0.021875000000000002
0 0.853125 0.390625 0.0125 0.025
0 0.86328125 0.3984375 0.0140625 0.025
0 0.9789062500000001 0.33671875 0.0171875 0.0203125
0 0.984375 0.27187500000000003 0.015625 0.021875000000000002
0 0.99375 0.27187500000000003 0.0125 0.021875000000000002
5 0.7546875000000001 0.13125 0.037500000000000006 0.025
3 0.7828125 0.13671875 0.025 0.0171875
0 0.5632812500000001 0.16875 0.010937500000000001 0.015625
0 0.7875000000000001 0.19296875000000002 0.0125 0.0171875
0 0.7937500000000001 0.23046875 0.0125 0.0203125
0 0.7859375000000001 0.2265625 0.0125 0.025
0 0.7765625 0.22578125000000002 0.0125 0.0203125
0 0.84296875 0.23125 0.010937500000000001 0.018750000000000003
0 0.84296875 0.22578125000000002 0.010937500000000001 0.0203125
0 0.909375 0.22109375 0.0125 0.0203125
0 0.90390625 0.22187500000000002 0.010937500000000001 0.018750000000000003
0 0.9734375000000001 0.23515625 0.0125 0.0203125
0 0.9632812500000001 0.23515625 0.0140625 0.0203125
