3 0.9640625 0.22968750000000002 0.037500000000000006 0.040625
4 0.9343750000000001 0.22890625 0.037500000000000006 0.0421875
3 0.84765625 0.27421875 0.026562500000000003 0.0328125
3 0.8093750000000001 0.30234375 0.034375 0.0328125
1 0.91328125 0.33984375 0.0171875 0.0171875
9 0.9234375 0.3484375 0.018750000000000003 0.025
4 0.821875 0.36796875 0.05 0.045312500000000006
3 0.7937500000000001 0.43984375000000003 0.059375000000000004 0.0546875
3 0.5593750000000001 0.62421875 0.053125000000000006 0.0578125
3 0.5078125 0.70234375 0.0625 0.07968750000000001
3 0.47734375 0.8367187500000001 0.08281250000000001 0.0859375
3 0.45 0.8203125 0.06875 0.078125
3 0.34609375000000003 0.8601562500000001 0.0671875 0.0765625
3 0.371875 0.915625 0.07187500000000001 0.08750000000000001
3 0.28046875 0.6734375 0.0171875 0.0125
3 0.24765625000000002 0.7046875 0.010937500000000001 0.009375000000000001
3 0.26796875000000003 0.6734375 0.0171875 0.015625
3 0.25859375 0.6765625000000001 0.010937500000000001 0.015625
3 0.24140625000000002 0.70234375 0.0140625 0.0078125
3 0.22968750000000002 0.7015625000000001 0.015625 0.0125
3 0.25078125 0.6734375 0.0140625 0.009375000000000001
