3 0.22265625 0.8046875 0.060937500000000006 0.1125
3 0.3515625 0.08984375 0.037500000000000006 0.0546875
3 0.45234375000000004 0.34375 0.051562500000000004 0.084375
3 0.9078125 0.31562500000000004 0.059375000000000004 0.078125
3 0.66796875 0.15859375 0.0484375 0.0546875
5 0.43203125000000003 0.628125 0.0859375 0.2
0 0.76484375 0.23593750000000002 0.0140625 0.028125
0 0.7484375000000001 0.30859375 0.015625 0.0234375
0 0.7601562500000001 0.30546875 0.0171875 0.026562500000000003
0 0.77109375 0.30703125000000003 0.0171875 0.026562500000000003
0 0.05390625 0.047656250000000004 0.0140625 0.029687500000000002
0 0.03828125 0.059375000000000004 0.0171875 0.028125
