3 0.6570312500000001 0.80078125 0.0921875 0.09531250000000001
3 0.5984375000000001 0.7453125 0.08750000000000001 0.08750000000000001
5 0.7234375000000001 0.565625 0.05 0.053125000000000006
3 0.64609375 0.5320312500000001 0.0546875 0.0390625
4 0.82578125 0.51328125 0.0421875 0.0421875
5 0.77890625 0.446875 0.045312500000000006 0.053125000000000006
3 0.85546875 0.38984375000000004 0.026562500000000003 0.029687500000000002
3 0.8203125 0.38906250000000003 0.025 0.021875000000000002
3 0.8210937500000001 0.3609375 0.0234375 0.021875000000000002
3 0.84296875 0.37031250000000004 0.0203125 0.018750000000000003
3 0.88046875 0.35781250000000003 0.026562500000000003 0.025
3 0.8601562500000001 0.34453125 0.0203125 0.0203125
3 0.8757812500000001 0.32890625 0.0171875 0.0140625
3 0.8703125 0.31953125000000004 0.015625 0.0140625
3 0.8984375 0.31484375000000003 0.018750000000000003 0.0140625
3 0.9296875 0.30703125000000003 0.015625 0.0140625
3 0.92890625 0.2921875 0.0140625 0.0125
3 0.940625 0.30000000000000004 0.015625 0.0125
3 0.9578125000000001 0.30000000000000004 0.015625 0.015625
3 0.946875 0.2828125 0.009375000000000001 0.009375000000000001
3 0.946875 0.275 0.0125 0.009375000000000001
3 0.9632812500000001 0.275 0.010937500000000001 0.0125
3 0.9789062500000001 0.275 0.010937500000000001 0.0125
3 0.9703125 0.26953125 0.009375000000000001 0.010937500000000001
3 0.98984375 0.2671875 0.010937500000000001 0.009375000000000001
3 0.9906250000000001 0.2625 0.0125 0.009375000000000001
